hold [*] :=
Cuarto  0.875
Entero  2.000
 Medio  1.450
Octavo  0.450
;

TInv [*,*] (tr)
:     Cuarto      Entero     Medio      Octavo      :=
1        0.000      0.000   3564.010    5975.621
2     9547.464      0.000   1907.878    2011.122
3        0.000      0.000      0.000   45468.885
4    19412.260      0.000      0.000       0.000
5    23888.517      0.000      0.000       0.000
6    25235.061      0.000      0.000       0.000
7        0.000   7200.000      0.000       0.000
8        0.000      0.000      0.000   41258.887
9    11200.452      0.000   4414.453       0.000
10       0.000      0.000      0.000   47700.882
11       0.000   5708.801      0.000       0.000
12    9953.349      0.000   4285.476       0.000
13       0.000      0.000      0.000   47891.010
14    7188.323      0.000   4780.071       0.000
15       0.000   5752.836      0.000       0.000
16   17111.731      0.000      0.000       0.000
17    8950.905      0.000   3892.953       0.000
18    9569.453      0.000   4736.165       0.000
19       0.000      0.000      0.000   41304.064
20       0.000   6073.513      0.000       0.000
21    3131.982      0.000   3986.733       0.000
22     693.062      0.000   2905.559   11398.605
23   18062.325      0.000      0.000       0.000
24       0.000      0.000      0.000   40796.376
25    7178.154      0.000   3760.640       0.000
26       0.000   3309.675      0.000   10563.950
27    1215.146      0.000   3795.232       0.000
28   13228.965      0.000      0.000       0.000
29     414.405      0.000      0.000    4512.325
30       0.000      0.000      0.000       0.000
;

hold [*] :=
Cuarto  1.750
Entero  2.000
 Medio  1.450
Octavo  0.450
;

TInv [*,*] (tr)
:     Cuarto      Entero     Medio      Octavo      :=
1        0.000      0.000   3360.680    4517.737
2     9782.829      0.000      0.000    5915.950
3        0.000      0.000      0.000   45094.601
4    14102.377      0.000   2640.917       0.000
5    23102.489      0.000      0.000       0.000
6    24902.490      0.000      0.000       0.000
7        0.000   7200.000      0.000       0.000
8        0.000      0.000      0.000   41258.887
9    10987.965      0.000   4751.695       0.000
10       0.000      0.000      0.000   46823.695
11       0.000   5895.270      0.000       0.000
12    8746.082      0.000   4285.476       0.000
13       0.000      0.000      0.000   47818.834
14    7125.038      0.000   4777.584       0.000
15       0.000   5997.492      0.000       0.000
16   16943.462      0.000      0.000       0.000
17    9009.629      0.000   3908.487       0.000
18    9526.542      0.000   4931.100       0.000
19       0.000      0.000      0.000   41105.230
20       0.000   6043.115      0.000       0.000
21    2867.092      0.000   4314.040       0.000
22       0.000      0.000   2822.711   11849.888
23   17350.953      0.000      0.000       0.000
24       0.000      0.000      0.000   40844.242
25    6515.041      0.000   3734.697       0.000
26       0.000   3344.429      0.000    8158.445
27    1441.618      0.000   3871.601       0.000
28   11425.475      0.000      0.000       0.000
29    1102.004      0.000      0.000    3981.157
30       0.000      0.000      0.000       0.000
;

hold [*] :=
Cuarto  2.625
Entero  2.000
 Medio  1.450
Octavo  0.450
;

TInv [*,*] (tr)
:     Cuarto      Entero     Medio      Octavo      :=
1        0.000      0.000   2766.973    3693.617
2     9620.550      0.000      0.000    4735.010
3        0.000      0.000      0.000   45007.925
4     4333.330      0.000   7140.060       0.000
5    20917.126      0.000      0.000       0.000
6    24199.205      0.000      0.000       0.000
7        0.000   7200.000      0.000       0.000
8        0.000      0.000      0.000   41258.887
9    10253.312      0.000   4995.357       0.000
10       0.000      0.000      0.000   45757.478
11       0.000   5978.735      0.000       0.000
12    7086.907      0.000   4342.208       0.000
13       0.000      0.000      0.000   47739.260
14    4213.620      0.000   4790.963       0.000
15       0.000   4764.253      0.000       0.000
16   16775.192      0.000      0.000       0.000
17    9087.454      0.000   3970.155       0.000
18    9472.817      0.000   5041.748       0.000
19       0.000      0.000      0.000   41232.546
20       0.000   6043.023      0.000       0.000
21    3318.372      0.000   4366.283       0.000
22       0.000      0.000   2494.782   15407.318
23   17196.567      0.000      0.000       0.000
24       0.000      0.000      0.000   42254.180
25    6308.411      0.000   3802.714       0.000
26       0.000   5073.046      0.000       0.000
27    1055.769      0.000   3941.211       0.000
28    7349.051      0.000      0.000       0.000
29       0.000      0.000      0.000   19081.554
30       0.000      0.000      0.000       0.000
;

hold [*] :=
Cuarto  3.500
Entero  2.000
 Medio  1.450
Octavo  0.450
;

TInv [*,*] (tr)
:     Cuarto      Entero     Medio      Octavo      :=
1        0.000      0.000   2679.908    3519.912
2     9523.832      0.000      0.000    4621.531
3        0.000      0.000      0.000   45096.775
4        0.000    840.018   7720.000       0.000
5    20187.179      0.000      0.000       0.000
6    23900.627      0.000      0.000       0.000
7        0.000   7200.000      0.000       0.000
8        0.000      0.000      0.000   41258.887
9    10036.822      0.000   5062.892       0.000
10       0.000      0.000      0.000   45676.223
11       0.000   6042.108      0.000       0.000
12    7048.545      0.000   4347.141       0.000
13       0.000      0.000      0.000   47742.593
14    3705.130      0.000   4792.022       0.000
15       0.000   4618.305      0.000       0.000
16   16606.923      0.000      0.000       0.000
17    9030.654      0.000   3904.204       0.000
18    9433.889      0.000   5012.092       0.000
19       0.000      0.000      0.000   41160.053
20       0.000   6052.849      0.000       0.000
21    2748.692      0.000   4367.723       0.000
22       0.000      0.000   2846.740   11632.451
23   17021.196      0.000      0.000       0.000
24       0.000      0.000      0.000   41765.242
25    6230.163      0.000   3894.915       0.000
26       0.000   5036.169      0.000       0.000
27       0.000      0.000   3530.057       0.000
28    7375.248      0.000      0.000       0.000
29       0.000      0.000      0.000   18435.274
30       0.000      0.000      0.000       0.000
;

hold [*] :=
Cuarto  4.375
Entero  2.000
 Medio  1.450
Octavo  0.450
;

TInv [*,*] (tr)
:     Cuarto      Entero     Medio      Octavo      :=
1        0.000      0.000   2683.521    3497.049
2     9442.317      0.000      0.000    4632.697
3        0.000      0.000      0.000   45146.698
4        0.000    866.498   7675.776       0.000
5    19850.641      0.000      0.000       0.000
6    23709.951      0.000      0.000       0.000
7        0.000   7200.000      0.000       0.000
8        0.000      0.000      0.000   41258.887
9     9921.270      0.000   5079.267       0.000
10       0.000      0.000      0.000   45630.030
11       0.000   6050.543      0.000       0.000
12    7010.796      0.000   4351.112       0.000
13       0.000      0.000      0.000   47743.503
14    3605.832      0.000   4792.709       0.000
15       0.000   4599.017      0.000       0.000
16   16438.654      0.000      0.000       0.000
17    8970.042      0.000   3902.062       0.000
18    9394.525      0.000   5008.338       0.000
19       0.000      0.000      0.000   41187.472
20       0.000   6052.250      0.000       0.000
21    2689.489      0.000   4318.674       0.000
22       0.000      0.000   2858.005   11562.217
23   16845.852      0.000      0.000       0.000
24       0.000      0.000      0.000   41761.542
25    6122.901      0.000   3893.345       0.000
26       0.000   4999.313      0.000       0.000
27       0.000      0.000   3525.792       0.000
28    7308.314      0.000      0.000       0.000
29       0.000      0.000      0.000   18396.459
30       0.000      0.000      0.000       0.000
;

hold [*] :=
Cuarto  5.250
Entero  2.000
 Medio  1.450
Octavo  0.450
;

TInv [*,*] (tr)
:     Cuarto      Entero     Medio      Octavo      :=
1        0.000      0.000   2687.128    3474.179
2     9360.805      0.000      0.000    4685.673
3        0.000      0.000      0.000   45147.127
4        0.000    892.947   7633.999       0.000
5    19514.103      0.000      0.000       0.000
6    23515.837      0.000      0.000       0.000
7        0.000   7200.000      0.000       0.000
8        0.000      0.000      0.000   41258.887
9     9803.608      0.000   5076.753       0.000
10       0.000      0.000      0.000   45594.967
11       0.000   6053.940      0.000       0.000
12    6969.545      0.000   4349.421       0.000
13       0.000      0.000      0.000   47743.262
14    3506.567      0.000   4793.010       0.000
15       0.000   4577.113      0.000       0.000
16   16270.385      0.000      0.000       0.000
17    8902.678      0.000   3899.919       0.000
18    9352.254      0.000   5008.185       0.000
19       0.000      0.000      0.000   41214.894
20       0.000   6052.519      0.000       0.000
21    2630.282      0.000   4309.873       0.000
22       0.000      0.000   2869.520   11491.231
23   16670.534      0.000      0.000       0.000
24       0.000      0.000      0.000   41756.839
25    6014.299      0.000   3891.350       0.000
26       0.000   4962.476      0.000       0.000
27       0.000      0.000   3520.069       0.000
28    7237.993      0.000      0.000       0.000
29       0.000      0.000      0.000   18336.436
30       0.000      0.000      0.000       0.000
;

hold [*] :=
Cuarto  6.125
Entero  2.000
 Medio  1.450
Octavo  0.450
;

TInv [*,*] (tr)
:     Cuarto      Entero     Medio      Octavo      :=
1        0.000      0.000   2890.365    3095.212
2     9841.392      0.000      0.000    2155.831
3        0.000      0.000      0.000   43480.534
4        0.000      0.000   5795.367   13263.451
5    18025.268    210.639      0.000       0.000
6    23010.239      0.000      0.000       0.000
7        0.000   7200.000      0.000       0.000
8        0.000      0.000      0.000   42236.131
9     9303.150      0.000   4927.926       0.000
10       0.000      0.000      0.000   46424.559
11       0.000   6005.407      0.000       0.000
12    4358.911      0.000   4312.768       0.000
13       0.000      0.000      0.000   39398.841
14    3763.269      0.000   4800.568       0.000
15       0.000   4669.299      0.000       0.000
16   16102.115      0.000      0.000       0.000
17    8838.584      0.000   3897.776       0.000
18    9310.692      0.000   5008.361       0.000
19       0.000      0.000      0.000   41242.319
20       0.000   6046.665      0.000       0.000
21    2571.074      0.000   4305.093       0.000
22       0.000      0.000   2881.211   11416.049
23   16495.243      0.000      0.000       0.000
24       0.000      0.000      0.000   41746.618
25    5969.101      0.000   3887.014       0.000
26       0.000   4925.659      0.000       0.000
27       0.000      0.000   3507.939       0.000
28    7148.966      0.000      0.000       0.000
29       0.000      0.000      0.000   18159.311
30       0.000      0.000      0.000       0.000
;

hold [*] :=
Cuarto  7.000
Entero  2.000
 Medio  1.450
Octavo  0.450
;

TInv [*,*] (tr)
:     Cuarto      Entero     Medio      Octavo      :=
1        0.000      0.000   2990.530    3859.882
2     9241.252      0.000      0.000    5429.181
3        0.000      0.000      0.000   43714.276
4     8321.555      0.000   5336.704       0.000
5        0.000   7200.000      0.000       0.000
6    20694.500      0.000      0.000       0.000
7        0.000   7200.000      0.000       0.000
8        0.000      0.000      0.000   41458.302
9     5779.067      0.000   4890.290       0.000
10       0.000      0.000      0.000   42812.150
11    9372.271   1237.936      0.000       0.000
12   11396.975      0.000   4303.271       0.000
13       0.000      0.000      0.000   47573.550
14    2963.777      0.000   4812.151       0.000
15       0.000   4598.123      0.000       0.000
16   15933.846      0.000      0.000       0.000
17    8781.462      0.000   3895.633       0.000
18    9159.066      0.000   5003.304       0.000
19       0.000      0.000      0.000   41269.752
20       0.000   6091.378      0.000       0.000
21    2511.861      0.000   4290.495       0.000
22       0.000      0.000   2892.837   11332.486
23   16319.978      0.000      0.000       0.000
24       0.000      0.000      0.000   41736.391
25    5555.433      0.000   3882.672       0.000
26       0.000   4888.862      0.000       0.000
27       0.000      0.000   3508.834       0.000
28    7059.900      0.000      0.000       0.000
29       0.000      0.000      0.000   17981.925
30       0.000      0.000      0.000       0.000
;

hold [*] :=
Cuarto  7.875
Entero  2.000
 Medio  1.450
Octavo  0.450
;

TInv [*,*] (tr)
:     Cuarto      Entero     Medio      Octavo      :=
1        0.000      0.000   2983.666    3823.244
2     9158.363      0.000      0.000    5403.487
3        0.000      0.000      0.000   44164.702
4     8237.104      0.000   5359.639       0.000
5        0.000   7200.000      0.000       0.000
6    19609.455      0.000      0.000       0.000
7        0.000   7200.000      0.000       0.000
8        0.000      0.000      0.000   40927.754
9     3425.430      0.000   4906.202       0.000
10       0.000      0.000      0.000   32146.088
11    7899.596      0.000      0.000   14559.262
12   10317.595      0.000   4334.051       0.000
13       0.000      0.000      0.000   47507.250
14    3597.552      0.000   4787.355       0.000
15       0.000   4743.097      0.000       0.000
16   15228.502    139.249      0.000       0.000
17    8601.800      0.000   3893.470       0.000
18    9109.254      0.000   5013.337       0.000
19       0.000      0.000      0.000   41297.504
20       0.000   6061.591      0.000       0.000
21    2452.482      0.000   4301.363       0.000
22       0.000      0.000   2901.628   11259.407
23   16044.311     18.285      0.000       0.000
24       0.000      0.000      0.000   41726.320
25    5195.293      0.000   3878.316       0.000
26       0.000   4843.448      0.000       0.000
27       0.000      0.000   3475.650       0.000
28    6970.826      0.000      0.000       0.000
29       0.000      0.000      0.000   17804.355
30       0.000      0.000      0.000       0.000
;

hold [*] :=
Cuarto  8.750
Entero  2.000
 Medio  1.450
Octavo  0.450
;

TInv [*,*] (tr)
:     Cuarto      Entero     Medio      Octavo      :=
1        0.000      0.000   2976.798    3786.452
2     9075.451      0.000      0.000    5193.432
3        0.000      0.000      0.000   44863.185
4     8152.620      0.000   5425.212       0.000
5        0.000   7200.000      0.000       0.000
6    19525.320      0.000      0.000       0.000
7        0.000   7200.000      0.000       0.000
8        0.000      0.000      0.000   40895.516
9     3287.811      0.000   4905.694       0.000
10       0.000      0.000      0.000   31857.692
11    7570.940      0.000      0.000   14824.697
12    9336.186      0.000   4306.251       0.000
13       0.000      0.000      0.000   47602.178
14    2994.768      0.000   4799.513       0.000
15       0.000   4354.442      0.000       0.000
16   15597.306      0.000      0.000       0.001
17    8574.940      0.000   3945.402       0.000
18    9086.710      0.000   5043.950       0.000
19       0.000      0.000      0.000   41408.558
20       0.000   5841.093      0.000       0.000
21    2825.879      0.000   4399.914       0.000
22       0.000      0.000   2627.164   14360.238
23   11523.152    817.586      0.000       0.000
24       0.000      0.000      0.000   42798.582
25    2304.254      0.000   4014.150       0.000
26       0.000   3333.495      0.000       0.000
27    1019.098      0.000   4332.483       0.000
28    8385.647      0.000      0.000       0.000
29       0.000      0.000      0.000   16489.905
30       0.000      0.000      0.000       0.000
;

hold [*] :=
Cuarto  9.625
Entero  2.000
 Medio  1.450
Octavo  0.450
;

TInv [*,*] (tr)
:     Cuarto      Entero     Medio      Octavo      :=
1        0.000      0.000   2969.931    3749.737
2     8992.558      0.000      0.000    5266.904
3        0.000      0.000      0.000   44956.428
4     8068.134      0.000   5456.858       0.000
5        0.000   7200.000      0.000       0.000
6    19441.186      0.000      0.000       0.000
7        0.000   7200.000      0.000       0.000
8        0.000      0.000      0.000   40863.752
9     3151.236      0.000   4906.493       0.000
10       0.000      0.000      0.000   31680.468
11    7244.326      0.000      0.000   15218.461
12    8360.721      0.000   4313.769       0.000
13       0.000      0.000      0.000   47555.090
14    2288.539      0.000   4784.283       0.000
15       0.000   3994.044      0.000       0.000
16       0.000   3908.284      0.000       0.000
17    3452.486      0.000   3974.240       0.000
18    6361.980      0.000   5065.085       0.000
19       0.000      0.000      0.000   38952.691
20       0.000   3559.623      0.000       0.000
21    3014.512      0.000   4398.373       0.000
22       0.000      0.000   2474.707   15630.658
23   12016.653    640.092      0.000       0.000
24       0.000      0.000      0.000   42910.775
25    2244.577      0.000   4004.602       0.000
26       0.000   3328.080      0.000       0.000
27     910.025      0.000   4322.540       0.000
28    8379.166      0.000      0.000       0.000
29       0.000      0.000      0.000   16205.845
30       0.000      0.000      0.000       0.000
;

hold [*] :=
Cuarto  10.500
Entero   2.000
 Medio   1.450
Octavo   0.450
;

TInv [*,*] (tr)
:     Cuarto      Entero     Medio      Octavo      :=
1        0.000      0.000   2963.064    3713.023
2     8909.669      0.000      0.000    5301.035
3        0.000      0.000      0.000   45102.636
4     7983.647      0.000   5503.477       0.000
5        0.000   7200.000      0.000       0.000
6    19357.051      0.000      0.000       0.000
7        0.000   7200.000      0.000       0.000
8        0.000      0.000      0.000   40832.021
9     3014.732      0.000   4914.031       0.000
10       0.000      0.000      0.000   31261.750
11    6917.930      0.000      0.000   15534.299
12    7771.269      0.000   4310.779       0.000
13       0.000      0.000      0.000   47637.275
14    2188.455      0.000   4798.833       0.000
15       0.000   3939.546      0.000       0.000
16       0.000   3729.501      0.000       0.000
17    3252.547      0.000   3979.593       0.000
18    6031.806      0.000   5070.250       0.000
19       0.000      0.000      0.000   38296.954
20       0.000   3608.851      0.000       0.000
21    3015.271      0.000   4474.312       0.000
22       0.000      0.000   2446.107   15319.419
23   11917.303    658.363      0.000       0.002
24       0.000      0.000      0.000   42944.857
25    2184.791      0.000   3995.078       0.000
26       0.000   3322.602      0.000       0.000
27     801.013      0.000   4308.006       0.000
28    8279.951      0.000      0.000       0.000
29       0.000      0.000      0.000   15921.982
30       0.000      0.000      0.000       0.000
;

hold [*] :=
Cuarto  11.375
Entero   2.000
 Medio   1.450
Octavo   0.450
;

TInv [*,*] (tr)
:     Cuarto      Entero     Medio      Octavo      :=
1        0.000      0.000   2956.197    3676.314
2     8826.783      0.000      0.000    5397.683
3        0.000      0.000      0.000   45120.161
4     7899.160      0.000   5542.167       0.000
5        0.000   7200.000      0.000       0.000
6    19272.917      0.000      0.000       0.000
7        0.000   7200.000      0.000       0.000
8        0.000      0.000      0.000   40800.322
9     2878.295      0.000   4916.765       0.000
10       0.000      0.000      0.000   30822.721
11    6591.738      0.000      0.000   15926.876
12    7077.794      0.000   4313.436       0.000
13       0.000      0.000      0.000   47695.843
14    2088.389      0.000   4797.848       0.000
15       0.000   3913.060      0.000       0.000
16       0.000   3723.689      0.000       0.000
17    2969.698      0.000   3946.505       0.000
18    5632.683      0.000   5047.339       0.000
19       0.000      0.000      0.000   37083.141
20       0.000   3609.563      0.000       0.000
21    2708.500      0.000   4411.808       0.000
22       0.000      0.000   2621.907   12944.556
23   11817.961    677.562      0.000       0.000
24       0.000      0.000      0.000   42000.086
25    2414.829      0.000   3994.408       0.000
26       0.000   3486.227      0.000       0.000
27       0.000      0.000   3836.451       0.000
28    7680.733      0.000      0.000       0.000
29       0.000      0.000      0.000   14190.299
30       0.000      0.000      0.000       0.000
;

hold [*] :=
Cuarto  12.250
Entero   2.000
 Medio   1.450
Octavo   0.450
;

TInv [*,*] (tr)
:     Cuarto      Entero     Medio      Octavo      :=
1        0.000      0.000   2949.329    3639.603
2     8743.900      0.000      0.000    5508.672
3        0.000      0.000      0.000   45136.432
4     7814.673      0.000   5582.508       0.001
5        0.000   7200.000      0.000       0.001
6    19188.780      0.000      0.001       0.002
7        0.000   7200.000      0.000       0.001
8        0.000      0.000      0.000   40768.650
9     2741.921      0.000   4919.131       0.001
10       0.000      0.000      0.000   30411.881
11    6265.733      0.000      0.000   16426.012
12    6940.953      0.000   4311.641       0.001
13       0.000      0.000      0.000   47711.245
14    1988.344      0.000   4799.717       0.001
15       0.000   3881.185      0.000       0.002
16       0.000   3720.807      0.000       0.002
17    2774.566      0.000   3953.636       0.001
18    5449.229      0.000   5050.994       0.001
19       0.000      0.000      0.000   36459.103
20       0.000   3603.261      0.000       0.002
21    2723.473      0.000   4420.891       0.001
22       0.000      0.000   2584.215   13184.276
23   11718.624    696.518      0.001       0.019
24       0.000      0.000      0.000   41991.640
25    2338.564      0.000   3990.870       0.000
26       0.000   3471.136      0.000       0.001
27       0.000      0.000   3801.487       0.000
28    7598.016      0.000      0.000       0.001
29       0.000      0.000      0.000   13985.814
30       0.000      0.000      0.000       0.000
;

hold [*] :=
Cuarto  13.125
Entero   2.000
 Medio   1.450
Octavo   0.450
;

TInv [*,*] (tr)
:     Cuarto      Entero     Medio      Octavo      :=
1        0.000      0.000   2942.464    3602.902
2     8661.023      0.000      0.000    5629.462
3        0.000      0.000      0.000   45152.816
4     7730.186      0.000   5617.352       0.000
5        0.000   7200.000      0.000       0.000
6    19104.647      0.000      0.000       0.000
7        0.000   7200.000      0.000       0.000
8        0.000      0.000      0.000   40737.005
9     2605.608      0.000   4924.225       0.000
10       0.000      0.000      0.000   29972.194
11    5939.905      0.000      0.000   16889.149
12    6821.672      0.000   4310.963       0.000
13       0.000      0.000      0.000   47768.669
14    1888.311      0.000   4801.130       0.000
15       0.000   3854.282      0.000       0.000
16       0.000   3720.502      0.000       0.000
17    2579.674      0.000   3960.742       0.000
18    5227.341      0.000   5055.902       0.000
19       0.000      0.000      0.000   35836.481
20       0.000   3602.512      0.000       0.000
21    2738.263      0.000   4434.967       0.000
22       0.000      0.000   2546.341   13420.957
23   11619.297    716.438      0.000       0.000
24       0.000      0.000      0.000   41983.278
25    2262.269      0.000   3987.336       0.000
26       0.000   3456.028      0.000       0.000
27       0.000      0.000   3787.496       0.000
28    7515.376      0.000      0.000       0.000
29       0.000      0.000      0.000   13781.502
30       0.000      0.000      0.000       0.000
;

hold [*] :=
Cuarto  14.000
Entero   2.000
 Medio   1.450
Octavo   0.450
;

TInv [*,*] (tr)
:     Cuarto      Entero     Medio      Octavo      :=
1        0.000      0.000   2935.596    3566.193
2     8578.147      0.000      0.000    5739.845
3        0.000      0.000      0.000   45155.698
4     7645.698      0.000   5661.806       0.001
5        0.000   7200.000      0.000       0.001
6    19020.512      0.000      0.000       0.001
7        0.000   7200.000      0.000       0.001
8        0.000      0.000      0.000   40705.384
9     2469.351      0.000   4925.692       0.000
10       0.000      0.000      0.000   29565.307
11    5614.238      0.000      0.000   17374.789
12    6732.027      0.000   4312.409       0.000
13       0.000      0.000      0.000   47779.131
14    1788.301      0.000   4800.498       0.001
15       0.000   3826.225      0.000       0.001
16       0.000   3716.222      0.000       0.001
17    2385.026      0.000   3967.829       0.000
18    5064.971      0.000   5061.270       0.000
19       0.000      0.000      0.000   35215.324
20       0.000   3595.556      0.000       0.001
21    2752.883      0.000   4449.894       0.000
22       0.000      0.000   2508.841   13651.565
23   11519.974    734.394      0.000       0.010
24       0.000      0.000      0.000   41974.939
25    2185.951      0.000   3983.801       0.000
26       0.000   3440.907      0.000       0.000
27       0.000      0.000   3778.034       0.000
28    7432.744      0.001      0.000       0.002
29       0.000      0.000      0.000   13577.190
30       0.000      0.000      0.000       0.000
;

hold [*] :=
Cuarto  14.875
Entero   2.000
 Medio   1.450
Octavo   0.450
;

TInv [*,*] (tr)
:     Cuarto      Entero     Medio      Octavo      :=
1        0.000      0.000   2928.732    3529.502
2     8495.277      0.000      0.000    5865.107
3        0.000      0.000      0.000   45125.112
4     7561.211      0.000   5699.141       0.000
5        0.000   7200.000      0.000       0.000
6    18936.378      0.000      0.000       0.000
7        0.000   7200.000      0.000       0.000
8        0.000      0.000      0.000   40793.236
9     2454.004      0.000   4927.243       0.000
10       0.000      0.000      0.000   29562.709
11       0.000      0.000      0.000   28381.821
12    2838.036      0.000   4315.646       0.000
13       0.000      0.000      0.000   35623.844
14    2155.604      0.000   4798.208       0.000
15       0.000   4116.757      0.000       0.000
16       0.000   3871.099      0.000       0.000
17    1913.457      0.000   3842.508       0.000
18    4392.423      0.000   4975.885       0.000
19       0.000      0.000      0.000   32728.337
20       0.000   3791.423      0.000       0.000
21    1708.252      0.000   4225.788       0.000
22       0.000      0.000   3175.134    4456.437
23   10895.602      0.000      0.000       0.000
24       0.000      0.000      0.000   41966.585
25    2109.619      0.000   3980.269       0.000
26       0.000   3425.776      0.000       0.000
27       0.000      0.000   3764.105       0.000
28    7350.126      0.000      0.000       0.000
29       0.000      0.000      0.000   13372.784
30       0.000      0.000      0.000       0.000
;

hold [*] :=
Cuarto  15.750
Entero   2.000
 Medio   1.450
Octavo   0.450
;

TInv [*,*] (tr)
:     Cuarto      Entero     Medio      Octavo      :=
1        0.000      0.000   2921.866    3492.806
2     8412.410      0.000      0.000    5981.756
3        0.000      0.000      0.000   45141.181
4     7476.722      0.000   5739.000       0.000
5        0.000   7200.000      0.000       0.000
6    18852.244      0.000      0.000       0.000
7        0.000   7200.000      0.000       0.000
8        0.000      0.000      0.000   40817.247
9     2374.055      0.000   4928.367       0.000
10       0.000      0.000      0.000   29425.078
11       0.000      0.000      0.000   28410.032
12    2758.031      0.000   4313.222       0.000
13       0.000      0.000      0.000   35504.966
14    2067.320      0.000   4799.769       0.000
15       0.000   4106.910      0.000       0.000
16       0.000   3877.244      0.000       0.000
17    1709.686      0.000   3844.923       0.000
18    4019.141      0.000   4972.992       0.000
19       0.000      0.000      0.000   32044.896
20       0.000   3815.024      0.000       0.000
21    1685.506      0.000   4192.412       0.000
22       0.000      0.000   3162.367    3973.364
23   10755.701      0.000      0.000       0.000
24       0.000      0.000      0.000   41464.856
25    2143.890      0.000   3767.302       0.000
26       0.000   3475.173      0.000       0.000
27       0.000      0.000   3204.965       0.000
28    3553.296    932.949      0.000       0.000
29       0.000      0.000      0.000   12161.915
30       0.000      0.000      0.000       0.000
;

hold [*] :=
Cuarto  16.625
Entero   2.000
 Medio   1.450
Octavo   0.450
;

TInv [*,*] (tr)
:     Cuarto      Entero     Medio      Octavo      :=
1        0.000      0.000   2914.999    3456.112
2     8329.544      0.000      0.001    6275.353
3        0.000      0.000      0.000   45000.873
4     7392.231      0.001   5774.692       0.004
5        0.000   7199.999      0.000       0.002
6    18768.100      0.001      0.002       0.007
7        0.000   7199.999      0.000       0.002
8        0.000      0.000      0.000   40841.258
9     2294.106      0.000   4930.427       0.002
10       0.000      0.000      0.000   29523.794
11       0.000      0.000      0.000   28496.516
12    2678.027      0.000   4323.846       0.002
13       0.000      0.000      0.000   35339.817
14    1979.041      0.000   4786.805       0.002
15       0.000   4101.652      0.000       0.002
16       0.000   3878.366      0.000       0.002
17    1553.390      0.001   3842.013       0.002
18    3742.117      0.000   4974.489       0.001
19       0.000      0.000      0.000   31681.389
20       0.000   3814.455      0.000       0.002
21    1620.160      0.000   4202.948       0.002
22       0.000      0.000   3176.567    3661.309
23   10624.095      0.000      0.000       0.002
24       0.000      0.000      0.000   41464.739
25    1923.240      0.000   3767.314       0.001
26       0.000   3375.841      0.000       0.001
27       0.000      0.000   3203.340       0.001
28    2988.251    785.453      0.000       0.001
29       0.000      0.000      0.000   11419.789
30       0.000      0.000      0.000       0.000
;

hold [*] :=
Cuarto  17.500
Entero   2.000
 Medio   1.450
Octavo   0.450
;

TInv [*,*] (tr)
:     Cuarto      Entero     Medio      Octavo      :=
1        0.000      0.000   2908.135    3419.421
2     8246.684      0.000      0.000    6308.519
3        0.000      0.000      0.000   45034.360
4     7307.744      0.000   5810.291       0.000
5        0.000   7200.000      0.000       0.000
6    18683.974      0.000      0.000       0.000
7        0.000   7200.000      0.000       0.000
8        0.000      0.000      0.000   40865.262
9     2214.165      0.000   4943.459       0.000
10       0.000      0.000      0.000   29334.054
11       0.000      0.000      0.000   28483.148
12    2598.033      0.000   4338.624       0.000
13       0.000      0.000      0.000   35223.591
14    1890.779      0.000   4786.597       0.000
15       0.000   4078.937      0.000       0.000
16       0.000   3880.025      0.000       0.000
17    1843.862      0.000   3930.201       0.000
18    4289.940      0.000   5026.478       0.000
19       0.000      0.000      0.000   34328.731
20       0.000   3816.776      0.000       0.000
21     779.778      0.000   4248.847       0.000
22       0.000      0.000   3871.607     886.437
23   10068.505      0.000      0.000       0.000
24       0.000      0.000      0.000   42174.551
25    1086.311      0.000   4346.507       0.000
26       0.000   2916.729      0.000       0.000
27       0.000      0.000   4329.441       0.000
28       0.000   1016.561      0.000       0.000
29       0.000      0.000      0.000   15541.003
30       0.000      0.000      0.000       0.000
;

hold [*] :=
Cuarto  18.375
Entero   2.000
 Medio   1.450
Octavo   0.450
;

TInv [*,*] (tr)
:     Cuarto      Entero     Medio      Octavo      :=
1        0.000      0.000   2901.269    3382.732
2     8163.826      0.000      0.000    6364.025
3        0.000      0.000      0.000   45110.092
4     7223.253      0.000   5856.906       0.000
5        0.000   7200.000      0.000       0.000
6    18599.839      0.000      0.000       0.000
7        0.000   7200.000      0.000       0.000
8        0.000      0.000      0.000   40889.266
9     2134.225      0.000   4935.615       0.000
10       0.000      0.000      0.000   29178.252
11       0.000      0.000      0.000   28507.696
12    2518.039      0.000   4315.068       0.000
13       0.000      0.000      0.000   35108.900
14    1802.524      0.000   4798.162       0.000
15       0.000   4051.512      0.000       0.000
16       0.000   3883.885      0.000       0.000
17    1748.761      0.000   3919.404       0.000
18    4347.317      0.000   5021.467       0.000
19       0.000      0.000      0.000   34377.749
20       0.000   3826.267      0.000       0.000
21       0.000      0.000   3557.622    4084.756
22       0.000      0.000   4429.055     127.957
23    9847.267      0.000      0.000       0.000
24       0.000      0.000      0.000   42149.028
25    1009.982      0.000   4397.831       0.000
26       0.000   2901.584      0.000       0.000
27       0.000      0.000   4466.284       0.000
28       0.000   1004.858      0.000       0.000
29       0.000      0.000      0.000   15541.003
30       0.000      0.000      0.000       0.000
;

hold [*] :=
Cuarto  19.250
Entero   2.000
 Medio   1.450
Octavo   0.450
;

TInv [*,*] (tr)
:     Cuarto      Entero     Medio      Octavo      :=
1        0.000      0.000   2894.404    3346.025
2     8080.983      0.000      0.000    6468.863
3        0.000      0.000      0.000   45136.932
4     7138.762      0.000   5895.056       0.000
5        0.000   7200.000      0.000       0.000
6    18515.705      0.000      0.000       0.000
7        0.000   7200.000      0.000       0.000
8        0.000      0.000      0.000   40913.269
9     2054.287      0.000   4938.828       0.000
10       0.000      0.000      0.000   29030.879
11       0.000      0.000      0.000   28539.059
12    2438.049      0.000   4315.577       0.000
13       0.000      0.000      0.000   34992.506
14    1714.280      0.000   4799.470       0.000
15       0.000   4031.737      0.000       0.000
16       0.000   3885.763      0.000       0.000
17    1528.722      0.000   3922.859       0.000
18    4070.669      0.000   5023.952       0.000
19       0.000      0.000      0.000   33584.919
20       0.000   3829.076      0.000       0.000
21       0.000      0.000   3537.025    3618.625
22       0.000      0.000   4406.307       0.000
23    9726.160      0.000      0.000       0.000
24       0.000      0.000      0.000   42157.242
25     933.657      0.000   4395.861       0.000
26       0.000   2886.441      0.000       0.000
27       0.000      0.000   4494.677       0.000
28       0.000   1004.706      0.000       0.000
29       0.000      0.000      0.000   15541.003
30       0.000      0.000      0.000       0.000
;

hold [*] :=
Cuarto  20.125
Entero   2.000
 Medio   1.450
Octavo   0.450
;

TInv [*,*] (tr)
:     Cuarto      Entero     Medio      Octavo      :=
1        0.000      0.000   2883.808    3253.435
2     8038.694      0.000      0.000    6392.054
3        0.000      0.000      0.000   45060.891
4     7053.070      0.000   5933.244       0.000
5        0.000   7200.000      0.000       0.000
6    18278.505      0.000      0.000     229.446
7        0.000   7200.000      0.000       0.000
8        0.000      0.000      0.000   40937.269
9     1974.352      0.000   4941.679       0.000
10       0.000      0.000      0.000   28890.060
11       0.000      0.000      0.000   28572.684
12    2358.063      0.000   4316.357       0.000
13       0.000      0.000      0.000   34889.760
14    1626.047      0.000   4800.280       0.000
15       0.000   4012.815      0.000       0.000
16       0.000   3887.885      0.000       0.000
17    1324.120      0.000   3928.037       0.000
18    3901.942      0.000   5027.592       0.000
19       0.000      0.000      0.000   32896.014
20       0.000   3831.173      0.000       0.000
21       0.000      0.000   3510.816    3126.928
22       0.000      0.000   4375.854       0.000
23    9671.693      0.000      0.000       0.000
24       0.000      0.000      0.000   42169.434
25     857.336      0.000   4393.996       0.000
26       0.000   2871.300      0.000       0.000
27       0.000      0.000   4504.767       0.000
28       0.000   1008.350      0.000       0.000
29       0.000      0.000      0.000   15541.003
30       0.000      0.000      0.000       0.000
;

hold [*] :=
Cuarto  21.000
Entero   2.000
 Medio   1.450
Octavo   0.450
;

TInv [*,*] (tr)
:     Cuarto      Entero     Medio      Octavo      :=
1        0.000      0.000   2871.377    3150.285
2     7999.229      0.000      0.000    6286.381
3        0.000      0.000      0.000   44933.869
4     6966.787      0.000   5975.475       0.000
5        0.000   7200.000      0.000       0.000
6    18028.470      0.000      0.000     479.638
7        0.000   7200.000      0.000       0.000
8        0.000      0.000      0.000   40961.267
9     1894.420      0.000   4944.600       0.000
10       0.000      0.000      0.000   28771.860
11       0.000      0.000      0.000   28574.693
12    2278.079      0.000   4320.082       0.000
13       0.000      0.000      0.000   34743.218
14    1537.824      0.000   4798.799       0.000
15       0.000   4000.264      0.000       0.000
16       0.000   3887.775      0.000       0.000
17    1119.784      0.000   3933.200       0.000
18    3701.308      0.000   5028.243       0.000
19       0.000      0.000      0.000   32208.656
20       0.000   3830.337      0.000       0.000
21       0.000      0.000   3484.811    2682.669
22       0.000      0.000   4345.553       0.000
23    9617.298      0.000      0.000       0.000
24       0.000      0.000      0.000   42181.641
25     781.019      0.000   4393.095       0.000
26       0.000   2856.161      0.000       0.000
27       0.000      0.000   4507.372       0.000
28       0.000   1011.649      0.000       0.000
29       0.000      0.000      0.000   15541.003
30       0.000      0.000      0.000       0.000
;

hold [*] :=
Cuarto  21.875
Entero   2.000
 Medio   1.450
Octavo   0.450
;

TInv [*,*] (tr)
:     Cuarto      Entero     Medio      Octavo      :=
1        0.000      0.000   2857.018    3039.465
2     7959.281      0.000      0.000    6011.964
3        0.000      0.000      0.000   44916.962
4     6879.882      0.000   6017.563       0.000
5        0.000   7200.000      0.000       0.000
6    17777.481      0.000      0.000     723.155
7        0.000   7200.000      0.000       0.000
8        0.000      0.000      0.000   40985.265
9     1814.489      0.000   4937.519       0.000
10       0.000      0.000      0.000   28585.976
11       0.000      0.000      0.000   28605.787
12    2198.099      0.000   4300.884       0.000
13       0.000      0.000      0.000   34664.521
14    1449.611      0.000   4806.045       0.000
15       0.000   3956.891      0.000       0.000
16       0.000   3891.645      0.000       0.000
17     915.652      0.000   3938.353       0.000
18    3929.789      0.000   5053.050       0.000
19       0.000      0.000      0.000   31522.497
20       0.000   3840.124      0.000       0.000
21       0.000      0.000   3460.562    2590.442
22       0.000      0.000   4319.499       0.000
23    9562.904      0.000      0.000       0.000
24       0.000      0.000      0.000   42193.827
25     704.707      0.000   4405.115       0.000
26       0.000   2841.024      0.000       0.000
27       0.000      0.000   4533.144       0.000
28       0.000   1018.707      0.000       0.000
29       0.000      0.000      0.000   15541.001
30       0.000      0.000      0.000       0.000
;

hold [*] :=
Cuarto  22.750
Entero   2.000
 Medio   1.450
Octavo   0.450
;

TInv [*,*] (tr)
:     Cuarto     Entero     Medio      Octavo      :=
1       0.000      0.000   2781.618    2222.220
2    8372.735      0.000      0.000    4076.895
3       0.000      0.000      0.000   44197.309
4    6773.336      0.000   6078.261       0.000
5       0.000   7200.000      0.000       0.000
6       0.000      0.000      0.000   39307.562
7       0.000   5405.602      0.000       0.000
8       0.000      0.000      0.000   21684.230
9    1477.556      0.000   4979.561       0.000
10      0.000      0.000      0.000   27854.115
11      0.000      0.000      0.000   28433.624
12   1860.798      0.000   4356.392       0.000
13      0.000      0.000      0.000   33727.971
14   1687.491      0.000   4793.439       0.000
15      0.000   3960.396      0.000       0.000
16      0.000   3851.446      0.000       0.000
17      0.000    276.471   3573.815       0.000
18   2628.812      0.000   4995.079       0.000
19      0.000      0.000      0.000   30855.932
20      0.000   3795.846      0.000       0.000
21      0.000      0.000   3725.811    1556.550
22      0.000      0.000   4591.397       0.000
23   9508.510      0.000      0.000       0.000
24      0.000      0.000      0.000   42262.887
25      0.000      0.000   3889.556       0.000
26      0.000   2701.294      0.000       0.000
27      0.000      0.000   4515.480       0.000
28      0.000   1057.808      0.000       0.000
29      0.000      0.000      0.000   15541.003
30      0.000      0.000      0.000       0.000
;

hold [*] :=
Cuarto  23.625
Entero   2.000
 Medio   1.450
Octavo   0.450
;

TInv [*,*] (tr)
:     Cuarto     Entero     Medio      Octavo      :=
1       0.000      0.000   2777.101    2225.377
2    8259.564      0.001      0.000    3764.548
3       0.000      0.000      0.000   43196.098
4    6689.595      0.000   6114.862       0.000
5       0.000   7200.000      0.000       0.000
6       0.000      0.000      0.000   35174.359
7       0.000   5407.224      0.000       0.000
8       0.000      0.000      0.000   23506.321
9    1382.355      0.000   4951.158       0.000
10      0.000      0.000      0.000   27705.158
11      0.000      0.000      0.000   28692.784
12   1765.535      0.000   4313.981       0.000
13      0.000      0.000      0.000   33838.829
14   1594.918      0.000   4800.358       0.000
15      0.000   3749.884      0.000       0.000
16      0.000   3819.166      0.000       0.000
17      0.000    357.102   3571.104       0.001
18   2533.396      0.000   4985.638       0.000
19      0.000      0.000      0.000   30160.677
20      0.000   3763.622      0.000       0.000
21      0.000      0.001   3704.356    1708.183
22      0.000      0.000   4583.426       0.003
23   9454.113      0.000      0.000       0.018
24      0.000      0.000      0.000   42266.910
25      0.000      0.000   3921.387       0.001
26      0.000   2701.294      0.000       0.002
27      0.000      0.000   4538.288       0.000
28      0.000   1059.687      0.000       0.000
29      0.000      0.000      0.000   15540.982
30      0.000      0.000      0.000       0.000
;

hold [*] :=
Cuarto  24.500
Entero   2.000
 Medio   1.450
Octavo   0.450
;

TInv [*,*] (tr)
:     Cuarto     Entero     Medio      Octavo      :=
1       0.000      0.000   2927.004    2492.633
2    8166.737      0.000      0.000    4056.508
3       0.000      0.000      0.000   43140.842
4       0.000   2425.686   5061.062       0.000
5       0.000   5355.014      0.000       0.000
6       0.000      0.000      0.000   33430.841
7       0.000   5382.986      0.000       0.000
8       0.000      0.000      0.000   24507.081
9    1266.867      0.000   4933.196       0.000
10      0.000      0.000      0.000   27581.332
11      0.000      0.000      0.000   28745.338
12   1649.964      0.000   4320.017       0.000
13      0.000      0.000      0.000   33745.200
14   1379.464      0.000   4797.308       0.000
15      0.000   3748.057      0.000       0.000
16      0.000   3840.724      0.000       0.000
17      0.000    244.668   3684.172       0.000
18   2417.618      0.000   5006.925       0.000
19      0.000      0.000      0.000   30004.653
20      0.000   3744.758      0.000       0.000
21      0.000      0.000   3684.039    2182.772
22      0.000      0.000   4548.316       0.000
23   9399.722      0.000      0.000       0.000
24      0.000      0.000      0.000   42240.174
25      0.000      0.000   4022.847       0.000
26      0.000   2701.294      0.000       0.000
27      0.000      0.000   4525.971       0.000
28      0.000   1059.103      0.000       0.000
29      0.000      0.000      0.000   15541.003
30      0.000      0.000      0.000       0.000
;

hold [*] :=
Cuarto  25.375
Entero   2.000
 Medio   1.450
Octavo   0.450
;

TInv [*,*] (tr)
:     Cuarto     Entero     Medio      Octavo      :=
1       0.000      0.000   2936.840    2520.975
2    8054.976      0.000      0.000    4227.917
3       0.000      0.000      0.000   43161.836
4       0.000   2460.770   5041.187       0.000
5       0.000   5355.063      0.000       0.000
6       0.000      0.000      0.000   32951.092
7       0.000   5383.036      0.000       0.000
8       0.000      0.000      0.000   24866.829
9    1170.306      0.000   4887.783       0.000
10      0.000      0.000      0.000   27385.735
11      0.000      0.000      0.000   28770.659
12   1553.343      0.000   4291.736       0.000
13      0.000      0.000      0.000   33594.323
14   1279.493      0.000   4805.605       0.000
15      0.000   3754.556      0.000       0.000
16      0.000   3852.635      0.000       0.000
17      0.000    239.433   3688.410       0.000
18   2320.846      0.000   5002.729       0.000
19      0.000      0.000      0.000   29745.004
20      0.000   3784.183      0.000       0.000
21      0.000      0.000   3654.003    2147.032
22      0.000      0.000   4531.295       0.000
23   9345.328      0.000      0.000       0.001
24      0.000      0.000      0.000   42242.279
25      0.000      0.000   4016.421       0.000
26      0.000   2701.294      0.000       0.000
27      0.000      0.000   4528.968       0.000
28      0.000   1059.402      0.000       0.000
29      0.000      0.000      0.000   15541.003
30      0.000      0.000      0.000       0.000
;

hold [*] :=
Cuarto  26.250
Entero   2.000
 Medio   1.450
Octavo   0.450
;

TInv [*,*] (tr)
:     Cuarto     Entero     Medio      Octavo      :=
1       0.000      0.000   2946.698    2549.395
2    7943.231      0.000      0.000    4534.240
3       0.000      0.000      0.000   43216.198
4       0.000   2495.864   4966.150       0.001
5       0.000   5355.111      0.000       0.001
6       0.000      0.000      0.000   32518.089
7       0.000   5383.084      0.000       0.001
8       0.000      0.000      0.000   25410.546
9    1073.750      0.000   4876.915       0.001
10      0.000      0.000      0.000   27280.257
11      0.000      0.000      0.000   28763.808
12   1456.729      0.000   4305.993       0.001
13      0.000      0.000      0.000   33396.823
14   1179.538      0.000   4795.897       0.001
15      0.000   3732.603      0.000       0.001
16      0.000   3851.483      0.000       0.001
17      0.000    236.503   3692.650       0.003
18   2224.084      0.000   5002.614       0.001
19      0.000      0.000      0.000   29505.074
20      0.000   3782.032      0.000       0.001
21      0.000      0.000   3650.933    2047.904
22      0.000      0.000   4523.911       0.001
23   9290.933      0.000      0.000       0.006
24      0.000      0.000      0.000   42244.382
25      0.000      0.000   4019.097       0.001
26      0.000   2701.294      0.000       0.001
27      0.000      0.000   4528.181       0.000
28      0.000   1058.746      0.000       0.000
29      0.000      0.000      0.000   15541.001
30      0.000      0.000      0.000       0.000
;

hold [*] :=
Cuarto  27.125
Entero   2.000
 Medio   1.450
Octavo   0.450
;

TInv [*,*] (tr)
:     Cuarto     Entero     Medio      Octavo      :=
1       0.000      0.000   2956.545    2577.780
2    7831.503      0.000      0.000    4765.613
3       0.000      0.000      0.000   43252.554
4       0.000   2530.932   4905.045       0.000
5       0.000   5355.161      0.000       0.000
6       0.000      0.000      0.000   32571.608
7       0.000   5383.133      0.000       0.000
8       0.000      0.000      0.000   25461.910
9     977.204      0.000   4880.681       0.000
10      0.000      0.000      0.000   27142.386
11      0.000      0.000      0.000   28789.097
12   1360.126      0.000   4302.134       0.000
13      0.000      0.000      0.000   33224.068
14   1079.607      0.000   4795.806       0.000
15      0.000   3699.413      0.000       0.000
16      0.000   3846.469      0.000       0.000
17      0.000    234.266   3696.886       0.000
18   2127.336      0.000   5004.339       0.000
19      0.000      0.000      0.000   29310.237
20      0.000   3786.581      0.000       0.000
21      0.000      0.000   3644.291    2082.195
22      0.000      0.000   4515.953       0.000
23   9236.541      0.000      0.000       0.001
24      0.000      0.000      0.000   42246.482
25      0.000      0.000   4022.005       0.000
26      0.000   2701.294      0.000       0.000
27      0.000      0.000   4528.962       0.000
28      0.000   1058.791      0.000       0.000
29      0.000      0.000      0.000   15541.003
30      0.000      0.000      0.000       0.000
;

hold [*] :=
Cuarto  28.000
Entero   2.000
 Medio   1.450
Octavo   0.450
;

TInv [*,*] (tr)
:     Cuarto     Entero     Medio      Octavo      :=
1       0.000      0.000   2966.069    2605.279
2    7719.934      0.000      0.000    5131.807
3       0.000      0.000      0.000   43291.166
4       0.000   2564.935   4843.340       0.000
5       0.000   5355.211      0.000       0.000
6       0.000      0.000      0.000   32630.124
7       0.000   5383.183      0.000       0.000
8       0.000      0.000      0.000   25520.327
9     880.519      0.000   4883.567       0.000
10      0.000      0.000      0.000   27014.630
11      0.000      0.000      0.000   28811.048
12   1263.385      0.000   4300.611       0.000
13      0.000      0.000      0.000   33048.335
14    979.700      0.000   4795.310       0.000
15      0.000   3929.356      0.000       0.000
16      0.000   3857.926      0.000       0.000
17      0.000    231.650   3700.477       0.000
18   2030.453      0.000   5005.411       0.000
19      0.000      0.000      0.000   29107.662
20      0.000   3760.742      0.000       0.000
21      0.000      0.000   3639.496    2105.440
22      0.000      0.000   4508.345       0.000
23   9174.824      0.000      0.000      36.511
24      0.000      0.000      0.000   42255.559
25      0.000      0.000   4024.584       0.000
26      0.000   2701.294      0.000       0.000
27      0.000      0.000   4533.065       0.000
28      0.000   1058.841      0.000       0.000
29      0.000      0.000      0.000   15541.003
30      0.000      0.000      0.000       0.000
;

hold [*] :=
Cuarto  28.875
Entero   2.000
 Medio   1.450
Octavo   0.450
;

TInv [*,*] (tr)
:     Cuarto     Entero     Medio      Octavo      :=
1       0.000      0.000   2974.196    2629.058
2    7609.042      0.000      0.000    5359.448
3       0.000      0.000      0.000   43326.164
4       0.000   2594.099   4805.693       0.000
5       0.000   5355.271      0.000       0.000
6       0.000      0.000      0.000   32668.838
7       0.000   5383.243      0.000       0.000
8       0.000      0.000      0.000   25548.398
9     783.194      0.000   4872.433       0.000
10      0.000      0.000      0.000   26846.809
11      0.000      0.000      0.000   28849.128
12   1166.006      0.000   4281.083       0.000
13      0.000      0.000      0.000   32879.288
14    879.868      0.000   4801.879       0.000
15      0.000   3681.016      0.000       0.000
16      0.000   3863.442      0.000       0.000
17      0.000    231.381   3701.153       0.000
18   1932.935      0.000   5004.394       0.000
19      0.000      0.000      0.000   28897.276
20      0.000   3791.858      0.000       0.000
21      0.000      0.000   3625.039    2123.574
22      0.000      0.000   4495.596       0.000
23   9080.271      0.000      0.000     236.719
24      0.000      0.000      0.000   42296.275
25      0.000      0.000   4017.675       0.000
26      0.000   2701.294      0.000       0.000
27      0.000      0.000   4547.493       0.000
28      0.000   1059.186      0.000       0.000
29      0.000      0.000      0.000   15541.003
30      0.000      0.000      0.000       0.000
;

hold [*] :=
Cuarto  29.750
Entero   2.000
 Medio   1.450
Octavo   0.450
;

TInv [*,*] (tr)
:     Cuarto     Entero     Medio      Octavo      :=
1       0.000      0.000   2979.110    2637.462
2       0.000      0.000      0.000   23234.671
3       0.000      0.000      0.000   29543.995
4       0.000   2615.766   4794.763       0.000
5       0.000   5355.395      0.000       0.000
6       0.000      0.000      0.000   33354.556
7       0.000   5383.368      0.000       0.000
8       0.000      0.000      0.000   26275.812
9     679.581      0.000   4914.697       0.000
10      0.000      0.000      0.000   27357.625
11      0.000      0.000      0.000   29074.415
12   1062.327      0.000   4325.192       0.000
13      0.000      0.000      0.000   32634.212
14    780.340      0.000   4793.859       0.000
15      0.000   3725.718      0.000       0.000
16      0.000   3859.009      0.000       0.000
17      0.000    245.739   3697.854       0.000
18   1829.089      0.000   5005.303       0.000
19      0.000      0.000      0.000   28694.535
20      0.000   3793.242      0.000       0.000
21      0.000      0.000   3608.673    2136.389
22      0.000      0.000   4488.371       0.000
23   8986.740      0.000      0.000     431.854
24      0.000      0.000      0.000   42333.322
25      0.000      0.000   4014.733       0.000
26      0.000   2701.294      0.000       0.000
27      0.000      0.000   4570.382       0.000
28      0.000   1059.085      0.000       0.000
29      0.000      0.000      0.000   15540.975
30      0.000      0.000      0.000       0.000
;

hold [*] :=
Cuarto  30.625
Entero   2.000
 Medio   1.450
Octavo   0.450
;

TInv [*,*] (tr)
:     Cuarto     Entero     Medio      Octavo      :=
1       0.000      0.000   2986.879    2662.542
2       0.000      0.000      0.000   23417.425
3       0.000      0.000      0.000   30135.153
4       0.000   2646.968   4697.566       0.000
5       0.000   5355.525      0.000       0.000
6       0.000      0.000      0.000   32552.112
7       0.000   5383.497      0.000       0.000
8       0.000      0.000      0.000   25562.237
9     586.384      0.000   4888.318       0.000
10      0.000      0.000      0.000   26570.164
11      0.000      0.000      0.000   28898.980
12    969.088      0.000   4309.086       0.000
13      0.000      0.000      0.000   32547.526
14    680.877      0.000   4793.071       0.000
15      0.000   3627.159      0.000       0.000
16      0.000   3858.925      0.000       0.000
17      0.000    230.540   3700.530       0.000
18   1735.736      0.000   5004.709       0.000
19      0.000      0.000      0.000   28469.709
20      0.000   3786.785      0.000       0.000
21      0.000      0.000   3602.622    2163.306
22      0.000      0.000   4473.891       0.000
23   8891.006      0.000      0.000     637.963
24      0.000      0.000      0.000   42377.339
25      0.000      0.000   4005.044       0.000
26      0.000   2701.294      0.000       0.000
27      0.000      0.000   4571.904       0.000
28      0.000   1058.777      0.000       0.000
29      0.000      0.000      0.000   15541.003
30      0.000      0.000      0.000       0.000
;

hold [*] :=
Cuarto  31.500
Entero   2.000
 Medio   1.450
Octavo   0.450
;

TInv [*,*] (tr)
:     Cuarto     Entero     Medio      Octavo      :=
1       0.000      0.000   2502.119    1851.011
2       0.000      0.000      0.000   23533.571
3       0.000      0.000      0.000   30249.256
4       0.000      0.000   9450.959       0.000
5       0.000   5431.028      0.000       0.000
6       0.000      0.000      0.000   32728.870
7       0.000   5459.014      0.000       0.000
8       0.000      0.000      0.000   25748.083
9       0.000    426.063   4964.359       0.000
10      0.000      0.000      0.000   25548.100
11      0.000      0.000      0.000   28914.957
12    937.951      0.000   4574.925       0.000
13      0.000      0.000      0.000   32560.493
14      0.000    402.358   4427.103       0.000
15      0.000   3188.066      0.000       0.000
16      0.000   3721.548      0.000       0.000
17      0.000    597.873   3349.610       0.000
18   1704.626      0.000   4985.803       0.000
19      0.000      0.000      0.000   28522.954
20      0.000   3757.986      0.000       0.000
21      0.000      0.000   3638.345    2146.902
22      0.000      0.000   4502.962       0.000
23   8747.294      0.000      0.000    1083.328
24      0.000      0.000      0.000   42527.682
25      0.000      0.000   3664.262       0.000
26      0.000   2701.294      0.000       0.000
27      0.000      0.000   4600.286       0.000
28      0.000   1058.746      0.000       0.000
29      0.000      0.000      0.000   15323.126
30      0.000      0.000      0.000       0.000
;

hold [*] :=
Cuarto  32.375
Entero   2.000
 Medio   1.450
Octavo   0.450
;

TInv [*,*] (tr)
:     Cuarto     Entero     Medio      Octavo      :=
1       0.000      0.002   2513.222    1923.570
2       0.000      0.001      0.001   23642.808
3       0.000      0.001      0.001   30351.465
4       0.001      0.009   9462.030       0.014
5       0.000   5420.550      0.001       0.007
6       0.000      0.001      0.001   32865.889
7       0.000   5448.534      0.001       0.007
8       0.000      0.001      0.001   25881.750
9       0.001    350.922   5035.491       0.017
10      0.000      0.001      0.001   25767.949
11      0.000      0.001      0.001   29108.640
12      0.002    406.125   4189.065       0.018
13      0.000      0.001      0.001   30703.495
14      0.001    378.991   4453.333       0.018
15      0.000   3197.452      0.001       0.007
16      0.000   3725.799      0.001       0.007
17      0.001    525.870   3401.831       0.016
18   1639.980      0.002   4976.214       0.010
19      0.000      0.001      0.001   28184.556
20      0.000   3757.825      0.001       0.005
21      0.000      0.003   3557.661    2270.739
22      0.001      0.002   4426.567       0.010
23   8647.593      0.001      0.001    1309.253
24      0.000      0.000      0.001   42577.259
25      0.000      0.000   3681.065       0.004
26      0.000   2701.292      0.001       0.008
27      0.001      0.000   4570.429       0.001
28      0.000   1058.746      0.002       0.002
29      0.000      0.000      0.000   14935.849
30      0.000      0.000      0.000       0.000
;

hold [*] :=
Cuarto  33.250
Entero   2.000
 Medio   1.450
Octavo   0.450
;

TInv [*,*] (tr)
:     Cuarto     Entero     Medio      Octavo      :=
1       0.000      0.000   2512.927    1927.068
2       0.000      0.000      0.000   23707.855
3       0.000      0.000      0.000   30385.209
4       0.000      0.000   9464.390       0.000
5       0.000   5420.380      0.000       0.000
6       0.000      0.000      0.000   32917.164
7       0.000   5448.364      0.000       0.000
8       0.000      0.000      0.000   25929.630
9       0.000    350.081   5037.518       0.000
10      0.000      0.000      0.000   25776.253
11      0.000      0.000      0.000   29089.349
12      0.000    404.912   4218.862       0.000
13      0.000      0.000      0.000   30667.254
14      0.000    397.380   4460.360       0.000
15      0.000   3200.286      0.000       0.000
16      0.000   3729.283      0.000       0.000
17      0.000    528.710   3403.393       0.000
18   1538.851      0.000   5000.611       0.000
19      0.000      0.000      0.000   28074.738
20      0.000   3741.009      0.000       0.000
21      0.000      0.000   3571.855    2252.296
22      0.000      0.000   4428.535       0.000
23      0.000      0.000      0.000   21847.472
24      0.000      0.000      0.000   27580.603
25      0.000      0.000   3678.623       0.000
26      0.000   2701.294      0.000       0.000
27      0.000      0.000   4605.155       0.000
28      0.000   1056.953      0.000       0.000
29      0.000      0.000      0.000   14989.879
30      0.000      0.000      0.000       0.000
;

hold [*] :=
Cuarto  34.125
Entero   2.000
 Medio   1.450
Octavo   0.450
;

TInv [*,*] (tr)
:     Cuarto     Entero     Medio      Octavo      :=
1       0.000      0.000   2513.767    1933.605
2       0.000      0.000      0.000   23656.882
3       0.000      0.000      0.000   30377.682
4       0.000      0.000   9460.982       0.000
5       0.000   5420.444      0.000       0.000
6       0.000      0.000      0.000   32870.424
7       0.000   5448.427      0.000       0.000
8       0.000      0.000      0.000   25866.148
9       0.000    353.782   5032.003       0.000
10      0.000      0.000      0.000   25769.481
11      0.000      0.000      0.000   29129.883
12      0.000    401.656   4186.282       0.000
13      0.000      0.000      0.000   30735.638
14      0.000    355.986   4455.738       0.000
15      0.000   3201.169      0.000       0.000
16      0.000   3729.502      0.000       0.000
17      0.000    528.105   3398.939       0.000
18   1438.419      0.000   4975.363       0.000
19      0.000      0.000      0.000   27816.895
20      0.000   3762.532      0.000       0.000
21      0.000      0.000   3545.205    2260.285
22      0.000      0.000   4413.526       0.000
23      0.000      0.000      0.000   21848.272
24      0.000      0.000      0.000   27689.247
25      0.000      0.000   3669.187       0.000
26      0.000   2701.294      0.000       0.000
27      0.000      0.000   4605.202       0.000
28      0.000   1059.820      0.000       0.000
29      0.000      0.000      0.000   14969.470
30      0.000      0.000      0.000       0.000
;

hold [*] :=
Cuarto  35.000
Entero   2.000
 Medio   1.450
Octavo   0.450
;

TInv [*,*] (tr)
:     Cuarto     Entero     Medio      Octavo      :=
1       0.000      0.000   2514.609    1940.146
2       0.000      0.000      0.000   23658.637
3       0.000      0.000      0.000   30401.210
4       0.000      0.000   9461.586       0.000
5       0.000   5420.507      0.000       0.000
6       0.000      0.000      0.000   32838.869
7       0.000   5448.491      0.000       0.000
8       0.000      0.000      0.000   25787.004
9       0.000    348.112   5038.439       0.000
10      0.000      0.000      0.000   25760.016
11      0.000      0.000      0.000   29173.900
12      0.000    409.182   4186.813       0.000
13      0.000      0.000      0.000   30816.026
14      0.000    340.346   4457.446       0.000
15      0.000   3194.449      0.000       0.000
16      0.000   3721.679      0.000       0.000
17      0.000    516.932   3400.522       0.000
18   1337.995      0.000   4974.510       0.000
19      0.000      0.000      0.000   27619.102
20      0.000   3755.399      0.000       0.000
21      0.000      0.000   3540.938    2239.478
22      0.000      0.000   4410.023       0.000
23      0.000      0.000      0.000   21849.019
24      0.000      0.000      0.000   27786.235
25      0.000      0.000   3666.450       0.000
26      0.000   2701.294      0.000       0.000
27      0.000      0.000   4605.093       0.000
28      0.000   1062.123      0.000       0.000
29      0.000      0.000      0.000   14949.107
30      0.000      0.000      0.000       0.000
;

hold [*] :=
Cuarto  35.875
Entero   2.000
 Medio   1.450
Octavo   0.450
;

TInv [*,*] (tr)
:     Cuarto     Entero     Medio      Octavo      :=
1       0.000      0.000   2515.447    1946.682
2       0.000      0.000      0.000   23686.322
3       0.000      0.000      0.000   30406.095
4       0.000      0.000   9461.734       0.000
5       0.000   5420.570      0.000       0.000
6       0.000      0.000      0.000   32895.148
7       0.000   5448.554      0.000       0.000
8       0.000      0.000      0.000   25902.866
9       0.000    351.334   5029.761       0.000
10      0.000      0.000      0.000   25821.068
11      0.000      0.000      0.000   29168.746
12      0.000    406.352   4191.316       0.000
13      0.000      0.000      0.000   30766.213
14      0.000    373.241   4463.988       0.000
15      0.000   3194.008      0.000       0.000
16      0.000   3725.175      0.000       0.000
17      0.000    528.398   3402.585       0.000
18   1237.583      0.000   4990.848       0.000
19      0.000      0.000      0.000   27445.026
20      0.000   3767.966      0.000       0.000
21      0.000      0.000   3524.850    2289.984
22      0.000      0.000   4394.715       0.000
23      0.000      0.000      0.000   21849.768
24      0.000      0.000      0.000   27798.053
25      0.000      0.000   3659.946       0.000
26      0.000   2701.294      0.000       0.000
27      0.000      0.000   4607.866       0.000
28      0.000   1058.506      0.000       0.000
29      0.000      0.000      0.000   14928.689
30      0.000      0.000      0.000       0.000
;

hold [*] :=
Cuarto  36.750
Entero   2.000
 Medio   1.450
Octavo   0.450
;

TInv [*,*] (tr)
:     Cuarto     Entero     Medio      Octavo      :=
1       0.000      0.000   2516.287    1953.218
2       0.000      0.000      0.000   23691.541
3       0.000      0.000      0.000   30403.963
4       0.000      0.000   9462.826       0.000
5       0.000   5420.633      0.000       0.000
6       0.000      0.000      0.000   32929.329
7       0.000   5448.617      0.000       0.000
8       0.000      0.000      0.000   25947.077
9       0.000    350.735   5036.129       0.000
10      0.000      0.000      0.000   25842.052
11      0.000      0.000      0.000   29171.715
12      0.000    408.387   4190.426       0.000
13      0.000      0.000      0.000   30762.634
14      0.000    384.950   4454.673       0.000
15      0.000   3194.063      0.000       0.000
16      0.000   3723.775      0.000       0.000
17      0.000    525.473   3403.080       0.000
18   1137.182      0.000   4976.733       0.000
19      0.000      0.000      0.000   27196.149
20      0.000   3756.889      0.000       0.000
21      0.000      0.000   3526.850    2292.116
22      0.000      0.000   4394.236       0.000
23      0.000      0.000      0.000   21850.517
24      0.000      0.000      0.000   27788.023
25      0.000      0.000   3667.038       0.000
26      0.000   2701.294      0.000       0.000
27      0.000      0.000   4601.002       0.000
28      0.000   1058.782      0.000       0.000
29      0.000      0.000      0.000   14908.297
30      0.000      0.000      0.000       0.000
;

hold [*] :=
Cuarto  37.625
Entero   2.000
 Medio   1.450
Octavo   0.450
;

TInv [*,*] (tr)
:     Cuarto     Entero     Medio      Octavo      :=
1       0.000      0.000   2517.129    1959.760
2       0.000      0.000      0.000   23701.852
3       0.000      0.000      0.000   30409.208
4       0.000      0.000   9463.353       0.000
5       0.000   5420.697      0.000       0.000
6       0.000      0.000      0.000   32948.583
7       0.000   5448.680      0.000       0.000
8       0.000      0.000      0.000   25972.493
9       0.000    350.601   5036.923       0.000
10      0.000      0.000      0.000   25860.588
11      0.000      0.000      0.000   29180.321
12      0.000    409.029   4191.320       0.000
13      0.000      0.000      0.000   30767.088
14      0.000    385.122   4454.994       0.000
15      0.000   3193.714      0.000       0.000
16      0.000   3723.339      0.000       0.000
17      0.000    525.315   3403.731       0.000
18   1036.792      0.000   4977.202       0.000
19      0.000      0.000      0.000   26993.356
20      0.000   3754.789      0.000       0.000
21      0.000      0.000   3521.129    2295.490
22      0.000      0.000   4388.078       0.000
23      0.000      0.000      0.000   21851.263
24      0.000      0.000      0.000   27782.801
25      0.000      0.000   3665.263       0.000
26      0.000   2701.294      0.000       0.000
27      0.000      0.000   4598.860       0.000
28      0.000   1058.733      0.000       0.000
29      0.000      0.000      0.000   14887.981
30      0.000      0.000      0.000       0.000
;

hold [*] :=
Cuarto  38.500
Entero   2.000
 Medio   1.450
Octavo   0.450
;

TInv [*,*] (tr)
:    Cuarto     Entero     Medio      Octavo      :=
1      0.000      0.000   2517.969    1966.298
2      0.000      0.000      0.000   23713.972
3      0.000      0.000      0.000   30417.900
4      0.000      0.000   9464.257       0.000
5      0.000   5420.760      0.000       0.000
6      0.000      0.000      0.000   32965.377
7      0.000   5448.744      0.000       0.000
8      0.000      0.000      0.000   25993.052
9      0.000    350.450   5037.413       0.000
10     0.000      0.000      0.000   25878.328
11     0.000      0.000      0.000   29191.094
12     0.000    405.672   4191.607       0.000
13     0.000      0.000      0.000   30774.736
14     0.000    381.587   4455.461       0.000
15     0.000   3197.855      0.000       0.000
16     0.000   3726.176      0.000       0.000
17     0.000    525.887   3404.330       0.000
18   936.413      0.000   4973.328       0.000
19     0.000      0.000      0.000   26795.359
20     0.000   3757.806      0.000       0.000
21     0.000      0.000   3516.364    2298.362
22     0.000      0.000   4382.115       0.000
23     0.000      0.000      0.000   21852.011
24     0.000      0.000      0.000   27780.452
25     0.000      0.000   3663.117       0.000
26     0.000   2701.294      0.000       0.000
27     0.000      0.000   4596.276       0.000
28     0.000   1058.748      0.000       0.000
29     0.000      0.000      0.000   14867.637
30     0.000      0.000      0.000       0.000
;

hold [*] :=
Cuarto  39.375
Entero   2.000
 Medio   1.450
Octavo   0.450
;

TInv [*,*] (tr)
:   Cuarto    Entero     Medio      Octavo      :=
1    0.000      0.000   2528.950    2035.873
2    0.000      0.000      0.000   23813.663
3    0.000      0.000      0.000   30510.758
4    0.000      0.000   9475.511       0.000
5    0.000   5410.497      0.000       0.000
6    0.000      0.000      0.000   33093.349
7    0.000   5438.479      0.000       0.000
8    0.000      0.000      0.000   26129.056
9    0.000    273.128   5120.246       0.000
10   0.000      0.000      0.000   26021.855
11   0.000      0.000      0.000   29306.198
12   0.000    329.013   4286.159       0.000
13   0.000      0.000      0.000   30880.165
14   0.000    306.874   4552.505       0.000
15   0.000   3144.567      0.000       0.000
16   0.000   3682.673      0.000       0.000
17   0.000    451.223   3543.892       0.000
18   0.000    464.920   4567.501       0.000
19   0.000      0.000      0.000   25001.374
20   0.000   3751.266      0.000       0.000
21   0.000      0.000   3446.021    2307.361
22   0.000      0.000   4318.023       0.000
23   0.000      0.000      0.000   21866.771
24   0.000      0.000      0.000   27797.556
25   0.000      0.000   3696.084       0.000
26   0.000   2701.294      0.000       0.000
27   0.000      0.000   4558.179       0.000
28   0.000   1058.964      0.000       0.000
29   0.000      0.000      0.000   14468.594
30   0.000      0.000      0.000       0.000
;

hold [*] :=
Cuarto  40.250
Entero   2.000
 Medio   1.450
Octavo   0.450
;

TInv [*,*] (tr)
:   Cuarto    Entero     Medio      Octavo      :=
1    0.000      0.000   2528.963    2035.897
2    0.000      0.000      0.000   23812.164
3    0.000      0.000      0.000   30512.226
4    0.000      0.002   9475.211       0.003
5    0.000   5410.497      0.000       0.001
6    0.000      0.000      0.000   33093.798
7    0.000   5438.479      0.000       0.001
8    0.000      0.000      0.000   26125.916
9    0.000    272.805   5117.025       0.004
10   0.000      0.000      0.000   26027.233
11   0.000      0.000      0.000   29313.855
12   0.000    329.478   4281.137       0.004
13   0.000      0.000      0.000   30889.157
14   0.000    297.770   4550.603       0.004
15   0.000   3141.769      0.000       0.001
16   0.000   3679.449      0.000       0.001
17   0.000    452.899   3540.570       0.004
18   0.000    465.016   4571.887       0.003
19   0.000      0.000      0.000   24998.145
20   0.000   3752.544      0.000       0.001
21   0.000      0.000   3440.740    2296.765
22   0.000      0.000   4315.648       0.002
23   0.000      0.000      0.000   21866.765
24   0.000      0.000      0.000   27800.735
25   0.000      0.000   3692.336       0.001
26   0.000   2701.294      0.000       0.001
27   0.000      0.000   4555.719       0.000
28   0.000   1059.317      0.001       0.000
29   0.000      0.000      0.000   14468.727
30   0.000      0.000      0.000       0.000
;

hold [*] :=
Cuarto  41.125
Entero   2.000
 Medio   1.450
Octavo   0.450
;

TInv [*,*] (tr)
:   Cuarto    Entero     Medio      Octavo      :=
1    0.000      0.000   2528.964    2035.900
2    0.000      0.000      0.000   23811.577
3    0.000      0.000      0.000   30513.570
4    0.000      0.002   9475.100       0.003
5    0.000   5410.497      0.000       0.001
6    0.000      0.000      0.000   33093.473
7    0.000   5438.479      0.000       0.001
8    0.000      0.000      0.000   26122.656
9    0.000    272.050   5115.946       0.004
10   0.000      0.000      0.000   26030.058
11   0.000      0.000      0.000   29318.959
12   0.000    329.294   4279.615       0.004
13   0.000      0.000      0.000   30895.671
14   0.000    296.823   4550.312       0.004
15   0.000   3141.847      0.000       0.001
16   0.000   3678.993      0.000       0.001
17   0.000    452.954   3541.815       0.004
18   0.000    465.145   4572.616       0.003
19   0.000      0.000      0.000   24998.262
20   0.000   3752.503      0.000       0.001
21   0.000      0.000   3440.994    2288.617
22   0.000      0.000   4315.941       0.002
23   0.000      0.000      0.000   21866.765
24   0.000      0.000      0.000   27803.220
25   0.000      0.000   3692.403       0.001
26   0.000   2701.294      0.000       0.001
27   0.000      0.000   4555.570       0.000
28   0.000   1059.467      0.001       0.000
29   0.000      0.000      0.000   14468.739
30   0.000      0.000      0.000       0.000
;

hold [*] :=
Cuarto  42.000
Entero   2.000
 Medio   1.450
Octavo   0.450
;

TInv [*,*] (tr)
:   Cuarto    Entero     Medio      Octavo      :=
1    0.000      0.000   2528.964    2035.899
2    0.000      0.000      0.000   23811.425
3    0.000      0.000      0.000   30514.759
4    0.000      0.002   9475.061       0.003
5    0.000   5410.497      0.000       0.001
6    0.000      0.000      0.000   33093.185
7    0.000   5438.479      0.000       0.001
8    0.000      0.000      0.000   26120.273
9    0.000    271.495   5115.783       0.004
10   0.000      0.000      0.000   26031.736
11   0.000      0.000      0.000   29322.448
12   0.000    329.199   4279.208       0.004
13   0.000      0.000      0.000   30900.356
14   0.000    297.189   4550.189       0.004
15   0.000   3141.961      0.000       0.001
16   0.000   3678.897      0.000       0.001
17   0.000    453.012   3542.497       0.004
18   0.000    465.256   4572.857       0.003
19   0.000      0.000      0.000   24999.057
20   0.000   3752.431      0.000       0.001
21   0.000      0.000   3441.197    2281.604
22   0.000      0.000   4316.158       0.002
23   0.000      0.000      0.000   21866.765
24   0.000      0.000      0.000   27804.975
25   0.000      0.000   3692.515       0.001
26   0.000   2701.294      0.000       0.001
27   0.000      0.000   4555.620       0.000
28   0.000   1059.513      0.001       0.000
29   0.000      0.000      0.000   14468.737
30   0.000      0.000      0.000       0.000
;

hold [*] :=
Cuarto  42.875
Entero   2.000
 Medio   1.450
Octavo   0.450
;

TInv [*,*] (tr)
:   Cuarto    Entero     Medio      Octavo      :=
1    0.000      0.000   2528.950    2035.873
2    0.000      0.000      0.000   23811.243
3    0.000      0.000      0.000   30515.728
4    0.000      0.000   9475.052       0.000
5    0.000   5410.497      0.000       0.000
6    0.000      0.000      0.000   33092.604
7    0.000   5438.479      0.000       0.000
8    0.000      0.000      0.000   26117.926
9    0.000    271.677   5115.544       0.000
10   0.000      0.000      0.000   26032.622
11   0.000      0.000      0.000   29325.158
12   0.000    329.364   4278.826       0.000
13   0.000      0.000      0.000   30904.203
14   0.000    296.291   4550.199       0.000
15   0.000   3141.775      0.000       0.000
16   0.000   3678.787      0.000       0.000
17   0.000    453.025   3541.979       0.000
18   0.000    465.273   4572.358       0.000
19   0.000      0.000      0.000   24999.880
20   0.000   3752.478      0.000       0.000
21   0.000      0.000   3440.871    2276.108
22   0.000      0.000   4316.003       0.000
23   0.000      0.000      0.000   21866.771
24   0.000      0.000      0.000   27806.657
25   0.000      0.000   3692.272       0.000
26   0.000   2701.294      0.000       0.000
27   0.000      0.000   4555.498       0.000
28   0.000   1059.531      0.000       0.000
29   0.000      0.000      0.000   14468.594
30   0.000      0.000      0.000       0.000
;

hold [*] :=
Cuarto  43.750
Entero   2.000
 Medio   1.450
Octavo   0.450
;

TInv [*,*] (tr)
:   Cuarto    Entero     Medio      Octavo      :=
1    0.000      0.000   2528.950    2035.873
2    0.000      0.000      0.000   23811.176
3    0.000      0.000      0.000   30516.512
4    0.000      0.000   9475.005       0.000
5    0.000   5410.497      0.000       0.000
6    0.000      0.000      0.000   33092.246
7    0.000   5438.479      0.000       0.000
8    0.000      0.000      0.000   26116.346
9    0.000    271.392   5115.446       0.000
10   0.000      0.000      0.000   26033.149
11   0.000      0.000      0.000   29327.036
12   0.000    329.387   4278.599       0.000
13   0.000      0.000      0.000   30906.982
14   0.000    296.298   4550.118       0.000
15   0.000   3141.884      0.000       0.000
16   0.000   3678.804      0.000       0.000
17   0.000    453.030   3542.396       0.000
18   0.000    465.296   4572.542       0.000
19   0.000      0.000      0.000   25000.887
20   0.000   3752.399      0.000       0.000
21   0.000      0.000   3441.037    2270.933
22   0.000      0.000   4316.137       0.000
23   0.000      0.000      0.000   21866.771
24   0.000      0.000      0.000   27807.719
25   0.000      0.000   3692.319       0.000
26   0.000   2701.294      0.000       0.000
27   0.000      0.000   4555.489       0.000
28   0.000   1059.527      0.000       0.000
29   0.000      0.000      0.000   14468.595
30   0.000      0.000      0.000       0.000
;

hold [*] :=
Cuarto  44.625
Entero   2.000
 Medio   1.450
Octavo   0.450
;

TInv [*,*] (tr)
:   Cuarto    Entero     Medio      Octavo      :=
1    0.000      0.000   2528.950    2035.873
2    0.000      0.000      0.000   23811.189
3    0.000      0.000      0.000   30517.131
4    0.000      0.000   9474.997       0.000
5    0.000   5410.497      0.000       0.000
6    0.000      0.000      0.000   33092.199
7    0.000   5438.479      0.000       0.000
8    0.000      0.000      0.000   26115.639
9    0.000    271.454   5115.399       0.000
10   0.000      0.000      0.000   26033.557
11   0.000      0.000      0.000   29328.295
12   0.000    329.544   4278.497       0.000
13   0.000      0.000      0.000   30908.821
14   0.000    295.852   4550.100       0.000
15   0.000   3141.800      0.000       0.000
16   0.000   3678.779      0.000       0.000
17   0.000    453.037   3542.170       0.000
18   0.000    465.299   4572.362       0.000
19   0.000      0.000      0.000   25001.602
20   0.000   3752.377      0.000       0.000
21   0.000      0.000   3440.894    2266.700
22   0.000      0.000   4316.049       0.000
23   0.000      0.000      0.000   21866.771
24   0.000      0.000      0.000   27808.493
25   0.000      0.000   3692.203       0.000
26   0.000   2701.294      0.000       0.000
27   0.000      0.000   4555.452       0.000
28   0.000   1059.502      0.000       0.000
29   0.000      0.000      0.000   14468.595
30   0.000      0.000      0.000       0.000
;

