e	sigma(Mpa)
0	317.7
0	377.6
0.0002386	408.9
0.0002386	455.7
0.0009543	487
0.002624	520.8
0.005487	549.5
0.007396	567.7
0.01026	588.5
0.01312	606.8
0.01503	622.4
0.01837	640.6
0.02147	658.9
0.02529	682.3
0.02791	697.9
0.03101	710.9
0.03388	721.4
0.03626	737
0.03913	750
0.04199	763
0.04437	776
0.04795	789.1
0.05082	802.1
0.0532	809.9
0.05535	817.7
0.05964	830.7
0.06274	838.5
0.06608	849
0.07014	859.4
0.07372	862
0.07873	872.4
0.0835	880.2
0.08588	882.8
0.0897	885.4
0.09423	888
0.09805	890.6
0.09996	882.8












