alfa [*] :=
Cuarto   400
Entero  1600
 Medio   800
Octavo   200
;

TInv [*,*] (tr)
:   Cuarto Entero  Medio  Octavo    :=
1        0      0   3564    5976
2     9547      0   1908    2011
3        0      0      0   45469
4    19412      0      0       0
5    23889      0      0       0
6    25235      0      0       0
7        0   7200      0       0
8        0      0      0   41259
9    11200      0   4414       0
10       0      0      0   47701
11       0   5709      0       0
12    9953      0   4285       0
13       0      0      0   47891
14    7188      0   4780       0
15       0   5753      0       0
16   17112      0      0       0
17    8951      0   3893       0
18    9569      0   4736       0
19       0      0      0   41304
20       0   6074      0       0
21    3132      0   3987       0
22     693      0   2906   11399
23   18062      0      0       0
24       0      0      0   40796
25    7178      0   3761       0
26       0   3310      0   10564
27    1215      0   3795       0
28   13229      0      0       0
29     414      0      0    4512
30       0      0      0       0
;

alfa [*] :=
Cuarto   402
Entero  1600
 Medio   800
Octavo   200
;

TInv [*,*] (tr)
:   Cuarto Entero  Medio  Octavo    :=
1        0      0   3536    5915
2     9724      0   1787       0
3        0      0      0   44941
4    19412      0      0       0
5    23337      0      0       0
6    25071      0      0       0
7        0   7200      0       0
8        0      0      0   41259
9    11113      0   4770       0
10       0      0      0   46275
11       0   5849      0       0
12    8697      0   4285       0
13       0      0      0   47740
14    7144      0   4777       0
15       0   5984      0       0
16   17112      0      0       0
17    9100      0   3879       0
18    9559      0   4961       0
19       0      0      0   41476
20       0   6041      0       0
21    3096      0   4281       0
22     395      0   2977   10892
23   17893      0      0       0
24       0      0      0   40988
25    7151      0   3759       0
26       0   3272      0   11242
27    1036      0   3911       0
28   12944      0      0       0
29    1425      0      0    4481
30       0      0      0       0
;

alfa [*] :=
Cuarto   404
Entero  1600
 Medio   800
Octavo   200
;

TInv [*,*] (tr)
:   Cuarto Entero  Medio  Octavo    :=
1        0      0   3513    5526
2    12532      0      0    1132
3        0      0      0   44945
4    19422      0      0       0
5    23156      0      0       0
6    25077      0      0       0
7        0   6296   1809       0
8        0      0      0   41259
9    11109      0   4782       0
10       0      0      0   45771
11       0   5832      0       0
12    8521      0   4285       0
13       0      0      0   47712
14    7147      0   4778       0
15       0   5971      0       0
16   17112      0      0       0
17    9207      0   3866       0
18    9556      0   4982       0
19       0      0      0   41649
20       0   6026      0       0
21    3060      0   4252       0
22     508      0   3049   10426
23   17880      0      0       0
24       0      0      0   41181
25    7155      0   3758       0
26       0   3234      0   11817
27     857      0   3908       0
28   13367      0      0       0
29    1804      0      0    4451
30       0      0      0       0
;

alfa [*] :=
Cuarto   406
Entero  1600
 Medio   800
Octavo   200
;

TInv [*,*] (tr)
:   Cuarto Entero  Medio  Octavo    :=
1        0      0   3513    6088
2    14364      0      0      37
3        0      0      0   45127
4    19489      0      0       0
5    23121      0      0       0
6    25085      0      0       0
7        0   6296   1809       0
8        0      0      0   41259
9    11129      0   4783       0
10       0      0      0   45577
11       0   5819      0       0
12    8478      0   4285       0
13       0      0      0   47740
14    7171      0   4783       0
15       0   5968      0       0
16   17117      0      0       0
17    9243      0   3853       0
18    9557      0   4976       0
19       0      0      0   41822
20       0   6036      0       0
21    3024      0   4211       0
22     574      0   3122    9978
23   17878      0      0       0
24       0      0      0   41375
25    7168      0   3757       0
26       0   3196      0   12342
27     676      0   3908       0
28   13849      0      0       0
29    1996      0      0    4422
30       0      0      0       0
;

alfa [*] :=
Cuarto   408
Entero  1600
 Medio   800
Octavo   200
;

TInv [*,*] (tr)
:   Cuarto Entero  Medio  Octavo    :=
1        0      0   3490    6332
2    14674      0      0       0
3        0      0      0   45127
4    19507      0      0       0
5    23114      0      0       0
6    25094      0      0       0
7        0   6284   1832       0
8        0      0      0   41259
9    11139      0   4783       0
10       0      0      0   45489
11       0   5819      0       0
12    8483      0   4285       0
13       0      0      0   47741
14    7178      0   4783       0
15       0   5967      0       0
16   17121      0      0       0
17    9269      0   3839       0
18    9560      0   4968       0
19       0      0      0   41994
20       0   6034      0       0
21    2988      0   4183       0
22     644      0   3194    9542
23   17879      0      0       0
24       0      0      0   41569
25    7169      0   3756       0
26       0   3158      0   12844
27     495      0   3906       0
28   14322      0      0       0
29    2097      0      0    4395
30       0      0      0       0
;

alfa [*] :=
Cuarto   410
Entero  1600
 Medio   800
Octavo   200
;

TInv [*,*] (tr)
:   Cuarto Entero  Medio  Octavo    :=
1        0      0   3466    6565
2    14939      0      0       0
3        0      0      0   45127
4    19527      0      0       0
5    23132      0      0       0
6    25107      0      0       0
7        0   6272   1857       0
8        0      0      0   41259
9    11151      0   4783       0
10       0      0      0   45435
11       0   5816      0       0
12    8506      0   4285       0
13       0      0      0   47733
14    7180      0   4783       0
15       0   5965      0       0
16   17124      0      0       0
17    9289      0   3825       0
18    9563      0   4958       0
19       0      0      0   42168
20       0   6036      0       0
21    2952      0   4154       0
22     724      0   3265    9099
23   17880      0      0       0
24       0      0      0   41765
25    7167      0   3755       0
26       0   3119      0   13332
27     314      0   3904       0
28   14798      0      0       0
29    2151      0      0    4370
30       0      0      0       0
;

alfa [*] :=
Cuarto   412
Entero  1600
 Medio   800
Octavo   200
;

TInv [*,*] (tr)
:   Cuarto Entero  Medio  Octavo    :=
1        0      0   3443    6798
2    15205      0      0       0
3        0      0      0   45127
4    19541      0      0       0
5    23136      0      0       0
6    25107      0      0       0
7        0   6259   1881       0
8        0      0      0   41259
9    11152      0   4782       0
10       0      0      0   45442
11       0   5818      0       0
12    8504      0   4285       0
13       0      0      0   47732
14    7190      0   4783       0
15       0   5967      0       0
16   17128      0      0       0
17    9286      0   3812       0
18    9563      0   4949       0
19       0      0      0   42341
20       0   6033      0       0
21    2916      0   4128       0
22     805      0   3337    8674
23   17881      0      0       0
24       0      0      0   41793
25    7168      0   3742       0
26       0   3114      0   13400
27     262      0   3882       0
28   14834      0      0       0
29    2203      0      0    4038
30       0      0      0       0
;

alfa [*] :=
Cuarto   414
Entero  1600
 Medio   800
Octavo   200
;

TInv [*,*] (tr)
:   Cuarto Entero  Medio  Octavo    :=
1        0      0   3419    7031
2    15472      0      0       0
3        0      0      0   45127
4    19554      0      0       0
5    23139      0      0       0
6    25109      0      0       0
7        0   6247   1906       0
8        0      0      0   41259
9    11155      0   4783       0
10       0      0      0   45447
11       0   5819      0       0
12    8506      0   4285       0
13       0      0      0   47738
14    7198      0   4783       0
15       0   5968      0       0
16   17132      0      0       0
17    9283      0   3804       0
18    9563      0   4943       0
19       0      0      0   42443
20       0   6034      0       0
21    2815      0   4111       0
22     771      0   3379    8417
23   17761      0      0       0
24       0      0      0   41944
25    6983      0   3727       0
26       0   3097      0   12897
27     233      0   3856       0
28   14795      0      0       0
29    2265      0      0    3654
30       0      0      0       0
;

alfa [*] :=
Cuarto   416
Entero  1600
 Medio   800
Octavo   200
;

TInv [*,*] (tr)
:   Cuarto Entero  Medio  Octavo    :=
1        0      0   3395    7265
2    15738      0      0       0
3        0      0      0   45127
4    19580      0      0       0
5    23157      0      0       0
6    25117      0      0       0
7        0   6235   1930       0
8        0      0      0   41259
9    11166      0   4783       0
10       0      0      0   45449
11       0   5818      0       0
12    8525      0   4285       0
13       0      0      0   47739
14    7212      0   4783       0
15       0   5968      0       0
16   17140      0      0       0
17    9285      0   3832       0
18    9566      0   4963       0
19       0      0      0   42083
20       0   6033      0       0
21    2298      0   4161       0
22       0      0   3230    9326
23   16582      0      0       0
24       0      0      0   42490
25    5058      0   3748       0
26       0   3122      0    5754
27       0      0   3245    2672
28   14119      0      0       0
29    2815      0      0       0
30       0      0      0       0
;

alfa [*] :=
Cuarto   418
Entero  1600
 Medio   800
Octavo   200
;

TInv [*,*] (tr)
:   Cuarto Entero  Medio  Octavo    :=
1        0      0   3371    7499
2    16004      0      0       0
3        0      0      0   45127
4    19594      0      0       0
5    23165      0      0       0
6    25122      0      0       0
7        0   6223   1955       0
8        0      0      0   41259
9    11171      0   4781       0
10       0      0      0   45447
11       0   5815      0       0
12    8532      0   4285       0
13       0      0      0   47738
14    7211      0   4783       0
15       0   5965      0       0
16   17139      0      0       0
17    9286      0   3822       0
18    9567      0   4956       0
19       0      0      0   42208
20       0   6032      0       0
21    2220      0   4150       0
22       0      0   3282    9007
23   16401      0      0       0
24       0      0      0   42705
25    4460      0   3763       0
26       0   3101      0    5281
27       0      0   3214    2927
28   14222      0      0       0
29    2751      0      0       0
30       0      0      0       0
;

alfa [*] :=
Cuarto   420
Entero  1600
 Medio   800
Octavo   200
;

TInv [*,*] (tr)
:   Cuarto Entero  Medio  Octavo    :=
1        0      0   3347    7734
2    16271      0      0       0
3        0      0      0   45127
4    19613      0      0       0
5    23175      0      0       0
6    25126      0      0       0
7        0   6210   1979       0
8        0      0      0   41259
9    11177      0   4782       0
10       0      0      0   45447
11       0   5815      0       0
12    8541      0   4285       0
13       0      0      0   47738
14    7218      0   4783       0
15       0   5965      0       0
16   17143      0      0       0
17    9288      0   3812       0
18    9568      0   4949       0
19       0      0      0   42335
20       0   6032      0       0
21    2141      0   4127       0
22       0      0   3335    8691
23   16221      0      0       0
24       0      0      0   42920
25    4068      0   3778       0
26       0   3081      0    4764
27       0      0   3184    3192
28   14326      0      0       0
29    2738      0      0       0
30       0      0      0       0
;

alfa [*] :=
Cuarto   422
Entero  1600
 Medio   800
Octavo   200
;

TInv [*,*] (tr)
:   Cuarto Entero  Medio  Octavo    :=
1        0      0   3324    7968
2    16538      0      0       0
3        0      0      0   45127
4    19633      0      0       0
5    23188      0      0       0
6    25132      0      0       0
7        0   6198   2004       0
8        0      0      0   41259
9    11184      0   4782       0
10       0      0      0   45446
11       0   5815      0       0
12    8553      0   4285       0
13       0      0      0   47735
14    7228      0   4783       0
15       0   5967      0       0
16   17150      0      0       0
17    9291      0   3823       0
18    9570      0   4957       0
19       0      0      0   42491
20       0   6033      0       0
21    2226      0   4149       0
22       0      0   3278    9530
23   15922      0      0       0
24       0      0      0   43418
25    3492      0   3790       0
26       0   3079      0    3246
27       0      0   3160    3433
28   14481      0      0       0
29    2731      0      0       0
30       0      0      0       0
;

alfa [*] :=
Cuarto   424
Entero  1600
 Medio   800
Octavo   200
;

TInv [*,*] (tr)
:   Cuarto Entero  Medio  Octavo    :=
1        0      0   3300    8203
2    16806      0      0       0
3        0      0      0   45127
4    19647      0      0       0
5    23195      0      0       0
6    25136      0      0       0
7        0   6186   2028       0
8        0      0      0   41314
9    11187      0   4784       0
10       0      0      0   45498
11       0   5814      0       0
12    8558      0   4285       0
13       0      0      0   47772
14    7238      0   4784       0
15       0   5967      0       0
16   17150      0      0       0
17    9290      0   3823       0
18    9571      0   4956       0
19       0      0      0   42844
20       0   6033      0       0
21    1835      0   4104       0
22       0      0   3574    7473
23   15744      0      0       0
24       0      0      0   42731
25    3055      0   4059       0
26    1510   3010      0       0
27       0      0   2625    7710
28   14522      0      0       0
29    2741      0      0       0
30       0      0      0       0
;

alfa [*] :=
Cuarto   426
Entero  1600
 Medio   800
Octavo   200
;

TInv [*,*] (tr)
:   Cuarto Entero  Medio  Octavo    :=
1        0      0   3349    8426
2    16962      0      0       0
3        0      0      0   45127
4    19627      0      0       0
5    23176      0      0       0
6    25115      0      0       0
7        0   6366   1668       0
8        0      0      0   41432
9    11162      0   4784       0
10       0      0      0   45602
11       0   5843      0       0
12    8522      0   4285       0
13       0      0      0   47861
14    7173      0   4784       0
15       0   5994      0       0
16   16775      0      0       0
17    9062      0   3800       0
18    9341      0   4939       0
19       0      0      0   43231
20       0   5692      0       0
21    1598      0   4052       0
22       0      0   3738    6538
23   15683      0      0       0
24       0      0      0   42796
25    2832      0   4051       0
26    1133   2973      0       0
27       0      0   2645    7531
28   14499      0      0       0
29    2746      0      0       0
30       0      0      0       0
;

alfa [*] :=
Cuarto   428
Entero  1600
 Medio   800
Octavo   200
;

TInv [*,*] (tr)
:   Cuarto Entero  Medio  Octavo    :=
1        0      0   3406    8783
2    17281      0      0       0
3        0      0      0   45127
4    19642      0      0       0
5    23182      0      0       0
6    25115      0      0       0
7        0   6544   1312       0
8        0      0      0   41552
9    11164      0   4784       0
10       0      0      0   45709
11       0   5896      0       0
12    8527      0   4285       0
13       0      0      0   47949
14    7170      0   4784       0
15       0   6046      0       0
16   16452      0      0       0
17    8832      0   3776       0
18    9043      0   4923       0
19       0      0      0   43637
20       0   5357      0       0
21    1358      0   4002       0
22       0      0   3905    5599
23   15622      0      0       0
24       0      0      0   42860
25    2671      0   4042       0
26    1044   2935      0       0
27       0      0   2665    7375
28   14476      0      0       0
29    2757      0      0       0
30       0      0      0       0
;

alfa [*] :=
Cuarto   430
Entero  1600
 Medio   800
Octavo   200
;

TInv [*,*] (tr)
:   Cuarto Entero  Medio  Octavo    :=
1        0      0   3461    9137
2    17599      0      0       0
3        0      0      0   45127
4    19696      0      0       0
5    23200      0      0       0
6    25110      0      0       0
7        0   6718    963       0
8        0      0      0   41674
9    11165      0   4769       0
10       0      0      0   45819
11       0   5942      0       0
12    8560      0   4285       0
13       0      0      0   48034
14    7121      0   4780       0
15       0   6086      0       0
16   16137      0      0       0
17    8608      0   3753       0
18    8707      0   4913       0
19       0      0      0   43993
20       0   5027      0       0
21    1115      0   3978       0
22       0      0   4083    4643
23   15562      0      0       0
24       0      0      0   42923
25    2553      0   4033       0
26     979   2898      0       0
27       0      0   2682    7224
28   14453      0      0       0
29    2744      0      0       0
30       0      0      0       0
;

alfa [*] :=
Cuarto   432
Entero  1600
 Medio   800
Octavo   200
;

TInv [*,*] (tr)
:   Cuarto Entero  Medio  Octavo    :=
1        0      0   3488    9157
2    17653      0      0       0
3        0      0      0   45127
4    19762      0      0       0
5    23234      0      0       0
6    25114      0      0       0
7        0   6872    657       0
8        0      0      0   42252
9    11171      0   4772       0
10       0      0      0   46317
11       0   5981      0       0
12    8622      0   4285       0
13       0      0      0   48449
14    7102      0   4778       0
15       0   6127      0       0
16   15836      0      0       0
17    8391      0   3683       0
18    8473      0   4866       0
19       0      0      0   44980
20       0   4719      0       0
21     790      0   3874       0
22    1500      0   5025       0
23   15596      0      0       0
24       0      0      0   42418
25    2552      0   4094       0
26     905   2901      0       0
27       0      0   2522    8475
28   14429      0      0       0
29    2735      0      0       0
30       0      0      0       0
;

alfa [*] :=
Cuarto   434
Entero  1600
 Medio   800
Octavo   200
;

TInv [*,*] (tr)
:   Cuarto Entero  Medio  Octavo    :=
1        0      0   3483    9091
2    17653      0      0       0
3        0      0      0   45127
4    19693      0      0       0
5    23205      0      0       0
6    25109      0      0       0
7        0   7200      0       0
8        0      0      0   42252
9    11161      0   4607       0
10       0      0      0   46327
11       0   5785      0       0
12    8567      0   4285       0
13       0      0      0   48459
14    7135      0   4781       0
15       0   6164      0       0
16   15586      0      0       0
17    8215      0   3674       0
18    8246      0   4854       0
19       0      0      0   45490
20       0   4472      0       0
21     729      0   3801       0
22    1077      0   4947       0
23   15618      0      0       0
24       0      0      0   42583
25    2586      0   4101       0
26    1071   2863      0       0
27       0      0   2576    8065
28   14406      0      0       0
29    2751      0      0       0
30       0      0      0       0
;

alfa [*] :=
Cuarto   436
Entero  1600
 Medio   800
Octavo   200
;

TInv [*,*] (tr)
:   Cuarto Entero  Medio  Octavo    :=
1        0      0   3494    8214
2    16161      0      0       0
3        0      0      0   45127
4    18829      0      0       0
5    22563      0      0       0
6    24687      0      0       0
7        0   7200      0       0
8        0      0      0   42252
9    10637      0   4780       0
10       0      0      0   46341
11       0   6122      0       0
12    7163      0   4291       0
13       0      0      0   48473
14     674      0   4787       0
15   15684      0      0       0
16   19126      0      0       0
17    5211   2319   1143       0
18    9494      0   4784       0
19       0      0      0   45942
20       0   5860      0       0
21       0    310   3409       0
22     767      0   4826       0
23   15401      0      0       0
24       0      0      0   43189
25    2155      0   3955       0
26     824   2822      0       0
27       0      0   2767    6571
28   14383      0      0       0
29    2771      0      0       0
30       0      0      0       0
;

alfa [*] :=
Cuarto   438
Entero  1600
 Medio   800
Octavo   200
;

TInv [*,*] (tr)
:   Cuarto Entero  Medio  Octavo    :=
1        0      0   3474    8438
2    16408      0      0       0
3        0      0      0   45127
4    18683      0      0       0
5    22448      0      0       0
6    24632      0      0       0
7        0   7200      0       0
8        0      0      0   42252
9    10563      0   4782       0
10       0      0      0   46346
11       0   6158      0       0
12    7162      0   4320       0
13       0      0      0   48476
14     749      0   4813       0
15   15381      0      0       0
16   19478      0      0       0
17    5206   2490    949       0
18    9558      0   4783       0
19       0      0      0   45954
20       0   6022      0       0
21     583      0   3755       0
22     848      0   4909       0
23   15437      0      0       0
24       0      0      0   43075
25    2221      0   4021       0
26    1040   2795      0       0
27       0      0   2731    6851
28   14359      0      0       0
29    2774      0      0       0
30       0      0      0       0
;

alfa [*] :=
Cuarto   440
Entero  1600
 Medio   800
Octavo   200
;

TInv [*,*] (tr)
:   Cuarto Entero  Medio  Octavo    :=
1        0      0   3454    8662
2    16656      0      0       0
3        0      0      0   45127
4    18678      0      0       0
5    22437      0      0       0
6    24629      0      0       0
7        0   7200      0       0
8        0      0      0   42252
9    10558      0   4783       0
10       0      0      0   46361
11       0   6169      0       0
12    7166      0   4285       0
13       0      0      0   48489
14     575      0   4784       0
15   15161      0      0       0
16   19244      0      0       0
17    6012   2002   1402       0
18    9559      0   4784       0
19       0      0      0   45971
20       0   5941      0       0
21       0    323   3372       0
22     634      0   4853       0
23   15266      0      0       0
24       0      0      0   43482
25    1946      0   3948       0
26     871   2750      0       0
27       0      0   2859    5847
28   14160      0      0       0
29    2588    131      0       0
30       0      0      0       0
;

alfa [*] :=
Cuarto   442
Entero  1600
 Medio   800
Octavo   200
;

TInv [*,*] (tr)
:   Cuarto Entero  Medio  Octavo    :=
1        0      0   3430    8803
2    16837      0      0       0
3        0      0      0   45127
4    18804      0      0       0
5    22508      0      0       0
6    24639      0      0       0
7        0   7200      0       0
8        0      0      0   42252
9    10578      0   4775       0
10       0      0      0   46426
11       0   6178      0       0
12    7153      0   4285       0
13       0      0      0   48531
14     619      0   4781       0
15   15348      0      0       0
16   19407      0      0       0
17    5785   2152   1285       0
18    9561      0   4780       0
19       0      0      0   45858
20       0   6009      0       0
21     192      0   3931       0
22     463      0   5021       0
23   14970      0      0       0
24       0      0      0   43010
25    1336      0   4210       0
26       0   2797      0       0
27       0      0   4294       0
28    6678      0      0       0
29       0   1550      0     479
30       0      0      0       0
;

alfa [*] :=
Cuarto   444
Entero  1600
 Medio   800
Octavo   200
;

TInv [*,*] (tr)
:   Cuarto Entero  Medio  Octavo    :=
1        0      0   3392    8714
2    16837      0      0       0
3        0      0      0   45127
4    18798      0      0       0
5    22523      0      0       0
6    24640      0      0       0
7        0   7200      0       0
8        0      0      0   42252
9    10581      0   4781       0
10       0      0      0   46405
11       0   6188      0       0
12    7150      0   4285       0
13       0      0      0   48494
14     575      0   4781       0
15   15179      0      0       0
16   19329      0      0       0
17    5952   2043   1402       0
18    9559      0   4782       0
19       0      0      0   45873
20       0   6018      0       0
21     150      0   3959       0
22     293      0   5053       0
23   14836      0      0       0
24       0      0      0   43022
25    1155      0   4361       0
26       0   2755      0       0
27       0      0   4764       0
28    6530      0      0       0
29       0   1545      0       0
30       0      0      0       0
;

alfa [*] :=
Cuarto   446
Entero  1600
 Medio   800
Octavo   200
;

TInv [*,*] (tr)
:   Cuarto Entero  Medio  Octavo    :=
1        0      0   3354    8626
2    16837      0      0       0
3        0      0      0   45127
4    18781      0      0       0
5    22507      0      0       0
6    24636      0      0       0
7        0   7200      0       0
8        0      0      0   42252
9    10579      0   4777       0
10       0      0      0   46370
11       0   6196      0       0
12    7145      0   4285       0
13       0      0      0   48462
14     531      0   4780       0
15   15185      0      0       0
16   19274      0      0       0
17    6166   1937   1518       0
18    9553      0   4781       0
19       0      0      0   45890
20       0   6002      0       0
21     107      0   4033       0
22     286      0   5110       0
23   14778      0      0       0
24       0      0      0   43127
25     965      0   4482       0
26       0   2712      0       0
27       0      0   4900       0
28    6631      0      0       0
29       0   1541      0       0
30       0      0      0       0
;

alfa [*] :=
Cuarto   448
Entero  1600
 Medio   800
Octavo   200
;

TInv [*,*] (tr)
:   Cuarto Entero  Medio  Octavo    :=
1        0      0   3316    8538
2    16837      0      0       0
3        0      0      0   45127
4    18787      0      0       0
5    22517      0      0       0
6    24620      0      0       0
7        0   7200      0       0
8        0      0      0   42252
9    10578      0   4782       0
10       0      0      0   46345
11       0   6198      0       0
12    7140      0   4285       0
13       0      0      0   48427
14     487      0   4780       0
15   14996      0      0       0
16   19259      0      0       0
17    6358   1817   1633       0
18    9557      0   4781       0
19       0      0      0   45886
20       0   6014      0       0
21       4      0   4042       0
22      87      0   5112       0
23   14594      0      0       0
24       0      0      0   43313
25     680      0   4493       0
26       0   2575      0       0
27       0      0   4932       0
28    6589      0      0       0
29       0   1530      0       0
30       0      0      0       0
;

alfa [*] :=
Cuarto   450
Entero  1600
 Medio   800
Octavo   200
;

TInv [*,*] (tr)
:   Cuarto Entero  Medio  Octavo    :=
1        0      0   3278    8450
2    16837      0      0       0
3        0      0      0   45127
4    18740      0      0       0
5    22498      0      0       0
6    24623      0      0       0
7        0   7200      0       0
8        0      0      0   42252
9    10571      0   4783       0
10       0      0      0   46344
11       0   6218      0       0
12    7157      0   4285       0
13       0      0      0   48444
14     443      0   4782       0
15   15001      0      0       0
16   19194      0      0       0
17    6552   1706   1749       0
18    9559      0   4784       0
19       0      0      0   45927
20       0   6014      0       0
21       0      0   4050       0
22       0      0   5115       0
23   14358      0      0       0
24       0      0      0   43626
25      56      0   4506       0
26       0   2311      0       0
27       0      0   4956       0
28    6320      0      0       0
29       0   1508      0       0
30       0      0      0       0
;

alfa [*] :=
Cuarto   452
Entero  1600
 Medio   800
Octavo   200
;

TInv [*,*] (tr)
:   Cuarto Entero  Medio  Octavo    :=
1        0      0   3241    8361
2    16837      0      0       0
3        0      0      0   45127
4    18711      0      0       0
5    22483      0      0       0
6    24628      0      0       0
7        0   7200      0       0
8        0      0      0   42252
9    10569      0   4783       0
10       0      0      0   46352
11       0   6224      0       0
12    7162      0   4285       0
13       0      0      0   48460
14     399      0   4783       0
15   14949      0      0       0
16   19119      0      0       0
17    6775   1595   1865       0
18    9559      0   4784       0
19       0      0      0   45956
20       0   6011      0       0
21       0      0   4059       0
22       0      0   5122       0
23   14358      0      0       0
24       0      0      0   43767
25       0      0   4520       0
26       0   2258      0       0
27       0      0   4976       0
28    6363      0      0       0
29       0   1501      0       0
30       0      0      0       0
;

alfa [*] :=
Cuarto   454
Entero  1600
 Medio   800
Octavo   200
;

TInv [*,*] (tr)
:   Cuarto Entero  Medio  Octavo    :=
1        0      0   3094    6400
2    13734      0      0       0
3        0      0      0   47546
4    16787      0      0       0
5    20874      0      0       0
6    23438      0      0       0
7        0   7200      0       0
8    19114      0      0    5766
9    10583      0   4782       0
10       0      0      0   44436
11       0   6215      0       0
12    7337      0   4285       0
13       0      0      0   47908
14     562      0   4784       0
15   14859      0      0       0
16   18973      0      0       0
17    6381   1859   1675       0
18    9555      0   4785       0
19       0      0      0   45845
20       0   6009      0       0
21       0      0   4242       0
22       0      0   5247       0
23   14358      0      0       0
24       0      0      0   43010
25       0      0   4761       0
26    1358   1469      0       0
27       0      0   5249       0
28       0      6      0       0
29       0      0      0       0
30       0      0      0       0
;

alfa [*] :=
Cuarto   456
Entero  1600
 Medio   800
Octavo   200
;

TInv [*,*] (tr)
:   Cuarto Entero  Medio  Octavo    :=
1        0      0   3071    6572
2    13918      0      0       0
3        0      0      0   46633
4    16481      0      0       0
5    20546      0      0       0
6    23189      0      0       0
7        0   4948      0   12483
8    23446      0      0       0
9    10905      0   4783       0
10       0      0      0   44436
11       0   5986      0       0
12    7614      0   4505       0
13       0      0      0   47843
14    1052      0   4920       0
15   15314      0      0       0
16   19826      0      0       0
17    2826   3770      0       0
18    9540      0   4782       0
19       0      0      0   45827
20       0   5997      0       0
21       0      0   4242       0
22       0      0   5253       0
23   14358      0      0       0
24       0      0      0   43010
25       0      0   4810       0
26    1460   1432      0       0
27       0      0   5318       0
28       0      0      0       0
29       0      0      0       0
30       0      0      0       0
;

alfa [*] :=
Cuarto   458
Entero  1600
 Medio   800
Octavo   200
;

TInv [*,*] (tr)
:   Cuarto Entero  Medio  Octavo    :=
1        0      0   3051    6782
2    14150      0      0       0
3        0      0      0   46633
4    16531      0      0       0
5    20219      0      0       0
6    22832      0      0       0
7        0   4948      0   13263
8    21371      0      0       0
9    11284      0   4783       0
10       0      0      0   44436
11       0   5986      0       0
12    8012      0   4491       0
13       0      0      0   47822
14    2261      0   4987       0
15   16073      0      0       0
16   20186      0      0       0
17    3108   3658    202       0
18    9653      0   4783       0
19       0      0      0   45828
20       0   5983      0       0
21       0      0   4242       0
22       0      0   5256       0
23   14358      0      0       0
24       0      0      0   43022
25       0      0   4841       0
26    1557   1397      0       0
27       0      0   5378       0
28       0      0      0       0
29       0      0      0       0
30       0      0      0       0
;

alfa [*] :=
Cuarto   460
Entero  1600
 Medio   800
Octavo   200
;

TInv [*,*] (tr)
:   Cuarto Entero  Medio  Octavo    :=
1        0      0   3030    6993
2    14381      0      0       0
3        0      0      0   46633
4    16550      0      0       0
5    20215      0      0       0
6    22829      0      0       0
7        0   4948      0   13197
8    21425      0      0       0
9    11273      0   4783       0
10       0      0      0   44436
11       0   5986      0       0
12    8021      0   4477       0
13       0      0      0   47822
14    2264      0   4966       0
15   16048      0      0       0
16   20153      0      0       0
17    3309   3546    235       0
18    9648      0   4783       0
19       0      0      0   45828
20       0   5986      0       0
21       0      0   4242       0
22       0      0   5257       0
23   14358      0      0       0
24       0      0      0   43105
25       0      0   4841       0
26    1624   1381      0       0
27       0      0   5378       0
28       0     14      0       0
29       0      0      0       0
30       0      0      0       0
;

alfa [*] :=
Cuarto   462
Entero  1600
 Medio   800
Octavo   200
;

TInv [*,*] (tr)
:   Cuarto Entero  Medio  Octavo    :=
1        0      0   3010    7204
2    14613      0      0       0
3        0      0      0   46633
4    16544      0      0       0
5    20208      0      0       0
6    22823      0      0       0
7        0   4948      0   13168
8    21419      0      0       0
9    11268      0   4783       0
10       0      0      0   44436
11       0   5986      0       0
12    8012      0   4463       0
13       0      0      0   47822
14    2244      0   4955       0
15   16015      0      0       0
16   20125      0      0       0
17    3491   3435    276       0
18    9647      0   4783       0
19       0      0      0   45828
20       0   5990      0       0
21       0      0   4242       0
22       0      0   5257       0
23   14358      0      0       0
24       0      0      0   43229
25       0      0   4841       0
26    1690   1364      0       0
27       0      0   5378       0
28       0     59      0       0
29       0      6      0       0
30       0      0      0       0
;

alfa [*] :=
Cuarto   464
Entero  1600
 Medio   800
Octavo   200
;

TInv [*,*] (tr)
:   Cuarto Entero  Medio  Octavo    :=
1        0      0   2990    7416
2    14846      0      0       0
3        0      0      0   46633
4    16542      0      0       0
5    20203      0      0       0
6    22818      0      0       0
7        0   4948      0   13189
8    21419      0      0       0
9    11263      0   4783       0
10       0      0      0   44436
11       0   5986      0       0
12    8005      0   4449       0
13       0      0      0   47824
14    2182      0   4934       0
15   15965      0      0       0
16   20082      0      0       0
17    3668   3324    186       0
18    9646      0   4783       0
19       0      0      0   45827
20       0   6008      0       0
21       0      0   4242       0
22       0      0   5257       0
23   14358      0      0       0
24       0      0      0   43371
25       0      0   4843       0
26    1756   1348      0       0
27       0      0   5380       0
28       0    118      0       0
29       0     27      0       0
30       0      0      0       0
;

alfa [*] :=
Cuarto   466
Entero  1600
 Medio   800
Octavo   200
;

TInv [*,*] (tr)
:   Cuarto Entero  Medio  Octavo    :=
1        0      0   2949    7141
2    14476      0      0       0
3        0      0      0   48117
4    16290      0      0       0
5    20001      0      0       0
6    22663      0      0       0
7        0   6247      0    5423
8    21267      0      0       0
9    11145      0   4783       0
10       0      0      0   44436
11       0   6146      0       0
12    7795      0   4285       0
13       0      0      0   47825
14    1575      0   4783       0
15   15295      0      0       0
16   19400      0      0       0
17    6430   1776   1586       0
18    9619      0   4783       0
19       0      0      0   45821
20       0   6003      0       0
21       0      0   4242       0
22       0      0   5257       0
23   14358      0      0       0
24       0      0      0   43514
25       0      0   4842       0
26    1823   1331      0       0
27       0      0   5377       0
28       0    177      0       0
29       0     41      0       0
30       0      0      0       0
;

alfa [*] :=
Cuarto   468
Entero  1600
 Medio   800
Octavo   200
;

TInv [*,*] (tr)
:   Cuarto Entero  Medio  Octavo    :=
1        0      0   2908    6790
2    14009      0      0       0
3        0      0      0   49207
4    15987      0      0       0
5    19736      0      0       0
6    22458      0      0       0
7        0   7200      0       0
8    21035      0      0       0
9    10989      0   4783       0
10       0      0      0   44436
11       0   6304      0       0
12    7468      0   4285       0
13       0      0      0   47821
14     617      0   4783       0
15   14367      0      0       0
16   18583      0      0       0
17    9687    203   3718       0
18    9600      0   5032       0
19       0      0      0   45826
20       0   5986      0       0
21       0      0   4273       0
22       0      0   5273       0
23   14358      0      0       0
24       0      0      0   43748
25       0      0   4851       0
26    1889   1314      0       0
27       0      0   5379       0
28       0    306      0       0
29     596      0      0       0
30       0      0      0       0
;

alfa [*] :=
Cuarto   470
Entero  1600
 Medio   800
Octavo   200
;

TInv [*,*] (tr)
:   Cuarto Entero  Medio  Octavo    :=
1        0      0   2893    6990
2    14220      0      0       0
3        0      0      0   49207
4    15967      0      0       0
5    19690      0      0       0
6    22419      0      0       0
7        0   7200      0       0
8    20991      0      0       0
9    10968      0   4783       0
10       0      0      0   44436
11       0   6365      0       0
12    7440      0   4285       0
13       0      0      0   47823
14     476      0   4783       0
15   14277      0      0       0
16   18381      0      0       0
17    9727     54   3927       0
18    9595      0   5066       0
19       0      0      0   45827
20       0   5986      0       0
21       0      0   4284       0
22       0      0   5280       0
23   14358      0      0       0
24       0      0      0   43925
25       0      0   4856       0
26    1955   1298      0       0
27       0      0   5378       0
28       0    391      0       0
29     790      0      0       0
30       0      0      0       0
;

alfa [*] :=
Cuarto   472
Entero  1600
 Medio   800
Octavo   200
;

TInv [*,*] (tr)
:   Cuarto Entero  Medio  Octavo    :=
1        0      0   2880    7227
2    14476      0      0       0
3        0      0      0   49207
4    15969      0      0       0
5    19681      0      0       0
6    22412      0      0       0
7        0   7200      0       0
8    20984      0      0       0
9    10967      0   4783       0
10       0      0      0   44436
11       0   6383      0       0
12    7440      0   4285       0
13       0      0      0   47819
14     461      0   4783       0
15   14254      0      0       0
16   18237      0      0       0
17    9645      0   4002       0
18    9592      0   5077       0
19       0      0      0   45827
20       0   5986      0       0
21       0      0   4288       0
22       0      0   5282       0
23   14358      0      0       0
24       0      0      0   44103
25       0      0   4857       0
26    2021   1281      0       0
27       0      0   5377       0
28       0    477      0       0
29     985      0      0       0
30       0      0      0       0
;

alfa [*] :=
Cuarto   474
Entero  1600
 Medio   800
Octavo   200
;

TInv [*,*] (tr)
:   Cuarto Entero  Medio  Octavo    :=
1        0      0   2864    7417
2    14702      0      0       0
3        0      0      0   49207
4    15978      0      0       0
5    19672      0      0       0
6    22403      0      0       0
7        0   7200      0       0
8    20973      0      0       0
9    10965      0   4783       0
10       0      0      0   44436
11       0   6383      0       0
12    7447      0   4285       0
13       0      0      0   47825
14     457      0   4783       0
15   14259      0      0       0
16   18226      0      0       0
17    9632      0   4002       0
18    9592      0   5078       0
19       0      0      0   45828
20       0   5986      0       0
21       1      0   4288       0
22       0      0   5282       0
23   14358      0      0       0
24       0      0      0   44281
25       0      0   4858       0
26    2088   1265      0       0
27       0      0   5379       0
28       0    563      0       0
29    1180      0      0       0
30       0      0      0       0
;

alfa [*] :=
Cuarto   476
Entero  1600
 Medio   800
Octavo   200
;

TInv [*,*] (tr)
:   Cuarto Entero  Medio  Octavo    :=
1        0      0   2837    7336
2    14702      0      0       0
3        0      0      0   49207
4    15979      0      0       0
5    19668      0      0       0
6    22399      0      0       0
7        0   7200      0       0
8    20967      0      0       0
9    10963      0   4783       0
10       0      0      0   44436
11       0   6383      0       0
12    7450      0   4285       0
13       0      0      0   47827
14     472      0   4783       0
15   14259      0      0       0
16   18220      0      0       0
17    9627      0   4002       0
18    9592      0   5078       0
19       0      0      0   45828
20       0   5986      0       0
21       2      0   4288       0
22       0      0   5282       0
23   14358      0      0       0
24       0      0      0   44461
25       0      0   4858       0
26    2154   1248      0       0
27       0      0   5379       0
28       0    649      0       0
29    1377      0      0       0
30       0      0      0       0
;

alfa [*] :=
Cuarto   478
Entero  1600
 Medio   800
Octavo   200
;

TInv [*,*] (tr)
:   Cuarto Entero  Medio  Octavo    :=
1        0      0   2810    7255
2    14511      0      0       0
3        0      0      0   49207
4    15810      0      0       0
5    19593      0      0       0
6    22331      0      0       0
7        0   7200      0       0
8    20883      0      0       0
9    10878      0   4783       0
10       0      0      0   44436
11       0   6382      0       0
12    7300      0   4731       0
13       0      0      0   47829
14       0      0   5109       0
15   12670      0      0       0
16   16732      0      0       0
17    8602      0   4817       0
18   20918      0      0       0
19       0      0      0   45817
20       0   5986      0       0
21     116      0   4242       0
22      72      0   5256       0
23   14359      0      0       0
24       0      0      0   44641
25       0      0   4841       0
26    2220   1232      0       0
27       0      0   5377       0
28       0    736      0       0
29    1574      0      0       0
30       0      0      0       0
;

alfa [*] :=
Cuarto   480
Entero  1600
 Medio   800
Octavo   200
;

TInv [*,*] (tr)
:   Cuarto Entero  Medio  Octavo    :=
1        0      0   2783    7174
2    14511      0      0       0
3        0      0      0   49206
4    15778      0      0       0
5    19549      0      0       0
6    22305      0      0       0
7        0   7200      0       0
8    20858      0      0       0
9    10867      0   4783       0
10       0      0      0   44436
11       0   6382      0       0
12    7277      0   4731       0
13       0      0      0   47825
14       0      0   5130       0
15   12670      0      0       0
16   16701      0      0       0
17    8601      0   4923       0
18   20721      0      0       0
19       0      0      0   45821
20       0   5986      0       0
21     304      0   4242       0
22     210      0   5256       0
23   14385      0      0       0
24       0      0      0   44822
25       0      0   4841       0
26    2287   1215      0       0
27       0      0   5377       0
28       0    823      0       0
29    1772      0      0       0
30       0      0      0       0
;

alfa [*] :=
Cuarto   482
Entero  1600
 Medio   800
Octavo   200
;

TInv [*,*] (tr)
:   Cuarto Entero  Medio  Octavo    :=
1        0      0   2756    7093
2    14511      0      0       0
3        0      0      0   49207
4    15776      0      0       0
5    19546      0      0       0
6    22303      0      0       0
7        0   7200      0       0
8    20857      0      0       0
9    10866      0   4783       0
10       0      0      0   44436
11       0   6382      0       0
12    7275      0   4731       0
13       0      0      0   47825
14       0      0   5132       0
15   12670      0      0       0
16   16698      0      0       0
17    8600      0   4936       0
18   20691      0      0       0
19       0      0      0   45821
20       0   5986      0       0
21     327      0   4242       0
22     227      0   5256       0
23   14388      0      0       0
24       0      0      0   45004
25       0      0   4841       0
26    2353   1198      0       0
27       0      0   5377       0
28       0    911      0       0
29    1971      0      0       0
30       0      0      0       0
;

alfa [*] :=
Cuarto   484
Entero  1600
 Medio   800
Octavo   200
;

TInv [*,*] (tr)
:   Cuarto Entero  Medio  Octavo    :=
1        0      0   2729    7012
2    14511      0      0       0
3        0      0      0   49207
4    15758      0      0       0
5    19513      0      0       0
6    22282      0      0       0
7        0   7200      0       0
8    20835      0      0       0
9    10856      0   4783       0
10       0      0      0   44436
11       0   6382      0       0
12    7245      0   4731       0
13       0      0      0   47820
14       0      0   5215       0
15   12670      0      0       0
16   16599      0      0       0
17    8565      0   5304       0
18   19952      0      0       0
19       0      0      0   45827
20       0   5986      0       0
21     934      0   4242       0
22     664      0   5256       0
23   14473      0      0       0
24       0      0      0   45187
25       0      0   4841       0
26    2419   1182      0       0
27       0      0   5377       0
28       0   1000      0       0
29    2171      0      0       0
30       0      0      0       0
;

alfa [*] :=
Cuarto   486
Entero  1600
 Medio   800
Octavo   200
;

TInv [*,*] (tr)
:   Cuarto Entero  Medio  Octavo    :=
1        0      0   2702    6931
2    14511      0      0       0
3        0      0      0   49207
4    15757      0      0       0
5    19483      0      0       0
6    22257      0      0       0
7        0   7200      0       0
8    20812      0      0       0
9    10849      0   4783       0
10       0      0      0   44436
11       0   6383      0       0
12    7247      0   4731       0
13       0      0      0   47827
14       0      0   5235       0
15   12670      0      0       0
16   16326      0      0       0
17    8510      0   5373       0
18   19660      0      0       0
19       0      0      0   45828
20       0   5992      0       0
21    1121      0   4242       0
22     723      0   5257       0
23   14477      0      0       0
24       0      0      0   45371
25       0      0   4842       0
26    2535   1153      0       0
27       0      0   5380       0
28       0   1088      0       0
29    2373      0      0       0
30       0      0      0       0
;

alfa [*] :=
Cuarto   488
Entero  1600
 Medio   800
Octavo   200
;

TInv [*,*] (tr)
:   Cuarto Entero  Medio  Octavo    :=
1        0      0   2675    6850
2    14511      0      0       0
3        0      0      0   49207
4    15757      0      0       0
5    19479      0      0       0
6    22256      0      0       0
7        0   7200      0       0
8    20825      0      0       0
9    10848      0   4783       0
10       0      0      0   44436
11       0   6384      0       0
12    7256      0   4731       0
13       0      0      0   47829
14       0      0   5235       0
15   12670      0      0       0
16   16278      0      0       0
17    8495      0   5376       0
18   19626      0      0       0
19       0      0      0   45827
20       0   6001      0       0
21    1134      0   4242       0
22     726      0   5257       0
23   14477      0      0       0
24       0      0      0   45556
25       0      0   4843       0
26    2685   1115      0       0
27       0      0   5383       0
28       0   1178      0       0
29    2575      0      0       0
30       0      0      0       0
;

alfa [*] :=
Cuarto   490
Entero  1600
 Medio   800
Octavo   200
;

TInv [*,*] (tr)
:   Cuarto Entero  Medio  Octavo    :=
1        0      0   2648    6769
2    14511      0      0       0
3        0      0      0   49207
4    15757      0      0       0
5    19481      0      0       0
6    22257      0      0       0
7        0   7200      0       0
8    20825      0      0       0
9    10857      0   4783       0
10       0      0      0   44436
11       0   6384      0       0
12    7257      0   4731       0
13       0      0      0   47788
14       0      0   5235       0
15   12670      0      0       0
16   16259      0      0       0
17    8493      0   5376       0
18   19620      0      0       0
19       0      0      0   45827
20       0   6010      0       0
21    1139      0   4242       0
22     729      0   5257       0
23   14479      0      0       0
24       0      0      0   45743
25       0      0   4843       0
26    2836   1078      0       0
27       0      0   5382       0
28       0   1268      0       0
29    2779      0      0       0
30       0      0      0       0
;

alfa [*] :=
Cuarto   492
Entero  1600
 Medio   800
Octavo   200
;

TInv [*,*] (tr)
:   Cuarto Entero  Medio  Octavo    :=
1        0      0   2621    6688
2    14282      0      0       0
3        0      0      0   49207
4    15517      0      0       0
5    19263      0      0       0
6    22077      0      0       0
7        0   7200      0       0
8    20577      0      0       0
9    10708      0   4783       0
10       0      0      0   44956
11       0   6380      0       0
12    6247      0   4731       0
13     262      0      0   42748
14       0      0   5244       0
15   12670      0      0       0
16   16337      0      0       0
17    8516      0   5372       0
18   19676      0      0       0
19       0      0      0   45827
20       0   5995      0       0
21    1321      0   4364       0
22     901      0   5344       0
23   14535      0      0       0
24       0      0      0   45827
25       0      0   5010       0
26    6140      0      0       0
27       0      0   4459       0
28       0   1288      0       0
29    2812      0      0       0
30       0      0      0       0
;

alfa [*] :=
Cuarto   494
Entero  1600
 Medio   800
Octavo   200
;

TInv [*,*] (tr)
:   Cuarto Entero  Medio  Octavo    :=
1        0      0   2594    6606
2    14108      0      0       0
3        0      0      0   49207
4    15222      0      0       0
5    18980      0      0       0
6    21847      0      0       0
7        0   7200      0       0
8    20257      0      0       0
9    10543      0   4783       0
10       0      0      0   45591
11       0   6382      0       0
12    5030      0   4731       0
13     201      0      0   37985
14       0      0   5235       0
15   12670      0      0       0
16   16280      0      0       0
17    8502      0   5375       0
18   19623      0      0       0
19       0      0      0   45827
20       0   6005      0       0
21    1168      0   4364       0
22     748      0   5347       0
23   14482      0      0       0
24       0      0      0   45827
25       0      0   5049       0
26    6277      0      0       0
27       0      0   4470       0
28       0   1275      0       0
29    2787      0      0       0
30       0      0      0       0
;

alfa [*] :=
Cuarto   496
Entero  1600
 Medio   800
Octavo   200
;

TInv [*,*] (tr)
:   Cuarto Entero  Medio  Octavo    :=
1        0      0   2567    6525
2    14108      0      0       0
3        0      0      0   49207
4    15005      0      0       0
5    18752      0      0       0
6    21660      0      0       0
7        0   7200      0       0
8    19973      0      0       0
9    10387      0   4783       0
10       0      0      0   46121
11       0   6382      0       0
12    2925      0   4731       0
13     310      0      0   34084
14       0      0   5237       0
15   12670      0      0       0
16   16275      0      0       0
17    8506      0   5375       0
18   19634      0      0       0
19       0      0      0   45827
20       0   6015      0       0
21    1215      0   4363       0
22     791      0   5348       0
23   14494      0      0       0
24       0      0      0   45827
25       0      0   5050       0
26    6413      0      0       0
27       0      0   4473       0
28       0   1263      0       0
29    2761      0      0       0
30       0      0      0       0
;

alfa [*] :=
Cuarto   498
Entero  1600
 Medio   800
Octavo   200
;

TInv [*,*] (tr)
:   Cuarto Entero  Medio  Octavo    :=
1       13      0   2538    6439
2    14108      0      0       0
3        0      0      0   49206
4    14791      0      0       0
5    18503      0      0       0
6    21457      0      0       0
7        0   7200      0       0
8    19749      0      0       0
9    10263      0   4783       0
10       0      0      0   46643
11       0   6382      0       0
12    2703      0   4731       0
13     340      0      0   30175
14       0      0   5235       0
15   12670      0      0       0
16   16252      0      0       0
17    8503      0   5375       0
18   19618      0      0       0
19       0      0      0   45827
20       0   6025      0       0
21    1165      0   4363       0
22     746      0   5347       0
23   14482      0      0       0
24       0      0      0   45827
25       0      0   5048       0
26    6550      0      0       0
27       0      0   4475       0
28       0   1251      0       0
29    2735      0      0       0
30       0      0      0       0
;

alfa [*] :=
Cuarto   500
Entero  1600
 Medio   800
Octavo   200
;

TInv [*,*] (tr)
:   Cuarto Entero  Medio  Octavo    :=
1        0      0   2799    6553
2    14108      0      0       0
3        0      0      0   49207
4    14545      0      0       0
5    18292      0      0       0
6    21285      0      0       0
7        0   7200      0       0
8    19529      0      0       0
9    10099      0   5206       0
10       0      0      0   44776
11       0   6382      0       0
12    1208      0   5261       0
13   12303      0      0       0
14       1      0    304   42534
15   12625      0      0       0
16   16223      0      0       0
17    8481      0   5374       0
18   19596      0      0       0
19       0      0      0   45827
20       0   6035      0       0
21    1076      0   4363       0
22     859      0   5347       0
23   14512      0      0       0
24       0      0      0   45827
25       0      0   5047       0
26    6687      0      0       0
27       0      0   4475       0
28       0   1237      0       0
29    2704      0      0       0
30       0      0      0       0
;

