alfa [*] :=
Cuarto   400.0000
Entero  1600.0000
 Medio   800.0000
Octavo   200.0000
;

TInv [*,*] (tr)
:      Cuarto      Entero       Medio       Octavo      :=
1        0.0000      0.0000   3564.0097    5975.6211
2     9547.4636      0.0000   1907.8779    2011.1216
3        0.0000      0.0000      0.0000   45468.8845
4    19412.2596      0.0000      0.0000       0.0000
5    23888.5169      0.0000      0.0000       0.0000
6    25235.0613      0.0000      0.0000       0.0000
7        0.0000   7200.0000      0.0000       0.0000
8        0.0000      0.0000      0.0000   41258.8866
9    11200.4516      0.0000   4414.4533       0.0000
10       0.0000      0.0000      0.0000   47700.8823
11       0.0000   5708.8011      0.0000       0.0000
12    9953.3488      0.0000   4285.4762       0.0000
13       0.0000      0.0000      0.0000   47891.0099
14    7188.3231      0.0000   4780.0708       0.0000
15       0.0000   5752.8361      0.0000       0.0000
16   17111.7308      0.0000      0.0000       0.0000
17    8950.9048      0.0000   3892.9526       0.0000
18    9569.4534      0.0000   4736.1647       0.0000
19       0.0000      0.0000      0.0000   41304.0642
20       0.0000   6073.5132      0.0000       0.0000
21    3131.9816      0.0000   3986.7334       0.0000
22     693.0616      0.0000   2905.5589   11398.6049
23   18062.3246      0.0000      0.0000       0.0000
24       0.0000      0.0000      0.0000   40796.3761
25    7178.1539      0.0000   3760.6399       0.0000
26       0.0000   3309.6747      0.0000   10563.9501
27    1215.1460      0.0000   3795.2316       0.0000
28   13228.9649      0.0000      0.0000       0.0000
29     414.4052      0.0000      0.0000    4512.3245
30       0.0000      0.0000      0.0000       0.0000
;

alfa [*] :=
Cuarto   400.0160
Entero  1600.0000
 Medio   800.0000
Octavo   200.0000
;

TInv [*,*] (tr)
:      Cuarto      Entero       Medio       Octavo      :=
1        0.0000      0.0000   3563.7851    5975.1407
2     9548.8745      0.0000   1729.1330    1377.8908
3        0.0000      0.0000      0.0000   45170.2266
4    19412.2596      0.0000      0.0000       0.0001
5    23571.0354      0.0000      0.0000       0.0001
6    25117.1734      0.0000      0.0000       0.0001
7        0.0000   7200.0000      0.0001       0.0001
8        0.0000      0.0000      0.0000   41258.8865
9    11147.2578      0.0000   4761.9235       0.0000
10       0.0000      0.0000      0.0000   46943.9678
11       0.0000   5891.7392      0.0000       0.0001
12    9119.0844      0.0000   4285.4762       0.0000
13       0.0000      0.0000      0.0000   47828.7408
14    7170.0062      0.0000   4779.4867       0.0000
15       0.0000   5994.6507      0.0000       0.0001
16   17113.0258      0.0000      0.0000       0.0000
17    9034.0176      0.0000   3893.1377       0.0000
18    9565.5453      0.0000   4901.2909       0.0000
19       0.0000      0.0000      0.0000   41301.3024
20       0.0000   6041.2589      0.0000       0.0000
21    3132.0062      0.0000   4298.1975       0.0000
22     311.2532      0.0000   2904.2341   11369.8287
23   17906.5617      0.0000      0.0000       0.0000
24       0.0000      0.0000      0.0000   40797.9093
25    7173.8491      0.0000   3760.6300       0.0000
26       0.0000   3309.3731      0.0000   10644.3834
27    1213.7163      0.0000   3913.1455       0.0000
28   12767.4365      0.0000      0.0000       0.0000
29     938.9218      0.0000      0.0000    4512.0757
30       0.0000      0.0000      0.0000       0.0000
;

alfa [*] :=
Cuarto   400.0320
Entero  1600.0000
 Medio   800.0000
Octavo   200.0000
;

TInv [*,*] (tr)
:      Cuarto      Entero       Medio       Octavo      :=
1        0.0000      0.0000   3563.5606    5974.6598
2     9550.2852      0.0000   1611.3778    1267.5678
3        0.0000      0.0000      0.0000   45122.3891
4    19412.2596      0.0000      0.0000       0.0000
5    23100.3865      0.0000      0.0000       0.0000
6    25079.8024      0.0000      0.0000       0.0000
7        0.0000   7200.0000      0.0000       0.0000
8        0.0000      0.0000      0.0000   41258.8866
9    11110.8691      0.0000   4788.2354       0.0000
10       0.0000      0.0000      0.0000   45576.4556
11       0.0000   5893.3860      0.0000       0.0000
12    8498.6567      0.0000   4285.4762       0.0000
13       0.0000      0.0000      0.0000   47738.8259
14    7159.8624      0.0000   4781.6685       0.0000
15       0.0000   5999.7148      0.0000       0.0000
16   17112.9577      0.0000      0.0000       0.0000
17    9259.5085      0.0000   3892.9237       0.0000
18    9557.5405      0.0000   5001.1274       0.0000
19       0.0000      0.0000      0.0000   41304.2863
20       0.0000   6046.8869      0.0000       0.0000
21    3131.4597      0.0000   4300.1305       0.0000
22     347.3563      0.0000   2906.4629   11265.3745
23   17874.3025      0.0000      0.0000       0.0000
24       0.0000      0.0000      0.0000   40799.4433
25    7167.0585      0.0000   3760.6201       0.0000
26       0.0000   3309.0711      0.0000   10879.0845
27    1212.2853      0.0000   3912.1477       0.0000
28   12463.9537      0.0000      0.0000       0.0000
29    1883.1204      0.0000      0.0000    4511.8220
30       0.0000      0.0000      0.0000       0.0000
;

alfa [*] :=
Cuarto   400.0480
Entero  1600.0000
 Medio   800.0000
Octavo   200.0000
;

TInv [*,*] (tr)
:      Cuarto      Entero       Medio       Octavo      :=
1        0.0000      0.0000   3563.3360    5974.1791
2     9551.6959      0.0000   1638.9175    1231.2623
3        0.0000      0.0000      0.0000   45094.1124
4    19412.2596      0.0000      0.0000       0.0000
5    23108.9263      0.0000      0.0000       0.0000
6    25082.5644      0.0000      0.0000       0.0000
7        0.0000   7200.0000      0.0000       0.0000
8        0.0000      0.0000      0.0000   41258.8866
9    11108.7025      0.0000   4759.1987       0.0000
10       0.0000      0.0000      0.0000   45533.6359
11       0.0000   5893.0981      0.0000       0.0000
12    8503.8243      0.0000   4285.4762       0.0000
13       0.0000      0.0000      0.0000   47714.4908
14    7154.1209      0.0000   4777.6285       0.0000
15       0.0000   5999.2030      0.0000       0.0000
16   17112.2388      0.0000      0.0000       0.0000
17    9251.9259      0.0000   3892.8469       0.0000
18    9557.7559      0.0000   5006.5857       0.0000
19       0.0000      0.0000      0.0000   41305.0800
20       0.0000   6041.7627      0.0000       0.0000
21    3131.6262      0.0000   4305.2495       0.0000
22     361.8119      0.0000   2906.3611   11259.2644
23   17876.7370      0.0000      0.0000       0.0000
24       0.0000      0.0000      0.0000   40800.9763
25    7159.0109      0.0000   3760.6101       0.0000
26       0.0000   3308.7695      0.0000   10899.3671
27    1210.8553      0.0000   3912.7054       0.0000
28   12451.7682      0.0000      0.0000       0.0000
29    1900.9646      0.0000      0.0000    4511.5655
30       0.0000      0.0000      0.0000       0.0000
;

alfa [*] :=
Cuarto   400.0640
Entero  1600.0000
 Medio   800.0000
Octavo   200.0000
;

TInv [*,*] (tr)
:      Cuarto      Entero       Medio       Octavo      :=
1        0.0000      0.0000   3563.1114    5973.6985
2     9553.1067      0.0000   1697.1106    1273.4886
3        0.0000      0.0000      0.0000   45129.8723
4    19412.2596      0.0000      0.0000       0.0000
5    23080.9972      0.0000      0.0000       0.0000
6    25075.3471      0.0000      0.0000       0.0000
7        0.0000   7200.0000      0.0000       0.0000
8        0.0000      0.0000      0.0000   41258.8866
9    11109.6541      0.0000   4782.6086       0.0000
10       0.0000      0.0000      0.0000   45487.7401
11       0.0000   5893.5430      0.0000       0.0000
12    8460.0361      0.0000   4285.4762       0.0000
13       0.0000      0.0000      0.0000   47724.1687
14    7158.9987      0.0000   4782.1159       0.0000
15       0.0000   6000.4114      0.0000       0.0000
16   17113.0556      0.0000      0.0000       0.0000
17    9263.0331      0.0000   3892.7321       0.0000
18    9557.3411      0.0000   5005.6257       0.0000
19       0.0000      0.0000      0.0000   41306.7195
20       0.0000   6048.0176      0.0000       0.0000
21    3131.2580      0.0000   4294.9298       0.0000
22     356.1610      0.0000   2907.6999   11250.7901
23   17875.7470      0.0000      0.0000       0.0000
24       0.0000      0.0000      0.0000   40802.5096
25    7162.4486      0.0000   3760.6001       0.0000
26       0.0000   3308.4677      0.0000   10921.4315
27    1209.4250      0.0000   3913.2700       0.0000
28   12463.2684      0.0000      0.0000       0.0000
29    1932.9635      0.0000      0.0000    4511.3099
30       0.0000      0.0000      0.0000       0.0000
;

alfa [*] :=
Cuarto   400.0800
Entero  1600.0000
 Medio   800.0000
Octavo   200.0000
;

TInv [*,*] (tr)
:      Cuarto      Entero       Medio       Octavo      :=
1        0.0000      0.0000   3562.8869    5973.2178
2     9554.5175      0.0000   1624.0410    1203.4382
3        0.0000      0.0000      0.0000   45107.0016
4    19412.2596      0.0000      0.0000       0.0000
5    23061.7817      0.0000      0.0000       0.0000
6    25074.8052      0.0000      0.0000       0.0000
7        0.0000   7200.0000      0.0000       0.0000
8        0.0000      0.0000      0.0000   41258.8866
9    11109.5911      0.0000   4785.5327       0.0000
10       0.0000      0.0000      0.0000   45445.9989
11       0.0000   5892.8688      0.0000       0.0000
12    8438.3796      0.0000   4285.4762       0.0000
13       0.0000      0.0000      0.0000   47732.6557
14    7159.8225      0.0000   4782.6807       0.0000
15       0.0000   5999.9040      0.0000       0.0000
16   17112.4405      0.0000      0.0000       0.0000
17    9279.4264      0.0000   3892.5533       0.0000
18    9557.2598      0.0000   5006.7412       0.0000
19       0.0000      0.0000      0.0000   41309.0508
20       0.0000   6048.3696      0.0000       0.0000
21    3130.7887      0.0000   4295.9120       0.0000
22     296.9929      0.0000   2908.6576   11240.2216
23   17864.2897      0.0000      0.0000       0.0000
24       0.0000      0.0000      0.0000   40804.0429
25    7172.1922      0.0000   3760.5902       0.0000
26       0.0000   3308.1659      0.0000   10939.1304
27    1207.9946      0.0000   3912.1388       0.0000
28   12466.1296      0.0000      0.0000       0.0000
29    1947.4627      0.0000      0.0000    4511.0542
30       0.0000      0.0000      0.0000       0.0000
;

alfa [*] :=
Cuarto   400.0960
Entero  1600.0000
 Medio   800.0000
Octavo   200.0000
;

TInv [*,*] (tr)
:      Cuarto      Entero       Medio       Octavo      :=
1        0.0000      0.0000   3562.6623    5972.7371
2     9555.9282      0.0000   1605.6863    1265.5689
3        0.0000      0.0000      0.0000   45127.9271
4    19412.2596      0.0000      0.0000       0.0000
5    23060.1567      0.0000      0.0000       0.0000
6    25074.8587      0.0000      0.0000       0.0000
7        0.0000   7200.0000      0.0000       0.0000
8        0.0000      0.0000      0.0000   41258.8866
9    11110.6848      0.0000   4789.3557       0.0000
10       0.0000      0.0000      0.0000   45442.8408
11       0.0000   5892.0691      0.0000       0.0000
12    8437.3429      0.0000   4285.4762       0.0000
13       0.0000      0.0000      0.0000   47734.5030
14    7160.7095      0.0000   4783.4121       0.0000
15       0.0000   6000.0312      0.0000       0.0000
16   17112.3553      0.0000      0.0000       0.0000
17    9281.2513      0.0000   3892.4374       0.0000
18    9557.3262      0.0000   5006.2340       0.0000
19       0.0000      0.0000      0.0000   41310.5377
20       0.0000   6049.6161      0.0000       0.0000
21    3130.3852      0.0000   4294.0151       0.0000
22     359.5908      0.0000   2909.4130   11237.0014
23   17875.4957      0.0000      0.0000       0.0000
24       0.0000      0.0000      0.0000   40805.5762
25    7164.0628      0.0000   3760.5802       0.0000
26       0.0000   3307.8642      0.0000   10947.7397
27    1206.5644      0.0000   3912.4826       0.0000
28   12471.9101      0.0000      0.0000       0.0000
29    1950.8264      0.0000      0.0000    4510.7984
30       0.0000      0.0000      0.0000       0.0000
;

alfa [*] :=
Cuarto   400.1120
Entero  1600.0000
 Medio   800.0000
Octavo   200.0000
;

TInv [*,*] (tr)
:      Cuarto      Entero       Medio       Octavo      :=
1        0.0000      0.0000   3562.4377    5972.2565
2     9557.3390      0.0000   1603.2885    1263.4520
3        0.0000      0.0000      0.0000   45127.5359
4    19412.2596      0.0000      0.0000       0.0000
5    23060.1237      0.0000      0.0000       0.0000
6    25074.7886      0.0000      0.0000       0.0000
7        0.0000   7200.0000      0.0000       0.0000
8        0.0000      0.0000      0.0000   41258.8866
9    11110.7284      0.0000   4789.5944       0.0000
10       0.0000      0.0000      0.0000   45442.8352
11       0.0000   5892.1852      0.0000       0.0000
12    8437.2092      0.0000   4285.4762       0.0000
13       0.0000      0.0000      0.0000   47734.5066
14    7160.7756      0.0000   4783.4044       0.0000
15       0.0000   6000.0155      0.0000       0.0000
16   17112.2852      0.0000      0.0000       0.0000
17    9280.8831      0.0000   3892.3246       0.0000
18    9557.2822      0.0000   5006.1101       0.0000
19       0.0000      0.0000      0.0000   41311.9825
20       0.0000   6049.4643      0.0000       0.0000
21    3130.1145      0.0000   4293.6658       0.0000
22     360.8883      0.0000   2910.0166   11233.4044
23   17875.5970      0.0000      0.0000       0.0000
24       0.0000      0.0000      0.0000   40807.1095
25    7164.0749      0.0000   3760.5702       0.0000
26       0.0000   3307.5625      0.0000   10951.3551
27    1205.1341      0.0000   3912.5271       0.0000
28   12475.6651      0.0000      0.0000       0.0000
29    1951.1958      0.0000      0.0000    4510.5427
30       0.0000      0.0000      0.0000       0.0000
;

alfa [*] :=
Cuarto   400.1280
Entero  1600.0000
 Medio   800.0000
Octavo   200.0000
;

TInv [*,*] (tr)
:      Cuarto      Entero       Medio       Octavo      :=
1        0.0000      0.0000   3562.2131    5971.7759
2     9558.7497      0.0000   1602.0757    1260.4618
3        0.0000      0.0000      0.0000   45126.1063
4    19412.2596      0.0000      0.0000       0.0000
5    23060.0105      0.0000      0.0000       0.0000
6    25074.6663      0.0000      0.0000       0.0000
7        0.0000   7200.0000      0.0000       0.0000
8        0.0000      0.0000      0.0000   41258.8866
9    11110.7868      0.0000   4789.9655       0.0000
10       0.0000      0.0000      0.0000   45442.8342
11       0.0000   5892.5082      0.0000       0.0000
12    8437.0006      0.0000   4285.4762       0.0000
13       0.0000      0.0000      0.0000   47734.5177
14    7160.8789      0.0000   4783.3807       0.0000
15       0.0000   5999.9746      0.0000       0.0000
16   17112.1927      0.0000      0.0000       0.0000
17    9280.0793      0.0000   3892.2075       0.0000
18    9557.2204      0.0000   5005.9230       0.0000
19       0.0000      0.0000      0.0000   41313.4870
20       0.0000   6049.0444      0.0000       0.0000
21    3129.8575      0.0000   4293.1458       0.0000
22     360.7374      0.0000   2910.6497   11229.6542
23   17875.5411      0.0000      0.0000       0.0000
24       0.0000      0.0000      0.0000   40808.6429
25    7164.3373      0.0000   3760.5602       0.0000
26       0.0000   3307.2607      0.0000   10953.4721
27    1203.7037      0.0000   3912.7072       0.0000
28   12479.5969      0.0000      0.0000       0.0000
29    1951.5592      0.0000      0.0000    4510.2870
30       0.0000      0.0000      0.0000       0.0000
;

alfa [*] :=
Cuarto   400.1440
Entero  1600.0000
 Medio   800.0000
Octavo   200.0000
;

TInv [*,*] (tr)
:      Cuarto      Entero       Medio       Octavo      :=
1        0.0000      0.0000   3561.9885    5971.2952
2     9560.1605      0.0000   1636.3710    1187.3238
3        0.0000      0.0000      0.0000   45080.5645
4    19412.2596      0.0000      0.0000       0.0000
5    23072.8353      0.0000      0.0000       0.0000
6    25077.5347      0.0000      0.0000       0.0000
7        0.0000   7200.0000      0.0000       0.0000
8        0.0000      0.0000      0.0000   41258.8866
9    11104.3810      0.0000   4775.1646       0.0000
10       0.0000      0.0000      0.0000   45443.5222
11       0.0000   5897.0022      0.0000       0.0000
12    8458.0748      0.0000   4285.4762       0.0000
13       0.0000      0.0000      0.0000   47714.5295
14    7154.7752      0.0000   4777.7855       0.0000
15       0.0000   5999.2319      0.0000       0.0000
16   17112.5306      0.0000      0.0000       0.0000
17    9255.6910      0.0000   3892.1540       0.0000
18    9557.0845      0.0000   5010.6573       0.0000
19       0.0000      0.0000      0.0000   41314.1255
20       0.0000   6040.4486      0.0000       0.0000
21    3129.3854      0.0000   4307.0958       0.0000
22     366.1834      0.0000   2909.9746   11228.7418
23   17876.5775      0.0000      0.0000       0.0000
24       0.0000      0.0000      0.0000   40810.1763
25    7159.0523      0.0000   3760.5502       0.0000
26       0.0000   3306.9589      0.0000   10970.7718
27    1202.2734      0.0000   3911.3306       0.0000
28   12472.1673      0.0000      0.0000       0.0000
29    1937.9139      0.0000      0.0000    4510.0315
30       0.0000      0.0000      0.0000       0.0000
;

alfa [*] :=
Cuarto   400.1600
Entero  1600.0000
 Medio   800.0000
Octavo   200.0000
;

TInv [*,*] (tr)
:      Cuarto      Entero       Medio       Octavo      :=
1        0.0000      0.0000   3561.7639    5970.8147
2     9561.5712      0.0000   1622.5781    1189.8754
3        0.0000      0.0000      0.0000   45105.2994
4    19412.2596      0.0000      0.0000       0.0000
5    23061.4713      0.0000      0.0000       0.0000
6    25074.8944      0.0000      0.0000       0.0000
7        0.0000   7200.0000      0.0000       0.0000
8        0.0000      0.0000      0.0000   41258.8866
9    11109.5174      0.0000   4783.7035       0.0000
10       0.0000      0.0000      0.0000   45443.8255
11       0.0000   5892.8765      0.0000       0.0000
12    8438.4553      0.0000   4285.4762       0.0000
13       0.0000      0.0000      0.0000   47732.3715
14    7159.7356      0.0000   4782.6461       0.0000
15       0.0000   5999.9013      0.0000       0.0000
16   17112.1290      0.0000      0.0000       0.0000
17    9279.4058      0.0000   3891.9916       0.0000
18    9557.1176      0.0000   5006.2940       0.0000
19       0.0000      0.0000      0.0000   41316.2473
20       0.0000   6048.3761      0.0000       0.0000
21    3129.3637      0.0000   4294.5653       0.0000
22     305.3236      0.0000   2911.6535   11221.9462
23   17863.2406      0.0000      0.0000       0.0000
24       0.0000      0.0000      0.0000   40811.7098
25    7169.8453      0.0000   3760.5403       0.0000
26       0.0000   3306.6572      0.0000   10962.4052
27    1200.8429      0.0000   3912.0572       0.0000
28   12484.5886      0.0000      0.0000       0.0000
29    1949.8002      0.0000      0.0000    4509.7761
30       0.0000      0.0000      0.0000       0.0000
;

alfa [*] :=
Cuarto   400.1760
Entero  1600.0000
 Medio   800.0000
Octavo   200.0000
;

TInv [*,*] (tr)
:      Cuarto      Entero       Medio       Octavo      :=
1        0.0000      0.0000   3561.5393    5970.3340
2     9562.9819      0.0000   1636.3248    1148.1311
3        0.0000      0.0000      0.0000   45078.4263
4    19412.2596      0.0000      0.0000       0.0000
5    23069.6597      0.0000      0.0000       0.0000
6    25076.4594      0.0000      0.0000       0.0000
7        0.0000   7200.0000      0.0000       0.0000
8        0.0000      0.0000      0.0000   41258.8866
9    11107.4766      0.0000   4778.4762       0.0000
10       0.0000      0.0000      0.0000   45446.3088
11       0.0000   5894.8511      0.0000       0.0000
12    8451.6586      0.0000   4285.4762       0.0000
13       0.0000      0.0000      0.0000   47722.0811
14    7157.2437      0.0000   4779.4575       0.0000
15       0.0000   5999.3370      0.0000       0.0000
16   17112.2320      0.0000      0.0000       0.0000
17    9264.7232      0.0000   3891.9012       0.0000
18    9556.8128      0.0000   5009.1873       0.0000
19       0.0000      0.0000      0.0000   41317.3847
20       0.0000   6043.2755      0.0000       0.0000
21    3128.7708      0.0000   4303.2002       0.0000
22     357.0000      0.0000   2911.5843   11221.6523
23   17873.7776      0.0000      0.0000       0.0000
24       0.0000      0.0000      0.0000   40813.2433
25    7164.9941      0.0000   3760.5303       0.0000
26       0.0000   3306.3554      0.0000   10980.0999
27    1199.4125      0.0000   3911.7583       0.0000
28   12481.6232      0.0000      0.0000       0.0000
29    1943.2665      0.0000      0.0000    4509.5207
30       0.0000      0.0000      0.0000       0.0000
;

alfa [*] :=
Cuarto   400.1920
Entero  1600.0000
 Medio   800.0000
Octavo   200.0000
;

TInv [*,*] (tr)
:      Cuarto      Entero       Medio       Octavo      :=
1        0.0000      0.0000   3561.3147    5969.8534
2     9564.3926      0.0000   1674.8637    1140.5004
3        0.0000      0.0000      0.0000   45072.0546
4    19412.2596      0.0000      0.0000       0.0000
5    23092.0863      0.0000      0.0000       0.0000
6    25081.3129      0.0000      0.0000       0.0000
7        0.0000   7200.0000      0.0000       0.0000
8        0.0000      0.0000      0.0000   41258.8866
9    11106.0510      0.0000   4774.8250       0.0000
10       0.0000      0.0000      0.0000   45452.6749
11       0.0000   5891.6503      0.0000       0.0000
12    8485.8066      0.0000   4285.4762       0.0000
13       0.0000      0.0000      0.0000   47697.4232
14    7150.2756      0.0000   4775.3113       0.0000
15       0.0000   5999.3842      0.0000       0.0000
16   17111.7313      0.0000      0.0000       0.0000
17    9246.3985      0.0000   3891.6856       0.0000
18    9557.4782      0.0000   5010.9736       0.0000
19       0.0000      0.0000      0.0000   41320.2220
20       0.0000   6039.8043      0.0000       0.0000
21    3128.6059      0.0000   4310.3365       0.0000
22     370.7332      0.0000   2912.1229   11213.9603
23   17877.8949      0.0000      0.0000       0.0000
24       0.0000      0.0000      0.0000   40814.7768
25    7154.0907      0.0000   3760.5203       0.0000
26       0.0000   3306.0536      0.0000   10981.2984
27    1197.9821      0.0000   3911.4941       0.0000
28   12478.1068      0.0000      0.0000       0.0000
29    1931.7355      0.0000      0.0000    4509.2652
30       0.0000      0.0000      0.0000       0.0000
;

alfa [*] :=
Cuarto   400.2080
Entero  1600.0000
 Medio   800.0000
Octavo   200.0000
;

TInv [*,*] (tr)
:      Cuarto      Entero       Medio       Octavo      :=
1        0.0000      0.0000   3561.0901    5969.3728
2     9565.8033      0.0000   1694.9125    1208.8133
3        0.0000      0.0000      0.0000   45104.0495
4    19412.2596      0.0000      0.0000       0.0000
5    23087.7926      0.0000      0.0000       0.0000
6    25078.1981      0.0000      0.0000       0.0000
7        0.0000   7200.0000      0.0000       0.0000
8        0.0000      0.0000      0.0000   41258.8866
9    11106.3643      0.0000   4764.3285       0.0000
10       0.0000      0.0000      0.0000   45450.5343
11       0.0000   5894.1690      0.0000       0.0000
12    8477.4528      0.0000   4285.4762       0.0000
13       0.0000      0.0000      0.0000   47695.1556
14    7149.1531      0.0000   4777.1733       0.0000
15       0.0000   6000.0184      0.0000       0.0000
16   17112.6563      0.0000      0.0000       0.0000
17    9245.9015      0.0000   3891.7655       0.0000
18    9557.1596      0.0000   5008.8100       0.0000
19       0.0000      0.0000      0.0000   41319.0550
20       0.0000   6042.7403      0.0000       0.0000
21    3128.5194      0.0000   4304.0485       0.0000
22     361.7167      0.0000   2911.9755   11215.7622
23   17876.5506      0.0000      0.0000       0.0000
24       0.0000      0.0000      0.0000   40816.3105
25    7154.4001      0.0000   3760.5104       0.0000
26       0.0000   3305.7518      0.0000   10978.7674
27    1196.5516      0.0000   3912.5043       0.0000
28   12486.9665      0.0000      0.0000       0.0000
29    1932.6910      0.0000      0.0000    4509.0101
30       0.0000      0.0000      0.0000       0.0000
;

alfa [*] :=
Cuarto   400.2240
Entero  1600.0000
 Medio   800.0000
Octavo   200.0000
;

TInv [*,*] (tr)
:      Cuarto      Entero       Medio       Octavo      :=
1        0.0000      0.0000   3560.8655    5968.8922
2     9567.2141      0.0000   1617.2484    1249.1152
3        0.0000      0.0000      0.0000   45128.0241
4    19412.2596      0.0000      0.0000       0.0000
5    23059.9651      0.0000      0.0000       0.0000
6    25074.6148      0.0000      0.0000       0.0000
7        0.0000   7200.0000      0.0000       0.0000
8        0.0000      0.0000      0.0000   41258.8866
9    11110.7642      0.0000   4783.0129       0.0000
10       0.0000      0.0000      0.0000   45442.8348
11       0.0000   5892.8201      0.0000       0.0000
12    8436.9900      0.0000   4285.4762       0.0000
13       0.0000      0.0000      0.0000   47734.5266
14    7160.8931      0.0000   4783.3557       0.0000
15       0.0000   5999.9459      0.0000       0.0000
16   17112.1225      0.0000      0.0000       0.0000
17    9279.4828      0.0000   3891.4686       0.0000
18    9557.2744      0.0000   5005.4285       0.0000
19       0.0000      0.0000      0.0000   41323.0601
20       0.0000   6048.6905      0.0000       0.0000
21    3128.0222      0.0000   4291.6925       0.0000
22     358.8094      0.0000   2914.5658   11206.0779
23   17875.3198      0.0000      0.0000       0.0000
24       0.0000      0.0000      0.0000   40817.8442
25    7166.0461      0.0000   3760.5004       0.0000
26       0.0000   3305.4500      0.0000   10975.1421
27    1195.1210      0.0000   3912.8306       0.0000
28   12502.0441      0.0000      0.0000       0.0000
29    1953.7751      0.0000      0.0000    4508.7550
30       0.0000      0.0000      0.0000       0.0000
;

alfa [*] :=
Cuarto   400.2400
Entero  1600.0000
 Medio   800.0000
Octavo   200.0000
;

TInv [*,*] (tr)
:      Cuarto      Entero       Medio       Octavo      :=
1        0.0000      0.0000   3560.6409    5968.4117
2     9568.6247      0.0000   1621.1139    1183.1967
3        0.0000      0.0000      0.0000   45106.7443
4    19412.2596      0.0000      0.0000       0.0000
5    23060.9452      0.0000      0.0000       0.0000
6    25074.8088      0.0000      0.0000       0.0000
7        0.0000   7200.0000      0.0000       0.0000
8        0.0000      0.0000      0.0000   41258.8866
9    11109.8277      0.0000   4783.8632       0.0000
10       0.0000      0.0000      0.0000   45443.7087
11       0.0000   5892.8634      0.0000       0.0000
12    8437.6610      0.0000   4285.4762       0.0000
13       0.0000      0.0000      0.0000   47733.3141
14    7160.0260      0.0000   4782.7896       0.0000
15       0.0000   5999.9147      0.0000       0.0000
16   17111.9694      0.0000      0.0000       0.0000
17    9279.6189      0.0000   3891.4356       0.0000
18    9557.0773      0.0000   5005.8733       0.0000
19       0.0000      0.0000      0.0000   41323.3739
20       0.0000   6048.4675      0.0000       0.0000
21    3127.8991      0.0000   4293.2937       0.0000
22     306.2418      0.0000   2914.6165   11204.1563
23   17863.2736      0.0000      0.0000       0.0000
24       0.0000      0.0000      0.0000   40819.3779
25    7170.3509      0.0000   3760.4904       0.0000
26       0.0000   3305.1482      0.0000   10979.8058
27    1193.6904      0.0000   3911.9916       0.0000
28   12503.4555      0.0000      0.0000       0.0000
29    1952.3620      0.0000      0.0000    4508.5000
30       0.0000      0.0000      0.0000       0.0000
;

alfa [*] :=
Cuarto   400.2560
Entero  1600.0000
 Medio   800.0000
Octavo   200.0000
;

TInv [*,*] (tr)
:      Cuarto      Entero       Medio       Octavo      :=
1        0.0000      0.0000   3560.4163    5967.9311
2     9570.0354      0.0000   1620.6901    1179.6385
3        0.0000      0.0000      0.0000   45106.8180
4    19412.2596      0.0000      0.0000       0.0000
5    23060.6803      0.0000      0.0000       0.0000
6    25074.7755      0.0000      0.0000       0.0000
7        0.0000   7200.0000      0.0000       0.0000
8        0.0000      0.0000      0.0000   41258.8866
9    11110.0040      0.0000   4784.6464       0.0000
10       0.0000      0.0000      0.0000   45443.5021
11       0.0000   5892.8299      0.0000       0.0000
12    8437.4558      0.0000   4285.4762       0.0000
13       0.0000      0.0000      0.0000   47733.5945
14    7160.1925      0.0000   4782.8928       0.0000
15       0.0000   5999.9423      0.0000       0.0000
16   17111.9631      0.0000      0.0000       0.0000
17    9280.2440      0.0000   3891.3281       0.0000
18    9557.1137      0.0000   5005.7002       0.0000
19       0.0000      0.0000      0.0000   41324.7482
20       0.0000   6048.6857      0.0000       0.0000
21    3127.5850      0.0000   4292.7283       0.0000
22     305.9603      0.0000   2915.2089   11200.6659
23   17862.8796      0.0000      0.0000       0.0000
24       0.0000      0.0000      0.0000   40820.9116
25    7170.3613      0.0000   3760.4805       0.0000
26       0.0000   3304.8464      0.0000   10983.5295
27    1192.2598      0.0000   3911.9990       0.0000
28   12507.2983      0.0000      0.0000       0.0000
29    1952.9848      0.0000      0.0000    4508.2450
30       0.0000      0.0000      0.0000       0.0000
;

alfa [*] :=
Cuarto   400.2720
Entero  1600.0000
 Medio   800.0000
Octavo   200.0000
;

TInv [*,*] (tr)
:      Cuarto      Entero       Medio       Octavo      :=
1        0.0000      0.0000   3560.1916    5967.4505
2     9571.4462      0.0000   1616.3783    1242.9801
3        0.0000      0.0000      0.0000   45128.0174
4    19412.2596      0.0000      0.0000       0.0000
5    23059.9652      0.0000      0.0000       0.0000
6    25074.6148      0.0000      0.0000       0.0000
7        0.0000   7200.0000      0.0000       0.0000
8        0.0000      0.0000      0.0000   41258.8866
9    11110.7641      0.0000   4783.0124       0.0000
10       0.0000      0.0000      0.0000   45442.8348
11       0.0000   5892.8201      0.0000       0.0000
12    8436.9900      0.0000   4285.4762       0.0000
13       0.0000      0.0000      0.0000   47734.5266
14    7160.8930      0.0000   4783.3557       0.0000
15       0.0000   5999.9459      0.0000       0.0000
16   17111.9557      0.0000      0.0000       0.0000
17    9279.3642      0.0000   3891.1359       0.0000
18    9557.1832      0.0000   5005.1897       0.0000
19       0.0000      0.0000      0.0000   41327.3181
20       0.0000   6048.6904      0.0000       0.0000
21    3127.1284      0.0000   4291.0045       0.0000
22     360.4669      0.0000   2916.3320   11195.4685
23   17875.3363      0.0000      0.0000       0.0000
24       0.0000      0.0000      0.0000   40822.4454
25    7166.0359      0.0000   3760.4705       0.0000
26       0.0000   3304.5445      0.0000   10986.6736
27    1190.8291      0.0000   3912.7800       0.0000
28   12513.1363      0.0000      0.0000       0.0000
29    1954.8945      0.0000      0.0000    4507.9901
30       0.0000      0.0000      0.0000       0.0000
;

alfa [*] :=
Cuarto   400.2880
Entero  1600.0000
 Medio   800.0000
Octavo   200.0000
;

TInv [*,*] (tr)
:      Cuarto      Entero       Medio       Octavo      :=
1        0.0000      0.0000   3559.9670    5966.9699
2     9572.8568      0.0000   1619.8860    1175.1187
3        0.0000      0.0000      0.0000   45114.7595
4    19412.2596      0.0000      0.0000       0.0000
5    23064.0684      0.0000      0.0000       0.0000
6    25075.3959      0.0000      0.0000       0.0000
7        0.0000   7200.0000      0.0000       0.0000
8        0.0000      0.0000      0.0000   41258.8866
9    11107.9370      0.0000   4776.6209       0.0000
10       0.0000      0.0000      0.0000   45445.8769
11       0.0000   5893.1220      0.0000       0.0000
12    8438.4756      0.0000   4285.4762       0.0000
13       0.0000      0.0000      0.0000   47728.0785
14    7158.5524      0.0000   4781.7399       0.0000
15       0.0000   5999.8643      0.0000       0.0000
16   17111.8124      0.0000      0.0000       0.0000
17    9272.4447      0.0000   3891.0333       0.0000
18    9556.7382      0.0000   5006.7346       0.0000
19       0.0000      0.0000      0.0000   41328.6209
20       0.0000   6046.0096      0.0000       0.0000
21    3126.8630      0.0000   4295.3324       0.0000
22     351.1359      0.0000   2916.5706   11192.5233
23   17876.3049      0.0000      0.0000       0.0000
24       0.0000      0.0000      0.0000   40823.9792
25    7163.8461      0.0000   3760.4606       0.0000
26       0.0000   3304.2427      0.0000   10994.6344
27    1189.3985      0.0000   3912.2297       0.0000
28   12513.8143      0.0000      0.0000       0.0000
29    1952.0189      0.0000      0.0000    4507.7353
30       0.0000      0.0000      0.0000       0.0000
;

alfa [*] :=
Cuarto   400.3040
Entero  1600.0000
 Medio   800.0000
Octavo   200.0000
;

TInv [*,*] (tr)
:      Cuarto      Entero       Medio       Octavo      :=
1        0.0000      0.0000   3559.7424    5966.4895
2     9574.2675      0.0000   1623.9654     995.0177
3        0.0000      0.0000      0.0000   45044.2586
4    19412.2596      0.0000      0.0000       0.0000
5    23064.5385      0.0000      0.0000       0.0000
6    25075.9052      0.0000      0.0000       0.0000
7        0.0000   7200.0000      0.0000       0.0000
8        0.0000      0.0000      0.0000   41258.8866
9    11110.8197      0.0000   4776.5681       0.0000
10       0.0000      0.0000      0.0000   45446.9141
11       0.0000   5893.0198      0.0000       0.0000
12    8440.7235      0.0000   4285.4762       0.0000
13       0.0000      0.0000      0.0000   47720.3605
14    7158.6251      0.0000   4780.1574       0.0000
15       0.0000   5999.9812      0.0000       0.0000
16   17111.8308      0.0000      0.0000       0.0000
17    9276.2691      0.0000   3890.9288       0.0000
18    9557.0180      0.0000   5010.4552       0.0000
19       0.0000      0.0000      0.0000   41329.9567
20       0.0000   6047.1781      0.0000       0.0000
21    3126.5684      0.0000   4307.2494       0.0000
22     346.3347      0.0000   2916.6559   11187.3788
23   17870.8961      0.0000      0.0000       0.0000
24       0.0000      0.0000      0.0000   40825.5131
25    7163.3460      0.0000   3760.4506       0.0000
26       0.0000   3303.9409      0.0000   11004.4048
27    1187.9678      0.0000   3911.4903       0.0000
28   12519.1477      0.0000      0.0000       0.0000
29    1948.4905      0.0000      0.0000    4507.4805
30       0.0000      0.0000      0.0000       0.0000
;

alfa [*] :=
Cuarto   400.3200
Entero  1600.0000
 Medio   800.0000
Octavo   200.0000
;

TInv [*,*] (tr)
:      Cuarto      Entero       Medio       Octavo      :=
1        0.0000      0.0000   3559.5177    5966.0088
2     9575.6782      0.0000   1615.5090    1236.8530
3        0.0000      0.0000      0.0000   45128.0126
4    19412.2596      0.0000      0.0000       0.0000
5    23059.9652      0.0000      0.0000       0.0000
6    25074.6148      0.0000      0.0000       0.0000
7        0.0000   7200.0000      0.0000       0.0000
8        0.0000      0.0000      0.0000   41258.8866
9    11110.7641      0.0000   4783.0121       0.0000
10       0.0000      0.0000      0.0000   45442.8347
11       0.0000   5892.8201      0.0000       0.0000
12    8436.9901      0.0000   4285.4762       0.0000
13       0.0000      0.0000      0.0000   47734.5267
14    7160.8930      0.0000   4783.3557       0.0000
15       0.0000   5999.9459      0.0000       0.0000
16   17111.8838      0.0000      0.0000       0.0000
17    9279.3109      0.0000   3890.8088       0.0000
18    9557.1428      0.0000   5004.9549       0.0000
19       0.0000      0.0000      0.0000   41331.5054
20       0.0000   6048.6904      0.0000       0.0000
21    3126.2543      0.0000   4290.3282       0.0000
22     362.3478      0.0000   2918.0691   11185.0358
23   17875.3692      0.0000      0.0000       0.0000
24       0.0000      0.0000      0.0000   40827.0471
25    7166.0143      0.0000   3760.4407       0.0000
26       0.0000   3303.6390      0.0000   10998.2040
27    1186.5370      0.0000   3912.7296       0.0000
28   12524.2303      0.0000      0.0000       0.0000
29    1956.0123      0.0000      0.0000    4507.2259
30       0.0000      0.0000      0.0000       0.0000
;

alfa [*] :=
Cuarto   400.3360
Entero  1600.0000
 Medio   800.0000
Octavo   200.0000
;

TInv [*,*] (tr)
:      Cuarto      Entero       Medio       Octavo      :=
1        0.0016      0.0002   3559.2936    5965.5292
2     9577.0958      0.0004   1615.2160    1234.7984
3        0.0011      0.0002      0.0007   45127.9980
4    19412.2551      0.0004      0.0021       0.0066
5    23059.9595      0.0005      0.0021       0.0060
6    25074.6081      0.0005      0.0021       0.0053
7        0.0024   7199.9959      0.0045       0.0058
8        0.0014      0.0004      0.0010   41258.8783
9    11110.7650      0.0004   4783.0115       0.0032
10       0.0014      0.0004      0.0009   45442.8262
11       0.0024   5892.8171      0.0017       0.0061
12    8436.9936      0.0004   4285.4758       0.0032
13       0.0013      0.0003      0.0007   47734.5193
14    7160.8971      0.0004   4783.3552       0.0029
15       0.0022   5999.9440      0.0011       0.0051
16   17111.9367      0.0004      0.0006       0.0035
17    9279.3512      0.0005   3890.7040       0.0037
18    9557.1726      0.0004   5004.8802       0.0031
19       0.0012      0.0003      0.0005   41332.8387
20       0.0015   6048.6894      0.0006       0.0030
21    3125.9790      0.0003   4290.1141       0.0023
22     362.9806      0.0004   2918.6246   11181.7043
23   17875.3513      0.0002      0.0003       0.0015
24       0.0008      0.0002      0.0003   40828.5781
25    7166.0473      0.0002   3760.4306       0.0016
26       0.0004   3303.3364      0.0004   11002.0492
27    1185.1055      0.0002   3912.7124       0.0016
28   12527.9302      0.0001      0.0002       0.0007
29    1956.3842      0.0002      0.0001    4506.9741
30       0.0000      0.0000      0.0000       0.0000
;

alfa [*] :=
Cuarto   400.3520
Entero  1600.0000
 Medio   800.0000
Octavo   200.0000
;

TInv [*,*] (tr)
:      Cuarto      Entero       Medio       Octavo      :=
1        0.0000      0.0000   3559.0685    5965.0478
2     9578.4995      0.0000   1615.1208    1229.6708
3        0.0000      0.0000      0.0000   45127.0813
4    19412.2596      0.0000      0.0000       0.0000
5    23060.1515      0.0000      0.0000       0.0000
6    25074.6606      0.0000      0.0000       0.0000
7        0.0000   7200.0000      0.0000       0.0000
8        0.0000      0.0000      0.0000   41258.8866
9    11110.6295      0.0000   4782.7070       0.0000
10       0.0000      0.0000      0.0000   45442.9539
11       0.0000   5892.8329      0.0000       0.0000
12    8437.0796      0.0000   4285.4762       0.0000
13       0.0000      0.0000      0.0000   47734.2363
14    7160.7715      0.0000   4783.2781       0.0000
15       0.0000   5999.9441      0.0000       0.0000
16   17111.7976      0.0000      0.0000       0.0000
17    9278.9503      0.0000   3890.5884       0.0000
18    9557.0767      0.0000   5004.8946       0.0000
19       0.0000      0.0000      0.0000   41334.3256
20       0.0000   6048.5689      0.0000       0.0000
21    3125.6770      0.0000   4290.1691       0.0000
22     362.9501      0.0000   2919.2232   11177.9969
23   17875.5661      0.0000      0.0000       0.0000
24       0.0000      0.0000      0.0000   40830.1151
25    7165.7052      0.0000   3760.4208       0.0000
26       0.0000   3303.0353      0.0000   11006.0643
27    1183.6754      0.0000   3912.6728       0.0000
28   12531.4884      0.0000      0.0000       0.0000
29    1956.5981      0.0000      0.0000    4506.7168
30       0.0000      0.0000      0.0000       0.0000
;

alfa [*] :=
Cuarto   400.3680
Entero  1600.0000
 Medio   800.0000
Octavo   200.0000
;

TInv [*,*] (tr)
:      Cuarto      Entero       Medio       Octavo      :=
1        0.0000      0.0000   3558.8438    5964.5673
2     9579.9101      0.0000   1614.6408    1230.7069
3        0.0000      0.0000      0.0000   45128.0025
4    19412.2596      0.0000      0.0000       0.0000
5    23059.9652      0.0000      0.0000       0.0000
6    25074.6148      0.0000      0.0000       0.0000
7        0.0000   7200.0000      0.0000       0.0000
8        0.0000      0.0000      0.0000   41258.8866
9    11110.7641      0.0000   4783.0116       0.0000
10       0.0000      0.0000      0.0000   45442.8347
11       0.0000   5892.8201      0.0000       0.0000
12    8436.9900      0.0000   4285.4762       0.0000
13       0.0000      0.0000      0.0000   47734.5268
14    7160.8930      0.0000   4783.3557       0.0000
15       0.0000   5999.9459      0.0000       0.0000
16   17111.8408      0.0000      0.0000       0.0000
17    9279.2787      0.0000   3890.4833       0.0000
18    9557.1184      0.0000   5004.7217       0.0000
19       0.0000      0.0000      0.0000   41335.6712
20       0.0000   6048.6904      0.0000       0.0000
21    3125.3888      0.0000   4289.6559       0.0000
22     364.1339      0.0000   2919.7988   11174.6565
23   17875.3864      0.0000      0.0000       0.0000
24       0.0000      0.0000      0.0000   40831.6491
25    7166.0119      0.0000   3760.4109       0.0000
26       0.0000   3302.7334      0.0000   11009.7342
27    1182.2446      0.0000   3912.6791       0.0000
28   12535.3262      0.0000      0.0000       0.0000
29    1957.1285      0.0000      0.0000    4506.4624
30       0.0000      0.0000      0.0000       0.0000
;

alfa [*] :=
Cuarto   400.3840
Entero  1600.0000
 Medio   800.0000
Octavo   200.0000
;

TInv [*,*] (tr)
:      Cuarto      Entero       Medio       Octavo      :=
1        0.0000      0.0000   3558.6191    5964.0882
2     9581.3208      0.0000   1623.3983    1063.3821
3        0.0000      0.0000      0.0000   45050.1499
4    19412.2597      0.0000      0.0000       0.0000
5    23088.9607      0.0000      0.0000       0.0000
6    25084.0355      0.0000      0.0000       0.0000
7        0.0000   7200.0000      0.0000       0.0000
8        0.0000      0.0000      0.0000   41258.8870
9    11109.3923      0.0000   4762.8605       0.0000
10       0.0000      0.0000      0.0000   45457.1710
11       0.0000   5893.9151      0.0000       0.0000
12    8467.8249      0.0000   4285.4762       0.0000
13       0.0000      0.0000      0.0000   47712.8744
14    7152.4662      0.0000   4777.0820       0.0000
15       0.0000   6000.0088      0.0000       0.0000
16   17111.7510      0.0000      0.0000       0.0000
17    9259.7308      0.0000   3890.4099       0.0000
18    9557.7145      0.0000   5011.3462       0.0000
19       0.0000      0.0000      0.0000   41336.5360
20       0.0000   6040.3245      0.0000       0.0000
21    3125.2002      0.0000   4308.6416       0.0000
22     399.4537      0.0000   2919.3489   11172.3359
23   17881.1963      0.0000      0.0000       0.0000
24       0.0000      0.0000      0.0000   40833.1811
25    7159.1742      0.0000   3760.4009       0.0000
26       0.0000   3302.4316      0.0000   11020.2986
27    1180.8145      0.0000   3911.9927       0.0000
28   12531.6728      0.0000      0.0000       0.0000
29    1951.0720      0.0000      0.0000    4506.2047
30       0.0000      0.0000      0.0000       0.0000
;

alfa [*] :=
Cuarto   400.4000
Entero  1600.0000
 Medio   800.0000
Octavo   200.0000
;

TInv [*,*] (tr)
:      Cuarto      Entero       Medio       Octavo      :=
1        0.0000      0.0000   3558.3945    5963.6062
2     9582.7314      0.0000   1614.0649    1226.6063
3        0.0000      0.0000      0.0000   45127.9949
4    19412.2596      0.0000      0.0000       0.0000
5    23059.9651      0.0000      0.0000       0.0000
6    25074.6148      0.0000      0.0000       0.0000
7        0.0000   7200.0000      0.0000       0.0000
8        0.0000      0.0000      0.0000   41258.8866
9    11110.7642      0.0000   4783.0116       0.0000
10       0.0000      0.0000      0.0000   45442.8348
11       0.0000   5892.8201      0.0000       0.0000
12    8436.9900      0.0000   4285.4762       0.0000
13       0.0000      0.0000      0.0000   47734.5266
14    7160.8931      0.0000   4783.3557       0.0000
15       0.0000   5999.9459      0.0000       0.0000
16   17111.8861      0.0000      0.0000       0.0000
17    9279.3090      0.0000   3890.2707       0.0000
18    9557.1420      0.0000   5004.5701       0.0000
19       0.0000      0.0000      0.0000   41338.3933
20       0.0000   6048.6905      0.0000       0.0000
21    3124.8304      0.0000   4289.2187       0.0000
22     365.3583      0.0000   2920.9287   11167.8749
23   17875.3770      0.0000      0.0000       0.0000
24       0.0000      0.0000      0.0000   40834.7174
25    7166.0439      0.0000   3760.3910       0.0000
26       0.0000   3302.1296      0.0000   11017.4211
27    1179.3827      0.0000   3912.6455       0.0000
28   12542.7251      0.0000      0.0000       0.0000
29    1957.8717      0.0000      0.0000    4505.9539
30       0.0000      0.0000      0.0000       0.0000
;

alfa [*] :=
Cuarto   400.4160
Entero  1600.0000
 Medio   800.0000
Octavo   200.0000
;

TInv [*,*] (tr)
:      Cuarto      Entero       Medio       Octavo      :=
1        0.0001      0.0000   3558.1699    5963.1258
2     9584.1426      0.0000   1613.7752    1224.5615
3        0.0001      0.0000      0.0001   45127.9916
4    19412.2592      0.0000      0.0002       0.0006
5    23059.9646      0.0000      0.0002       0.0005
6    25074.6142      0.0000      0.0002       0.0005
7        0.0002   7199.9996      0.0004       0.0005
8        0.0001      0.0000      0.0001   41258.8859
9    11110.7642      0.0000   4783.0115       0.0003
10       0.0001      0.0000      0.0001   45442.8341
11       0.0002   5892.8198      0.0001       0.0005
12    8436.9903      0.0000   4285.4762       0.0003
13       0.0001      0.0000      0.0001   47734.5260
14    7160.8934      0.0000   4783.3557       0.0003
15       0.0002   5999.9457      0.0001       0.0004
16   17111.9871      0.0000      0.0001       0.0003
17    9279.3856      0.0000   3890.1689       0.0003
18    9557.1990      0.0000   5004.4970       0.0003
19       0.0001      0.0000      0.0000   41339.6954
20       0.0001   6048.6904      0.0000       0.0003
21    3124.5544      0.0000   4289.0084       0.0002
22     365.9134      0.0000   2921.4690   11164.6297
23   17875.3805      0.0000      0.0000       0.0001
24       0.0001      0.0000      0.0000   40836.2514
25    7166.0449      0.0000   3760.3811       0.0001
26       0.0000   3301.8277      0.0000   11021.2639
27    1177.9518      0.0000   3912.6287       0.0001
28   12546.4245      0.0000      0.0000       0.0001
29    1958.2430      0.0000      0.0000    4505.6999
30       0.0000      0.0000      0.0000       0.0000
;

alfa [*] :=
Cuarto   400.4320
Entero  1600.0000
 Medio   800.0000
Octavo   200.0000
;

TInv [*,*] (tr)
:      Cuarto      Entero       Medio       Octavo      :=
1        0.0000      0.0000   3557.9452    5962.6452
2     9585.5527      0.0000   1613.7668    1220.8671
3        0.0000      0.0000      0.0000   45127.0760
4    19412.2596      0.0000      0.0000       0.0000
5    23060.1003      0.0000      0.0000       0.0000
6    25074.6526      0.0000      0.0000       0.0000
7        0.0000   7200.0000      0.0000       0.0000
8        0.0000      0.0000      0.0000   41258.8866
9    11110.7557      0.0000   4782.7880       0.0000
10       0.0000      0.0000      0.0000   45442.9137
11       0.0000   5892.8375      0.0000       0.0000
12    8436.9729      0.0000   4285.4762       0.0000
13       0.0000      0.0000      0.0000   47734.3952
14    7160.8375      0.0000   4783.2960       0.0000
15       0.0000   5999.9434      0.0000       0.0000
16   17111.8555      0.0000      0.0000       0.0000
17    9279.2179      0.0000   3890.0536       0.0000
18    9557.1253      0.0000   5004.4852       0.0000
19       0.0000      0.0000      0.0000   41341.1721
20       0.0000   6048.6056      0.0000       0.0000
21    3124.3174      0.0000   4288.9306       0.0000
22     366.8045      0.0000   2922.0664   11160.9550
23   17875.6607      0.0000      0.0000       0.0000
24       0.0000      0.0000      0.0000   40837.7859
25    7165.6979      0.0000   3760.3712       0.0000
26       0.0000   3301.5258      0.0000   11025.2166
27    1176.5208      0.0000   3912.5901       0.0000
28   12550.0394      0.0000      0.0000       0.0000
29    1958.5076      0.0000      0.0000    4505.4456
30       0.0000      0.0000      0.0000       0.0000
;

alfa [*] :=
Cuarto   400.4480
Entero  1600.0000
 Medio   800.0000
Octavo   200.0000
;

TInv [*,*] (tr)
:      Cuarto      Entero       Medio       Octavo      :=
1        0.0001      0.0000   3557.7207    5962.1704
2     9586.9628      0.0000   1614.4040    1212.2060
3        0.0001      0.0000      0.0000   45124.0765
4    19412.2607      0.0000      0.0001       0.0003
5    23060.5564      0.0000      0.0001       0.0003
6    25074.7797      0.0000      0.0001       0.0002
7        0.0001   7199.9998      0.0002       0.0003
8        0.0001      0.0000      0.0000   41258.8877
9    11110.6866      0.0000   4781.8524       0.0001
10       0.0001      0.0000      0.0000   45443.2743
11       0.0001   5892.9007      0.0001       0.0003
12    8437.4471      0.0000   4285.4762       0.0001
13       0.0001      0.0000      0.0000   47733.6706
14    7160.5747      0.0000   4783.0582       0.0001
15       0.0001   5999.9036      0.0001       0.0002
16   17111.7428      0.0000      0.0000       0.0002
17    9278.5563      0.0000   3889.9391       0.0002
18    9557.1015      0.0000   5004.6650       0.0001
19       0.0001      0.0000      0.0000   41342.6378
20       0.0001   6048.2590      0.0000       0.0001
21    3123.9422      0.0000   4289.3337       0.0001
22     367.0731      0.0000   2922.6308   11157.3253
23   17876.3299      0.0000      0.0000       0.0001
24       0.0000      0.0000      0.0000   40839.3203
25    7164.7159      0.0000   3760.3614       0.0001
26       0.0000   3301.2233      0.0000   11029.5284
27    1175.0902      0.0000   3912.4777       0.0001
28   12553.2755      0.0000      0.0000       0.0000
29    1958.3905      0.0000      0.0000    4505.1918
30       0.0000      0.0000      0.0000       0.0000
;

alfa [*] :=
Cuarto   400.4640
Entero  1600.0000
 Medio   800.0000
Octavo   200.0000
;

TInv [*,*] (tr)
:      Cuarto      Entero       Medio       Octavo      :=
1        0.0000      0.0000   3557.4959    5961.6843
2     9588.3739      0.0000   1612.9080    1218.4253
3        0.0000      0.0000      0.0000   45127.9844
4    19412.2596      0.0000      0.0000       0.0000
5    23059.9651      0.0000      0.0000       0.0000
6    25074.6148      0.0000      0.0000       0.0000
7        0.0000   7200.0000      0.0000       0.0000
8        0.0000      0.0000      0.0000   41258.8866
9    11110.7642      0.0000   4783.0112       0.0000
10       0.0000      0.0000      0.0000   45442.8348
11       0.0000   5892.8201      0.0000       0.0000
12    8436.9900      0.0000   4285.4762       0.0000
13       0.0000      0.0000      0.0000   47734.5266
14    7160.8931      0.0000   4783.3557       0.0000
15       0.0000   5999.9459      0.0000       0.0000
16   17111.7348      0.0000      0.0000       0.0000
17    9279.1998      0.0000   3889.8312       0.0000
18    9557.0581      0.0000   5004.2552       0.0000
19       0.0000      0.0000      0.0000   41344.0182
20       0.0000   6048.6905      0.0000       0.0000
21    3123.6578      0.0000   4288.3111       0.0000
22     367.7659      0.0000   2923.2632   11153.8605
23   17875.4034      0.0000      0.0000       0.0000
24       0.0000      0.0000      0.0000   40840.8545
25    7166.0359      0.0000   3760.3514       0.0000
26       0.0000   3300.9220      0.0000   11032.7921
27    1173.6587      0.0000   3912.5783       0.0000
28   12557.5240      0.0000      0.0000       0.0000
29    1959.3561      0.0000      0.0000    4504.9377
30       0.0000      0.0000      0.0000       0.0000
;

alfa [*] :=
Cuarto   400.4800
Entero  1600.0000
 Medio   800.0000
Octavo   200.0000
;

TInv [*,*] (tr)
:      Cuarto      Entero       Medio       Octavo      :=
1        0.0016      0.0002   3557.2717    5961.2047
2     9589.7918      0.0004   1612.6122    1216.3898
3        0.0011      0.0002      0.0007   45127.9743
4    19412.2551      0.0004      0.0021       0.0066
5    23059.9595      0.0005      0.0021       0.0059
6    25074.6082      0.0005      0.0020       0.0053
7        0.0025   7199.9958      0.0045       0.0059
8        0.0014      0.0004      0.0010   41258.8782
9    11110.7650      0.0004   4783.0104       0.0032
10       0.0014      0.0004      0.0009   45442.8262
11       0.0024   5892.8170      0.0017       0.0061
12    8436.9936      0.0004   4285.4758       0.0032
13       0.0013      0.0003      0.0007   47734.5193
14    7160.8971      0.0004   4783.3552       0.0029
15       0.0022   5999.9440      0.0011       0.0051
16   17111.8588      0.0004      0.0006       0.0035
17    9279.2918      0.0005   3889.7306       0.0037
18    9557.1280      0.0004   5004.1828       0.0031
19       0.0012      0.0003      0.0005   41345.2985
20       0.0016   6048.6894      0.0006       0.0030
21    3123.3945      0.0003   4288.1038       0.0023
22     368.3234      0.0004   2923.7964   11150.6613
23   17875.4075      0.0002      0.0003       0.0015
24       0.0008      0.0002      0.0003   40842.3860
25    7166.0331      0.0002   3760.3413       0.0016
26       0.0004   3300.6193      0.0004   11036.6354
27    1172.2269      0.0002   3912.5612       0.0017
28   12561.2252      0.0001      0.0002       0.0007
29    1959.7265      0.0002      0.0001    4504.6868
30       0.0000      0.0000      0.0000       0.0000
;

alfa [*] :=
Cuarto   400.4960
Entero  1600.0000
 Medio   800.0000
Octavo   200.0000
;

TInv [*,*] (tr)
:      Cuarto      Entero       Medio       Octavo      :=
1        0.0016      0.0002   3557.0471    5960.7243
2     9591.2024      0.0004   1612.3230    1214.3451
3        0.0011      0.0002      0.0007   45127.9717
4    19412.2551      0.0004      0.0021       0.0066
5    23059.9596      0.0005      0.0021       0.0059
6    25074.6082      0.0005      0.0020       0.0053
7        0.0025   7199.9958      0.0046       0.0059
8        0.0014      0.0004      0.0010   41258.8782
9    11110.7650      0.0004   4783.0103       0.0032
10       0.0014      0.0004      0.0009   45442.8262
11       0.0024   5892.8170      0.0017       0.0061
12    8436.9936      0.0004   4285.4758       0.0032
13       0.0013      0.0003      0.0007   47734.5193
14    7160.8971      0.0004   4783.3552       0.0029
15       0.0022   5999.9440      0.0011       0.0051
16   17111.8512      0.0004      0.0006       0.0035
17    9279.2856      0.0005   3889.6225       0.0037
18    9557.1237      0.0004   5004.1055       0.0031
19       0.0012      0.0003      0.0005   41346.6823
20       0.0016   6048.6894      0.0006       0.0030
21    3123.1124      0.0003   4287.8808       0.0023
22     368.9292      0.0004   2924.3707   11147.2138
23   17875.4202      0.0002      0.0003       0.0015
24       0.0008      0.0002      0.0003   40843.9205
25    7166.0230      0.0002   3760.3314       0.0016
26       0.0004   3300.3174      0.0004   11040.4778
27    1170.7958      0.0002   3912.5445       0.0017
28   12564.9257      0.0001      0.0002       0.0007
29    1960.0970      0.0002      0.0001    4504.4330
30       0.0000      0.0000      0.0000       0.0000
;

alfa [*] :=
Cuarto   400.5120
Entero  1600.0000
 Medio   800.0000
Octavo   200.0000
;

TInv [*,*] (tr)
:      Cuarto      Entero       Medio       Octavo      :=
1        0.0016      0.0002   3556.8224    5960.2438
2     9592.6130      0.0004   1612.0348    1212.2938
3        0.0011      0.0002      0.0007   45127.9657
4    19412.2551      0.0004      0.0021       0.0066
5    23059.9603      0.0005      0.0021       0.0059
6    25074.6085      0.0005      0.0020       0.0053
7        0.0025   7199.9958      0.0046       0.0059
8        0.0014      0.0004      0.0010   41258.8782
9    11110.7650      0.0004   4783.0091       0.0032
10       0.0014      0.0004      0.0009   45442.8265
11       0.0025   5892.8171      0.0017       0.0061
12    8436.9943      0.0004   4285.4758       0.0032
13       0.0013      0.0003      0.0007   47734.5185
14    7160.8968      0.0004   4783.3549       0.0029
15       0.0022   5999.9440      0.0011       0.0051
16   17111.8406      0.0004      0.0006       0.0035
17    9279.2771      0.0005   3889.5142       0.0037
18    9557.1175      0.0004   5004.0283       0.0031
19       0.0012      0.0003      0.0005   41348.0682
20       0.0016   6048.6890      0.0006       0.0030
21    3122.8241      0.0003   4287.6580       0.0023
22     369.5101      0.0004   2924.9459   11143.7609
23   17875.4383      0.0002      0.0003       0.0015
24       0.0008      0.0002      0.0003   40845.4549
25    7166.0056      0.0002   3760.3215       0.0016
26       0.0004   3300.0154      0.0004   11044.3206
27    1169.3646      0.0002   3912.5276       0.0017
28   12568.6258      0.0001      0.0002       0.0007
29    1960.4668      0.0002      0.0001    4504.1794
30       0.0000      0.0000      0.0000       0.0000
;

alfa [*] :=
Cuarto   400.5280
Entero  1600.0000
 Medio   800.0000
Octavo   200.0000
;

TInv [*,*] (tr)
:      Cuarto      Entero       Medio       Octavo      :=
1        0.0016      0.0002   3556.5977    5959.7634
2     9594.0236      0.0004   1611.7496    1210.2247
3        0.0011      0.0002      0.0007   45127.9500
4    19412.2552      0.0004      0.0021       0.0065
5    23059.9635      0.0005      0.0021       0.0059
6    25074.6096      0.0005      0.0020       0.0053
7        0.0025   7199.9958      0.0046       0.0059
8        0.0014      0.0004      0.0010   41258.8782
9    11110.7650      0.0004   4783.0049       0.0032
10       0.0014      0.0004      0.0009   45442.8279
11       0.0025   5892.8174      0.0017       0.0061
12    8436.9975      0.0004   4285.4758       0.0032
13       0.0013      0.0003      0.0007   47734.5155
14    7160.8957      0.0004   4783.3539       0.0029
15       0.0022   5999.9438      0.0011       0.0051
16   17111.8385      0.0004      0.0006       0.0035
17    9279.2728      0.0005   3889.4064       0.0037
18    9557.1165      0.0004   5003.9521       0.0031
19       0.0012      0.0003      0.0005   41349.4479
20       0.0016   6048.6875      0.0006       0.0030
21    3122.5353      0.0003   4287.4382       0.0023
22     370.1081      0.0004   2925.5184   11140.3237
23   17875.4506      0.0002      0.0003       0.0015
24       0.0008      0.0002      0.0003   40846.9895
25    7165.9955      0.0002   3760.3116       0.0016
26       0.0004   3299.7135      0.0004   11048.1648
27    1167.9334      0.0002   3912.5104       0.0017
28   12572.3247      0.0001      0.0002       0.0007
29    1960.8350      0.0002      0.0001    4503.9258
30       0.0000      0.0000      0.0000       0.0000
;

alfa [*] :=
Cuarto   400.5440
Entero  1600.0000
 Medio   800.0000
Octavo   200.0000
;

TInv [*,*] (tr)
:      Cuarto      Entero       Medio       Octavo      :=
1        0.0016      0.0002   3556.3730    5959.2829
2     9595.4343      0.0004   1611.4554    1208.2119
3        0.0011      0.0002      0.0007   45127.9639
4    19412.2551      0.0004      0.0021       0.0066
5    23059.9596      0.0005      0.0021       0.0059
6    25074.6082      0.0005      0.0020       0.0053
7        0.0025   7199.9958      0.0046       0.0059
8        0.0014      0.0004      0.0010   41258.8782
9    11110.7650      0.0004   4783.0099       0.0032
10       0.0014      0.0004      0.0009   45442.8262
11       0.0025   5892.8170      0.0017       0.0062
12    8436.9937      0.0004   4285.4758       0.0032
13       0.0013      0.0003      0.0007   47734.5192
14    7160.8971      0.0004   4783.3552       0.0030
15       0.0022   5999.9440      0.0011       0.0052
16   17111.8420      0.0004      0.0006       0.0035
17    9279.2796      0.0005   3889.2990       0.0037
18    9557.1187      0.0004   5003.8736       0.0031
19       0.0012      0.0003      0.0005   41350.8232
20       0.0016   6048.6894      0.0006       0.0030
21    3122.2408      0.0003   4287.2123       0.0023
22     370.6761      0.0004   2926.0895   11136.8970
23   17875.4185      0.0002      0.0003       0.0015
24       0.0008      0.0002      0.0003   40848.5240
25    7166.0459      0.0002   3760.3017       0.0016
26       0.0004   3299.4115      0.0004   11052.0044
27    1166.5022      0.0002   3912.4942       0.0017
28   12576.0281      0.0001      0.0002       0.0007
29    1961.2075      0.0002      0.0001    4503.6723
30       0.0000      0.0000      0.0000       0.0000
;

alfa [*] :=
Cuarto   400.5600
Entero  1600.0000
 Medio   800.0000
Octavo   200.0000
;

TInv [*,*] (tr)
:      Cuarto      Entero       Medio       Octavo      :=
1        0.0016      0.0002   3556.1483    5958.8025
2     9596.8449      0.0004   1611.1663    1206.1677
3        0.0011      0.0002      0.0007   45127.9613
4    19412.2551      0.0004      0.0021       0.0066
5    23059.9596      0.0005      0.0021       0.0059
6    25074.6082      0.0005      0.0020       0.0053
7        0.0025   7199.9958      0.0046       0.0059
8        0.0014      0.0004      0.0010   41258.8782
9    11110.7650      0.0004   4783.0098       0.0032
10       0.0014      0.0004      0.0009   45442.8261
11       0.0025   5892.8170      0.0017       0.0062
12    8436.9936      0.0004   4285.4758       0.0032
13       0.0013      0.0003      0.0007   47734.5192
14    7160.8971      0.0004   4783.3552       0.0030
15       0.0022   5999.9440      0.0011       0.0052
16   17111.8384      0.0004      0.0006       0.0035
17    9279.2768      0.0005   3889.1911       0.0037
18    9557.1167      0.0004   5003.7964       0.0031
19       0.0012      0.0003      0.0005   41352.2040
20       0.0016   6048.6894      0.0006       0.0030
21    3121.9554      0.0003   4286.9897       0.0023
22     371.2743      0.0004   2926.6626   11133.4570
23   17875.4319      0.0002      0.0003       0.0015
24       0.0008      0.0002      0.0003   40850.0587
25    7166.0353      0.0002   3760.2918       0.0016
26       0.0004   3299.1095      0.0004   11055.8464
27    1165.0709      0.0002   3912.4774       0.0017
28   12579.7293      0.0001      0.0002       0.0007
29    1961.5773      0.0002      0.0001    4503.4189
30       0.0000      0.0000      0.0000       0.0000
;

alfa [*] :=
Cuarto   400.5760
Entero  1600.0000
 Medio   800.0000
Octavo   200.0000
;

TInv [*,*] (tr)
:      Cuarto      Entero       Medio       Octavo      :=
1        0.0000      0.0000   3555.9231    5958.3211
2     9598.2480      0.0000   1610.8838    1204.1144
3        0.0000      0.0000      0.0000   45127.9662
4    19412.2596      0.0000      0.0000       0.0000
5    23059.9651      0.0000      0.0000       0.0000
6    25074.6148      0.0000      0.0000       0.0000
7        0.0000   7200.0000      0.0000       0.0000
8        0.0000      0.0000      0.0000   41258.8866
9    11110.7642      0.0000   4783.0103       0.0000
10       0.0000      0.0000      0.0000   45442.8348
11       0.0000   5892.8201      0.0000       0.0000
12    8436.9900      0.0000   4285.4762       0.0000
13       0.0000      0.0000      0.0000   47734.5266
14    7160.8931      0.0000   4783.3557       0.0000
15       0.0000   5999.9459      0.0000       0.0000
16   17111.7339      0.0000      0.0000       0.0000
17    9279.1990      0.0000   3889.0775       0.0000
18    9557.0576      0.0000   5003.7153       0.0000
19       0.0000      0.0000      0.0000   41353.6652
20       0.0000   6048.6905      0.0000       0.0000
21    3121.6480      0.0000   4286.7546       0.0000
22     371.8873      0.0000   2927.2674   11129.8259
23   17875.4306      0.0000      0.0000       0.0000
24       0.0000      0.0000      0.0000   40851.5962
25    7166.0473      0.0000   3760.2821       0.0000
26       0.0000   3298.8083      0.0000   11059.6874
27    1163.6403      0.0000   3912.4610       0.0000
28   12583.4296      0.0000      0.0000       0.0000
29    1961.9472      0.0000      0.0000    4503.1626
30       0.0000      0.0000      0.0000       0.0000
;

alfa [*] :=
Cuarto   400.5920
Entero  1600.0000
 Medio   800.0000
Octavo   200.0000
;

TInv [*,*] (tr)
:      Cuarto      Entero       Medio       Octavo      :=
1        0.0016      0.0002   3555.6989    5957.8417
2     9599.6661      0.0004   1610.5881    1202.0799
3        0.0011      0.0002      0.0007   45127.9561
4    19412.2552      0.0004      0.0021       0.0066
5    23059.9596      0.0005      0.0021       0.0059
6    25074.6082      0.0005      0.0020       0.0053
7        0.0025   7199.9958      0.0046       0.0059
8        0.0014      0.0004      0.0010   41258.8782
9    11110.7650      0.0004   4783.0096       0.0032
10       0.0014      0.0004      0.0009   45442.8262
11       0.0025   5892.8170      0.0017       0.0062
12    8436.9936      0.0004   4285.4758       0.0032
13       0.0013      0.0003      0.0007   47734.5192
14    7160.8971      0.0004   4783.3552       0.0030
15       0.0022   5999.9440      0.0011       0.0052
16   17111.8213      0.0004      0.0006       0.0035
17    9279.2638      0.0005   3888.9748       0.0037
18    9557.1073      0.0004   5003.6417       0.0031
19       0.0012      0.0003      0.0005   41354.9729
20       0.0016   6048.6894      0.0006       0.0030
21    3121.3864      0.0003   4286.5435       0.0023
22     372.4586      0.0004   2927.8119   11126.5585
23   17875.4688      0.0002      0.0003       0.0015
24       0.0008      0.0002      0.0003   40853.1281
25    7165.9995      0.0002   3760.2721       0.0016
26       0.0004   3298.5056      0.0004   11063.5301
27    1162.2083      0.0002   3912.4440       0.0017
28   12587.1323      0.0001      0.0002       0.0007
29    1962.3164      0.0002      0.0001    4502.9123
30       0.0000      0.0000      0.0000       0.0000
;

alfa [*] :=
Cuarto   400.6080
Entero  1600.0000
 Medio   800.0000
Octavo   200.0000
;

TInv [*,*] (tr)
:      Cuarto      Entero       Medio       Octavo      :=
1        0.0016      0.0002   3555.4742    5957.3613
2     9601.0767      0.0004   1610.3036    1200.0088
3        0.0011      0.0002      0.0007   45127.9399
4    19412.2552      0.0004      0.0021       0.0065
5    23059.9630      0.0005      0.0021       0.0059
6    25074.6094      0.0005      0.0020       0.0053
7        0.0025   7199.9958      0.0046       0.0059
8        0.0014      0.0004      0.0010   41258.8782
9    11110.7650      0.0004   4783.0047       0.0032
10       0.0014      0.0004      0.0009   45442.8277
11       0.0025   5892.8173      0.0017       0.0062
12    8436.9970      0.0004   4285.4758       0.0032
13       0.0013      0.0003      0.0007   47734.5159
14    7160.8958      0.0004   4783.3540       0.0030
15       0.0022   5999.9438      0.0011       0.0052
16   17111.8219      0.0004      0.0006       0.0035
17    9279.2610      0.0005   3888.8671       0.0037
18    9557.1077      0.0004   5003.5658       0.0031
19       0.0012      0.0003      0.0005   41356.3506
20       0.0016   6048.6877      0.0006       0.0030
21    3121.0974      0.0003   4286.3243       0.0023
22     373.0580      0.0004   2928.3835   11123.1263
23   17875.4827      0.0002      0.0003       0.0015
24       0.0008      0.0002      0.0003   40854.6628
25    7165.9873      0.0002   3760.2622       0.0016
26       0.0004   3298.2036      0.0004   11067.3741
27    1160.7769      0.0002   3912.4268       0.0017
28   12590.8318      0.0001      0.0002       0.0007
29    1962.6834      0.0002      0.0001    4502.6591
30       0.0000      0.0000      0.0000       0.0000
;

alfa [*] :=
Cuarto   400.6240
Entero  1600.0000
 Medio   800.0000
Octavo   200.0000
;

TInv [*,*] (tr)
:      Cuarto      Entero       Medio       Octavo      :=
1        0.0016      0.0002   3555.2495    5956.8809
2     9602.4873      0.0004   1610.0104    1197.9897
3        0.0011      0.0002      0.0007   45127.9494
4    19412.2552      0.0004      0.0021       0.0065
5    23059.9599      0.0005      0.0021       0.0059
6    25074.6084      0.0005      0.0020       0.0052
7        0.0025   7199.9958      0.0046       0.0059
8        0.0014      0.0004      0.0010   41258.8782
9    11110.7650      0.0004   4783.0088       0.0032
10       0.0014      0.0004      0.0009   45442.8263
11       0.0025   5892.8170      0.0017       0.0062
12    8436.9940      0.0004   4285.4758       0.0032
13       0.0013      0.0003      0.0007   47734.5190
14    7160.8970      0.0004   4783.3551       0.0030
15       0.0022   5999.9440      0.0011       0.0052
16   17111.8236      0.0004      0.0006       0.0035
17    9279.2655      0.0005   3888.7596       0.0037
18    9557.1085      0.0004   5003.4876       0.0031
19       0.0012      0.0003      0.0005   41357.7275
20       0.0016   6048.6892      0.0006       0.0030
21    3120.8075      0.0003   4286.0992       0.0023
22     373.6515      0.0004   2928.9552   11119.6960
23   17875.4738      0.0002      0.0003       0.0015
24       0.0008      0.0002      0.0003   40856.1976
25    7166.0065      0.0002   3760.2523       0.0016
26       0.0004   3297.9016      0.0004   11071.2137
27    1159.3455      0.0002   3912.4104       0.0017
28   12594.5358      0.0001      0.0002       0.0007
29    1963.0545      0.0002      0.0001    4502.4061
30       0.0000      0.0000      0.0000       0.0000
;

alfa [*] :=
Cuarto   400.6400
Entero  1600.0000
 Medio   800.0000
Octavo   200.0000
;

TInv [*,*] (tr)
:      Cuarto      Entero       Medio       Octavo      :=
1        0.0016      0.0002   3555.0248    5956.4004
2     9603.8979      0.0004   1609.7209    1195.9492
3        0.0011      0.0002      0.0007   45127.9484
4    19412.2552      0.0004      0.0021       0.0065
5    23059.9596      0.0005      0.0021       0.0059
6    25074.6083      0.0005      0.0020       0.0053
7        0.0025   7199.9958      0.0046       0.0059
8        0.0014      0.0004      0.0010   41258.8782
9    11110.7650      0.0004   4783.0092       0.0032
10       0.0014      0.0004      0.0009   45442.8261
11       0.0025   5892.8170      0.0017       0.0062
12    8436.9936      0.0004   4285.4758       0.0032
13       0.0013      0.0003      0.0007   47734.5192
14    7160.8971      0.0004   4783.3552       0.0030
15       0.0022   5999.9440      0.0011       0.0052
16   17111.8188      0.0004      0.0006       0.0035
17    9279.2623      0.0005   3888.6516       0.0037
18    9557.1059      0.0004   5003.4102       0.0031
19       0.0012      0.0003      0.0005   41359.1092
20       0.0016   6048.6894      0.0006       0.0030
21    3120.5209      0.0003   4285.8761       0.0023
22     374.2284      0.0004   2929.5288   11116.2537
23   17875.4899      0.0002      0.0003       0.0015
24       0.0008      0.0002      0.0003   40857.7325
25    7165.9935      0.0002   3760.2424       0.0016
26       0.0004   3297.5996      0.0004   11075.0549
27    1157.9140      0.0002   3912.3938       0.0017
28   12598.2382      0.0001      0.0002       0.0007
29    1963.4239      0.0002      0.0001    4502.1531
30       0.0000      0.0000      0.0000       0.0000
;

alfa [*] :=
Cuarto   400.6560
Entero  1600.0000
 Medio   800.0000
Octavo   200.0000
;

TInv [*,*] (tr)
:      Cuarto      Entero       Medio       Octavo      :=
1        0.0000      0.0000   3554.7996    5955.9191
2     9605.3007      0.0000   1609.4386    1193.8964
3        0.0000      0.0000      0.0000   45127.9533
4    19412.2596      0.0000      0.0000       0.0000
5    23059.9651      0.0000      0.0000       0.0000
6    25074.6148      0.0000      0.0000       0.0000
7        0.0000   7200.0000      0.0000       0.0000
8        0.0000      0.0000      0.0000   41258.8866
9    11110.7642      0.0000   4783.0098       0.0000
10       0.0000      0.0000      0.0000   45442.8348
11       0.0000   5892.8201      0.0000       0.0000
12    8436.9900      0.0000   4285.4762       0.0000
13       0.0000      0.0000      0.0000   47734.5266
14    7160.8931      0.0000   4783.3557       0.0000
15       0.0000   5999.9459      0.0000       0.0000
16   17111.7326      0.0000      0.0000       0.0000
17    9279.1981      0.0000   3888.5391       0.0000
18    9557.0569      0.0000   5003.3297       0.0000
19       0.0000      0.0000      0.0000   41360.5567
20       0.0000   6048.6905      0.0000       0.0000
21    3120.2122      0.0000   4285.6427       0.0000
22     374.8343      0.0000   2930.1279   11112.6568
23   17875.4562      0.0000      0.0000       0.0000
24       0.0000      0.0000      0.0000   40859.2703
25    7166.0475      0.0000   3760.2327       0.0000
26       0.0000   3297.2983      0.0000   11078.8953
27    1156.4833      0.0000   3912.3774       0.0000
28   12601.9394      0.0000      0.0000       0.0000
29    1963.7928      0.0000      0.0000    4501.8971
30       0.0000      0.0000      0.0000       0.0000
;

alfa [*] :=
Cuarto   400.6720
Entero  1600.0000
 Medio   800.0000
Octavo   200.0000
;

TInv [*,*] (tr)
:      Cuarto      Entero       Medio       Octavo      :=
1        0.0016      0.0002   3554.5754    5955.4397
2     9606.7190      0.0004   1609.1428    1191.8627
3        0.0011      0.0002      0.0007   45127.9432
4    19412.2552      0.0004      0.0021       0.0065
5    23059.9596      0.0005      0.0021       0.0059
6    25074.6083      0.0005      0.0020       0.0053
7        0.0025   7199.9957      0.0046       0.0059
8        0.0014      0.0004      0.0010   41258.8782
9    11110.7650      0.0004   4783.0090       0.0032
10       0.0014      0.0004      0.0009   45442.8261
11       0.0025   5892.8170      0.0017       0.0062
12    8436.9936      0.0004   4285.4758       0.0032
13       0.0013      0.0003      0.0007   47734.5191
14    7160.8971      0.0004   4783.3552       0.0030
15       0.0022   5999.9440      0.0011       0.0052
16   17111.8176      0.0004      0.0006       0.0035
17    9279.2616      0.0005   3888.4362       0.0037
18    9557.1051      0.0004   5003.2557       0.0031
19       0.0012      0.0003      0.0005   41361.8663
20       0.0016   6048.6894      0.0006       0.0030
21    3119.9413      0.0003   4285.4307       0.0023
22     375.3989      0.0004   2930.6732   11109.3847
23   17875.4683      0.0002      0.0003       0.0015
24       0.0008      0.0002      0.0003   40860.8023
25    7166.0343      0.0002   3760.2227       0.0016
26       0.0004   3296.9955      0.0004   11082.7377
27    1155.0511      0.0002   3912.3603       0.0017
28   12605.6431      0.0001      0.0002       0.0007
29    1964.1611      0.0002      0.0001    4501.6473
30       0.0000      0.0000      0.0000       0.0000
;

alfa [*] :=
Cuarto   400.6880
Entero  1600.0000
 Medio   800.0000
Octavo   200.0000
;

TInv [*,*] (tr)
:      Cuarto      Entero       Medio       Octavo      :=
1        0.0016      0.0002   3554.3507    5954.9593
2     9608.1295      0.0004   1608.8538    1189.8197
3        0.0011      0.0002      0.0007   45127.9407
4    19412.2552      0.0004      0.0021       0.0065
5    23059.9596      0.0005      0.0020       0.0059
6    25074.6083      0.0005      0.0020       0.0052
7        0.0025   7199.9957      0.0047       0.0059
8        0.0014      0.0004      0.0010   41258.8782
9    11110.7650      0.0004   4783.0088       0.0032
10       0.0014      0.0004      0.0009   45442.8262
11       0.0025   5892.8170      0.0017       0.0062
12    8436.9936      0.0004   4285.4758       0.0032
13       0.0013      0.0003      0.0007   47734.5192
14    7160.8971      0.0004   4783.3552       0.0030
15       0.0022   5999.9440      0.0011       0.0052
16   17111.8154      0.0004      0.0006       0.0035
17    9279.2600      0.0005   3888.3284       0.0037
18    9557.1038      0.0004   5003.1784       0.0031
19       0.0012      0.0003      0.0005   41363.2462
20       0.0016   6048.6894      0.0006       0.0030
21    3119.6525      0.0003   4285.2079       0.0023
22     375.9884      0.0004   2931.2460   11105.9471
23   17875.4645      0.0002      0.0003       0.0015
24       0.0008      0.0002      0.0003   40862.3373
25    7166.0464      0.0002   3760.2128       0.0016
26       0.0004   3296.6935      0.0004   11086.5789
27    1153.6195      0.0002   3912.3436       0.0017
28   12609.3459      0.0001      0.0002       0.0007
29    1964.5295      0.0002      0.0001    4501.3945
30       0.0000      0.0000      0.0000       0.0000
;

alfa [*] :=
Cuarto   400.7040
Entero  1600.0000
 Medio   800.0000
Octavo   200.0000
;

TInv [*,*] (tr)
:      Cuarto      Entero       Medio       Octavo      :=
1        0.0016      0.0002   3554.1260    5954.4789
2     9609.5401      0.0004   1608.5648    1187.7768
3        0.0011      0.0002      0.0007   45127.9381
4    19412.2552      0.0004      0.0021       0.0065
5    23059.9596      0.0005      0.0020       0.0059
6    25074.6083      0.0005      0.0020       0.0052
7        0.0025   7199.9957      0.0047       0.0059
8        0.0014      0.0004      0.0010   41258.8782
9    11110.7650      0.0004   4783.0087       0.0032
10       0.0014      0.0004      0.0009   45442.8261
11       0.0025   5892.8170      0.0017       0.0062
12    8436.9936      0.0004   4285.4758       0.0032
13       0.0013      0.0003      0.0007   47734.5192
14    7160.8971      0.0004   4783.3552       0.0030
15       0.0022   5999.9440      0.0011       0.0052
16   17111.8134      0.0004      0.0006       0.0035
17    9279.2589      0.0005   3888.2206       0.0037
18    9557.1027      0.0004   5003.1014       0.0031
19       0.0012      0.0003      0.0005   41364.6259
20       0.0016   6048.6894      0.0006       0.0030
21    3119.3637      0.0003   4284.9856       0.0023
22     376.5670      0.0004   2931.8186   11102.5099
23   17875.4439      0.0002      0.0003       0.0015
24       0.0008      0.0002      0.0003   40863.8724
25    7166.0810      0.0002   3760.2030       0.0016
26       0.0004   3296.3914      0.0004   11090.4201
27    1152.1879      0.0002   3912.3269       0.0018
28   12613.0488      0.0001      0.0002       0.0007
29    1964.8978      0.0002      0.0001    4501.1419
30       0.0000      0.0000      0.0000       0.0000
;

alfa [*] :=
Cuarto   400.7200
Entero  1600.0000
 Medio   800.0000
Octavo   200.0000
;

TInv [*,*] (tr)
:      Cuarto      Entero       Medio       Octavo      :=
1        0.0000      0.0000   3553.9007    5953.9976
2     9610.9428      0.0000   1608.2827    1185.7246
3        0.0000      0.0000      0.0000   45127.9431
4    19412.2596      0.0000      0.0000       0.0000
5    23059.9651      0.0000      0.0000       0.0000
6    25074.6148      0.0000      0.0000       0.0000
7        0.0000   7200.0000      0.0000       0.0000
8        0.0000      0.0000      0.0000   41258.8866
9    11110.7642      0.0000   4783.0093       0.0000
10       0.0000      0.0000      0.0000   45442.8348
11       0.0000   5892.8201      0.0000       0.0000
12    8436.9900      0.0000   4285.4762       0.0000
13       0.0000      0.0000      0.0000   47734.5266
14    7160.8931      0.0000   4783.3557       0.0000
15       0.0000   5999.9459      0.0000       0.0000
16   17111.7320      0.0000      0.0000       0.0000
17    9279.1977      0.0000   3888.1084       0.0000
18    9557.0566      0.0000   5003.0212       0.0000
19       0.0000      0.0000      0.0000   41366.0698
20       0.0000   6048.6905      0.0000       0.0000
21    3119.0637      0.0000   4284.7532       0.0000
22     377.1926      0.0000   2932.4162   11098.9219
23   17875.4768      0.0000      0.0000       0.0000
24       0.0000      0.0000      0.0000   40865.4103
25    7166.0477      0.0000   3760.1932       0.0000
26       0.0000   3296.0901      0.0000   11094.2600
27    1150.7571      0.0000   3912.3106       0.0000
28   12616.7508      0.0000      0.0000       0.0000
29    1965.2662      0.0000      0.0000    4500.8863
30       0.0000      0.0000      0.0000       0.0000
;

alfa [*] :=
Cuarto   400.7360
Entero  1600.0000
 Medio   800.0000
Octavo   200.0000
;

TInv [*,*] (tr)
:      Cuarto      Entero       Medio       Octavo      :=
1        0.0000      0.0000   3553.6760    5953.5172
2     9612.3533      0.0000   1607.9938    1183.6820
3        0.0000      0.0000      0.0000   45127.9405
4    19412.2596      0.0000      0.0000       0.0000
5    23059.9651      0.0000      0.0000       0.0000
6    25074.6148      0.0000      0.0000       0.0000
7        0.0000   7200.0000      0.0000       0.0000
8        0.0000      0.0000      0.0000   41258.8866
9    11110.7642      0.0000   4783.0092       0.0000
10       0.0000      0.0000      0.0000   45442.8348
11       0.0000   5892.8201      0.0000       0.0000
12    8436.9900      0.0000   4285.4762       0.0000
13       0.0000      0.0000      0.0000   47734.5266
14    7160.8931      0.0000   4783.3557       0.0000
15       0.0000   5999.9459      0.0000       0.0000
16   17111.7319      0.0000      0.0000       0.0000
17    9279.1976      0.0000   3888.0007       0.0000
18    9557.0565      0.0000   5002.9441       0.0000
19       0.0000      0.0000      0.0000   41367.4481
20       0.0000   6048.6905      0.0000       0.0000
21    3118.7766      0.0000   4284.5308       0.0000
22     377.7822      0.0000   2932.9883   11095.4882
23   17875.4820      0.0000      0.0000       0.0000
24       0.0000      0.0000      0.0000   40866.9455
25    7166.0477      0.0000   3760.1834       0.0000
26       0.0000   3295.7881      0.0000   11098.1009
27    1149.3254      0.0000   3912.2939       0.0000
28   12620.4541      0.0000      0.0000       0.0000
29    1965.6341      0.0000      0.0000    4500.6337
30       0.0000      0.0000      0.0000       0.0000
;

alfa [*] :=
Cuarto   400.7520
Entero  1600.0000
 Medio   800.0000
Octavo   200.0000
;

TInv [*,*] (tr)
:      Cuarto      Entero       Medio       Octavo      :=
1        0.0000      0.0000   3553.4513    5953.0369
2     9613.7638      0.0000   1607.7049    1181.6395
3        0.0000      0.0000      0.0000   45127.9380
4    19412.2596      0.0000      0.0000       0.0000
5    23059.9651      0.0000      0.0000       0.0000
6    25074.6148      0.0000      0.0000       0.0000
7        0.0000   7200.0000      0.0000       0.0000
8        0.0000      0.0000      0.0000   41258.8866
9    11110.7642      0.0000   4783.0091       0.0000
10       0.0000      0.0000      0.0000   45442.8348
11       0.0000   5892.8201      0.0000       0.0000
12    8436.9900      0.0000   4285.4762       0.0000
13       0.0000      0.0000      0.0000   47734.5266
14    7160.8931      0.0000   4783.3557       0.0000
15       0.0000   5999.9459      0.0000       0.0000
16   17111.7318      0.0000      0.0000       0.0000
17    9279.1975      0.0000   3887.8931       0.0000
18    9557.0565      0.0000   5002.8670       0.0000
19       0.0000      0.0000      0.0000   41368.8264
20       0.0000   6048.6905      0.0000       0.0000
21    3118.4894      0.0000   4284.3084       0.0000
22     378.3719      0.0000   2933.5604   11092.0545
23   17875.4872      0.0000      0.0000       0.0000
24       0.0000      0.0000      0.0000   40868.4806
25    7166.0478      0.0000   3760.1735       0.0000
26       0.0000   3295.4860      0.0000   11101.9418
27    1147.8938      0.0000   3912.2772       0.0000
28   12624.1576      0.0000      0.0000       0.0000
29    1966.0018      0.0000      0.0000    4500.3813
30       0.0000      0.0000      0.0000       0.0000
;

alfa [*] :=
Cuarto   400.7680
Entero  1600.0000
 Medio   800.0000
Octavo   200.0000
;

TInv [*,*] (tr)
:      Cuarto      Entero       Medio       Octavo      :=
1        0.0016      0.0002   3553.2271    5952.5575
2     9615.1822      0.0004   1607.4092    1179.6067
3        0.0011      0.0002      0.0007   45127.9280
4    19412.2553      0.0004      0.0021       0.0065
5    23059.9597      0.0005      0.0020       0.0059
6    25074.6083      0.0005      0.0020       0.0052
7        0.0025   7199.9957      0.0047       0.0059
8        0.0014      0.0004      0.0010   41258.8782
9    11110.7650      0.0004   4783.0082       0.0032
10       0.0014      0.0004      0.0009   45442.8262
11       0.0025   5892.8169      0.0017       0.0062
12    8436.9936      0.0004   4285.4758       0.0032
13       0.0013      0.0003      0.0007   47734.5192
14    7160.8971      0.0004   4783.3552       0.0030
15       0.0022   5999.9440      0.0011       0.0052
16   17111.8051      0.0004      0.0006       0.0035
17    9279.2524      0.0005   3887.7895       0.0037
18    9557.0981      0.0004   5002.7926       0.0031
19       0.0012      0.0003      0.0005   41370.1449
20       0.0016   6048.6894      0.0006       0.0031
21    3118.2164      0.0003   4284.0951       0.0023
22     378.9411      0.0004   2934.1095   11088.7604
23   17875.5071      0.0002      0.0003       0.0015
24       0.0008      0.0002      0.0003   40870.0130
25    7166.0249      0.0002   3760.1635       0.0016
26       0.0004   3295.1832      0.0004   11105.7837
27    1146.4613      0.0002   3912.2602       0.0018
28   12627.8625      0.0001      0.0002       0.0007
29    1966.3691      0.0002      0.0001    4500.1320
30       0.0000      0.0000      0.0000       0.0000
;

alfa [*] :=
Cuarto   400.7840
Entero  1600.0000
 Medio   800.0000
Octavo   200.0000
;

TInv [*,*] (tr)
:      Cuarto      Entero       Medio       Octavo      :=
1        0.0016      0.0002   3553.0023    5952.0772
2     9616.5928      0.0004   1607.1203    1177.5645
3        0.0011      0.0002      0.0007   45127.9254
4    19412.2553      0.0004      0.0021       0.0065
5    23059.9597      0.0005      0.0020       0.0059
6    25074.6083      0.0005      0.0020       0.0052
7        0.0025   7199.9957      0.0047       0.0059
8        0.0014      0.0004      0.0010   41258.8782
9    11110.7650      0.0004   4783.0081       0.0032
10       0.0014      0.0004      0.0009   45442.8262
11       0.0025   5892.8169      0.0017       0.0062
12    8436.9936      0.0004   4285.4758       0.0032
13       0.0013      0.0003      0.0007   47734.5192
14    7160.8971      0.0004   4783.3552       0.0030
15       0.0022   5999.9440      0.0011       0.0052
16   17111.8021      0.0004      0.0006       0.0035
17    9279.2503      0.0005   3887.6816       0.0037
18    9557.0965      0.0004   5002.7156       0.0031
19       0.0012      0.0003      0.0005   41371.5254
20       0.0016   6048.6894      0.0006       0.0031
21    3117.9308      0.0003   4283.8731       0.0023
22     379.5614      0.0004   2934.6824   11085.3212
23   17875.5328      0.0002      0.0003       0.0015
24       0.0008      0.0002      0.0003   40871.5483
25    7165.9977      0.0002   3760.1537       0.0016
26       0.0004   3294.8811      0.0004   11109.6243
27    1145.0295      0.0002   3912.2435       0.0018
28   12631.5665      0.0001      0.0002       0.0007
29    1966.7364      0.0002      0.0001    4499.8798
30       0.0000      0.0000      0.0000       0.0000
;

alfa [*] :=
Cuarto   400.8000
Entero  1600.0000
 Medio   800.0000
Octavo   200.0000
;

TInv [*,*] (tr)
:      Cuarto      Entero       Medio       Octavo      :=
1        0.0016      0.0002   3552.7776    5951.5969
2     9618.0033      0.0004   1606.8380    1175.4896
3        0.0011      0.0002      0.0007   45127.9028
4    19412.2553      0.0004      0.0020       0.0065
5    23059.9655      0.0005      0.0020       0.0059
6    25074.6103      0.0005      0.0020       0.0052
7        0.0025   7199.9957      0.0047       0.0059
8        0.0014      0.0004      0.0010   41258.8782
9    11110.7653      0.0004   4783.0019       0.0032
10       0.0014      0.0004      0.0009   45442.8282
11       0.0025   5892.8174      0.0017       0.0062
12    8436.9999      0.0004   4285.4758       0.0032
13       0.0013      0.0003      0.0007   47734.5144
14    7160.8952      0.0004   4783.3535       0.0030
15       0.0022   5999.9437      0.0011       0.0052
16   17111.8013      0.0004      0.0006       0.0035
17    9279.2448      0.0005   3887.5739       0.0037
18    9557.0961      0.0004   5002.6402       0.0031
19       0.0012      0.0003      0.0005   41372.9042
20       0.0016   6048.6870      0.0006       0.0031
21    3117.6425      0.0003   4283.6550       0.0023
22     380.1570      0.0004   2935.2545   11081.8862
23   17875.5434      0.0002      0.0003       0.0015
24       0.0008      0.0002      0.0003   40873.0836
25    7165.9912      0.0002   3760.1438       0.0016
26       0.0004   3294.5790      0.0004   11113.4681
27    1143.5977      0.0002   3912.2262       0.0018
28   12635.2675      0.0001      0.0002       0.0007
29    1967.1002      0.0002      0.0001    4499.6276
30       0.0000      0.0000      0.0000       0.0000
;

