apren [*] :=
 p1  0.00007
p10  0.00007
 p2  0.00007
 p3  0.00007
 p4  0.00007
 p5  0.00007
 p6  0.00007
 p7  0.00007
 p8  0.00007
 p9  0.00007
;

TInv [*,*] (tr)
:      Cuarto        Entero       Medio        Octavo       :=
1        0.00000      0.00000   3564.00973    5975.62110
2     9547.46359      0.00000   1907.87794    2011.12158
3        0.00000      0.00000      0.00000   45468.88452
4    19412.25962      0.00000      0.00000       0.00000
5    23888.51692      0.00000      0.00000       0.00000
6    25235.06128      0.00000      0.00000       0.00000
7        0.00000   7200.00000      0.00000       0.00000
8        0.00000      0.00000      0.00000   41258.88662
9    11200.45156      0.00000   4414.45326       0.00000
10       0.00000      0.00000      0.00000   47700.88230
11       0.00000   5708.80111      0.00000       0.00000
12    9953.34881      0.00000   4285.47619       0.00000
13       0.00000      0.00000      0.00000   47891.00990
14    7188.32309      0.00000   4780.07082       0.00000
15       0.00000   5752.83615      0.00000       0.00000
16   17111.73078      0.00000      0.00000       0.00000
17    8950.90480      0.00000   3892.95262       0.00000
18    9569.45344      0.00000   4736.16472       0.00000
19       0.00000      0.00000      0.00000   41304.06424
20       0.00000   6073.51316      0.00000       0.00000
21    3131.98155      0.00000   3986.73344       0.00000
22     693.06159      0.00000   2905.55888   11398.60489
23   18062.32460      0.00000      0.00000       0.00000
24       0.00000      0.00000      0.00000   40796.37612
25    7178.15388      0.00000   3760.63985       0.00000
26       0.00000   3309.67470      0.00000   10563.95006
27    1215.14602      0.00000   3795.23165       0.00000
28   13228.96490      0.00000      0.00000       0.00000
29     414.40515      0.00000      0.00000    4512.32451
30       0.00000      0.00000      0.00000       0.00000
;

apren [*] :=
 p1  0.00007
p10  0.00007
 p2  0.00007
 p3  0.00007
 p4  0.00007
 p5  0.00008
 p6  0.00007
 p7  0.00007
 p8  0.00007
 p9  0.00007
;

TInv [*,*] (tr)
:      Cuarto        Entero       Medio        Octavo       :=
1        0.00000      0.00000   3555.05147    5984.55718
2     9726.20530      0.00000   1737.92308     437.50428
3        0.00000      0.00000      0.00000   45005.88738
4    19412.25962      0.00000      0.00000       0.00000
5    23602.58395      0.00000      0.00000       0.00000
6    25125.71778      0.00000      0.00000       0.00000
7        0.00000   7200.00000      0.00000       0.00000
8        0.00000      0.00000      0.00000   41258.88671
9    11158.07683      0.00000   4775.46103       0.00000
10       0.00000      0.00000      0.00000   46959.21407
11       0.00000   5856.22054      0.00000       0.00000
12    9182.67481      0.00000   4285.47619       0.00000
13       0.00000      0.00000      0.00000   47798.21357
14    7159.08030      0.00000   4774.26371       0.00000
15       0.00000   5983.75231      0.00000       0.00000
16   17111.73151      0.00000      0.00000       0.00000
17    9009.08425      0.00000   3892.95853       0.00000
18    9562.98494      0.00000   4898.26933       0.00000
19       0.00000      0.00000      0.00000   41303.97508
20       0.00000   6043.17466      0.00000       0.00000
21    3131.99788      0.00000   4304.30523       0.00000
22     332.37473      0.00000   2904.87778   11350.56762
23   17907.22440      0.00000      0.00000       0.00000
24       0.00000      0.00000      0.00000   41032.33671
25    7162.23953      0.00000   3777.65480       0.00000
26       0.00000   3263.25197      0.00000   11234.93480
27    1030.99222      0.00000   3941.82419       0.00000
28   13324.75278      0.00000      0.00000       0.00000
29     856.28538      0.00000      0.00000    4948.26310
30       0.00000      0.00000      0.00000       0.00000
;

apren [*] :=
 p1  0.00007
p10  0.00007
 p2  0.00007
 p3  0.00007
 p4  0.00007
 p5  0.00009
 p6  0.00007
 p7  0.00007
 p8  0.00007
 p9  0.00007
;

TInv [*,*] (tr)
:      Cuarto        Entero       Medio        Octavo       :=
1        0.00000      0.00000   3560.67296    5705.03412
2    12590.84926      0.00000      0.00000    1527.74805
3        0.00000      0.00000      0.00000   44943.30716
4    19543.84569      0.00000      0.00000       0.00000
5    23397.91188      0.00000      0.00000       0.00000
6    25098.79273      0.00000      0.00000       0.00000
7        0.00000   6320.06375   1759.87249       0.00000
8        0.00000      0.00000      0.00000   41258.88670
9    11139.26969      0.00000   4743.29835       0.00000
10       0.00000      0.00000      0.00000   46261.22832
11       0.00000   5833.61679      0.00000       0.00000
12    8741.96480      0.00000   4285.47619       0.00000
13       0.00000      0.00000      0.00000   47714.01881
14    7146.28040      0.00000   4773.10822       0.00000
15       0.00000   5969.21733      0.00000       0.00000
16   17112.74164      0.00000      0.00000       0.00000
17    9084.15509      0.00000   3893.03731       0.00000
18    9561.33053      0.00000   4976.97409       0.00000
19       0.00000      0.00000      0.00000   41302.96000
20       0.00000   6017.66538      0.00000       0.00000
21    3132.96137      0.00000   4330.50000       0.00000
22     387.55010      0.00000   2904.95785   11315.34111
23   17886.94908      0.00000      0.00000       0.00000
24       0.00000      0.00000      0.00000   41246.54504
25    7145.15976      0.00000   3793.12363       0.00000
26       0.00000   3221.13151      0.00000   11883.76126
27     863.87066      0.00000   3961.57922       0.00000
28   13625.57262      0.00000      0.00000       0.00000
29    1324.55425      0.00000      0.00000    5344.68984
30       0.00000      0.00000      0.00000       0.00000
;

apren [*] :=
 p1  0.00007
p10  0.00007
 p2  0.00007
 p3  0.00007
 p4  0.00007
 p5  0.00010
 p6  0.00007
 p7  0.00007
 p8  0.00007
 p9  0.00007
;

TInv [*,*] (tr)
:      Cuarto        Entero       Medio        Octavo       :=
1        0.00000      0.00000   3582.01723    6301.83541
2    14304.32461      0.00000      0.00000     187.10314
3        0.00000      0.00000      0.00000   45125.54719
4    19503.19403      0.00000      0.00000       0.00000
5    23304.44428      0.00000      0.00000       0.00000
6    25080.86032      0.00000      0.00000       0.00000
7        0.00000   6331.06214   1737.87572       0.00000
8        0.00000      0.00000      0.00000   41258.88664
9    11133.60795      0.00000   4782.62134       0.00000
10       0.00000      0.00000      0.00000   46074.72437
11       0.00000   5824.06806      0.00000       0.00000
12    8615.70714      0.00000   4285.47619       0.00000
13       0.00000      0.00000      0.00000   47723.69164
14    7174.55618      0.00000   4780.92993       0.00000
15       0.00000   5971.06471      0.00000       0.00000
16   17129.94892      0.00000      0.00000       0.00000
17    9124.03768      0.00000   3893.99569       0.00000
18    9567.98497      0.00000   4984.48287       0.00000
19       0.00000      0.00000      0.00000   41290.69977
20       0.00000   6035.01147      0.00000       0.00000
21    3136.07155      0.00000   4294.83118       0.00000
22     344.15872      0.00000   2901.15606   11341.18177
23   17876.85320      0.00000      0.00000       0.00000
24       0.00000      0.00000      0.00000   41437.73146
25    7158.62709      0.00000   3806.95212       0.00000
26       0.00000   3183.55625      0.00000   12391.76897
27     714.75886      0.00000   3991.68255       0.00000
28   14132.11439      0.00000      0.00000       0.00000
29    1466.41940      0.00000      0.00000    5699.20901
30       0.00000      0.00000      0.00000       0.00000
;

apren [*] :=
 p1  0.00007
p10  0.00007
 p2  0.00007
 p3  0.00007
 p4  0.00007
 p5  0.00011
 p6  0.00007
 p7  0.00007
 p8  0.00007
 p9  0.00007
;

TInv [*,*] (tr)
:      Cuarto        Entero       Medio        Octavo       :=
1        0.00000      0.00000   3582.72076    6608.52900
2    14773.47951      0.00000      0.00000       0.00000
3        0.00000      0.00000      0.00000   45127.16212
4    19552.95296      0.00000      0.00000       0.00000
5    23246.26649      0.00000      0.00000       0.00000
6    25100.94289      0.00000      0.00000       0.00000
7        0.00000   6331.42413   1737.15174       0.00000
8        0.00000      0.00000      0.00000   41258.90069
9    11159.39854      0.00000   4780.61411       0.00000
10       0.00000      0.00000      0.00000   45829.40434
11       0.00000   5825.85115      0.00000       0.00000
12    8579.73480      0.00000   4285.47619       0.00000
13       0.00000      0.00000      0.00000   47727.21486
14    7208.28473      0.00000   4782.39381       0.00000
15       0.00000   5971.55884      0.00000       0.00000
16   17185.17323      0.00000      0.00000       0.00000
17    9219.97806      0.00000   3895.60906       0.00000
18    9590.53989      0.00000   5000.92200       0.00000
19       0.00000      0.00000      0.00000   41269.93966
20       0.00000   6034.17954      0.00000       0.00000
21    3159.24766      0.00000   4312.15700       0.00000
22     403.52977      0.00000   2892.40832   11372.49939
23   17883.36726      0.00000      0.00000       0.00000
24       0.00000      0.00000      0.00000   41612.97577
25    7160.61279      0.00000   3867.20840       0.00000
26       0.00000   3149.14419      0.00000   12863.58922
27     211.94304      0.00000   4004.91368     656.60935
28   15061.64408      0.00000      0.00000       0.00000
29       0.00000      0.00000      0.00000   16253.79421
30       0.00000      0.00000      0.00000       0.00000
;

apren [*] :=
 p1  0.00007
p10  0.00007
 p2  0.00007
 p3  0.00007
 p4  0.00007
 p5  0.00012
 p6  0.00007
 p7  0.00007
 p8  0.00007
 p9  0.00007
;

TInv [*,*] (tr)
:      Cuarto        Entero       Medio        Octavo       :=
1        0.00000      0.00000   3576.34003    6810.74906
2    14980.26649      0.00000      0.00000       0.00003
3        0.00000      0.00000      0.00000   45127.19101
4    19536.73020      0.00000      0.00000       0.00000
5    23173.34631      0.00000      0.00000       0.00000
6    25092.80986      0.00000      0.00000       0.00000
7        0.00000   6328.13589   1743.72821       0.00000
8        0.00000      0.00000      0.00000   41258.88662
9    11147.51208      0.00000   4783.55108       0.00000
10       0.00000      0.00000      0.00000   45718.56973
11       0.00000   5825.62469      0.00000       0.00000
12    8521.14479      0.00000   4285.47619       0.00000
13       0.00000      0.00000      0.00000   47778.64677
14    7220.89306      0.00000   4784.68706       0.00000
15       0.00000   5971.83605      0.00000       0.00000
16   17169.14129      0.00000      0.00000       0.00000
17    9229.05258      0.00000   3896.23724       0.00000
18    9583.76614      0.00000   5006.49047       0.00000
19       0.00000      0.00000      0.00000   41262.02101
20       0.00000   6036.23316      0.00000       0.00000
21    3148.20965      0.00000   4300.88744       0.00000
22     338.01326      0.00000   2889.26006   11381.70637
23   17879.30362      0.00000      0.00000       0.00000
24       0.00000      0.00000      0.00000   41363.83405
25    7172.52130      0.00000   3935.44831       0.00000
26       0.00000   3198.07787      0.00000   12286.50378
27     442.59638      0.00000   4209.19381       0.00000
28   13567.75662      0.00000      0.00000       0.00000
29       0.00000      0.00000      0.00000   18613.55372
30       0.00000      0.00000      0.00000       0.00000
;

apren [*] :=
 p1  0.00007
p10  0.00007
 p2  0.00007
 p3  0.00007
 p4  0.00007
 p5  0.00013
 p6  0.00007
 p7  0.00007
 p8  0.00007
 p9  0.00007
;

TInv [*,*] (tr)
:      Cuarto        Entero       Medio        Octavo       :=
1        0.00000      0.00000   3567.94302    6977.68044
2    15156.94030      0.00000      0.00000       0.00004
3        0.00000      0.00000      0.00000   45127.19100
4    19551.28085      0.00000      0.00000       0.00001
5    23156.89847      0.00000      0.00000       0.00001
6    25099.22452      0.00000      0.00000       0.00001
7        0.00000   6323.80938   1752.38124       0.00000
8        0.00000      0.00000      0.00000   41258.88661
9    11159.84156      0.00000   4783.79398       0.00000
10       0.00000      0.00000      0.00000   45633.00449
11       0.00000   5819.05313      0.00000       0.00000
12    8523.66364      0.00000   4285.47619       0.00000
13       0.00000      0.00000      0.00000   47772.23828
14    7232.69596      0.00000   4783.22875       0.00000
15       0.00000   5965.92645      0.00000       0.00000
16   17180.47043      0.00000      0.00000       0.00000
17    9251.12891      0.00000   3896.83512       0.00000
18    9591.13298      0.00000   5008.92620       0.00000
19       0.00000      0.00000      0.00000   41254.36816
20       0.00000   6032.63692      0.00000       0.00000
21    3155.39184      0.00000   4303.58997       0.00000
22     341.24285      0.00000   2885.79186   11408.21778
23   17879.95316      0.00000      0.00000       0.00000
24       0.00000      0.00000      0.00000   41448.69648
25    7171.57235      0.00000   3935.44831       0.00000
26       0.00000   3181.40175      0.00000   12520.25221
27     338.52544      0.00000   4211.38710       0.00001
28   13722.75203      0.00000      0.00000       0.00000
29       0.00000      0.00000      0.00000   18613.55373
30       0.00000      0.00000      0.00000       0.00000
;

apren [*] :=
 p1  0.00007
p10  0.00007
 p2  0.00007
 p3  0.00007
 p4  0.00007
 p5  0.00014
 p6  0.00007
 p7  0.00007
 p8  0.00007
 p9  0.00007
;

TInv [*,*] (tr)
:      Cuarto        Entero       Medio        Octavo       :=
1        0.00000      0.00000   3557.66863    7111.54685
2    15305.39835      0.00000      0.00000       0.00001
3        0.00000      0.00000      0.00000   45127.19101
4    19562.58719      0.00000      0.00000       0.00000
5    23149.37533      0.00000      0.00000       0.00000
6    25104.16055      0.00000      0.00000       0.00000
7        0.00000   6318.51593   1762.96815       0.00000
8        0.00000      0.00000      0.00000   41258.88662
9    11168.53412      0.00000   4783.80125       0.00000
10       0.00000      0.00000      0.00000   45584.83882
11       0.00000   5810.84619      0.00000       0.00000
12    8530.62633      0.00000   4285.47619       0.00000
13       0.00000      0.00000      0.00000   47768.21633
14    7242.08616      0.00000   4783.20672       0.00000
15       0.00000   5957.08869      0.00000       0.00000
16   17188.98685      0.00000      0.00000       0.00000
17    9267.04280      0.00000   3897.33763       0.00000
18    9597.03923      0.00000   5009.90249       0.00000
19       0.00000      0.00000      0.00000   41247.93600
20       0.00000   6036.68963      0.00000       0.00000
21    3153.82160      0.00000   4304.53563       0.00000
22     335.66994      0.00000   2883.43375   11428.31519
23   17880.67088      0.00000      0.00000       0.00000
24       0.00000      0.00000      0.00000   41522.04610
25    7171.13652      0.00000   3935.44831       0.00000
26       0.00000   3166.99065      0.00000   12724.48335
27     248.57894      0.00000   4211.65465       0.00000
28   13858.59144      0.00000      0.00000       0.00000
29       0.00000      0.00000      0.00000   18613.55372
30       0.00000      0.00000      0.00000       0.00000
;

apren [*] :=
 p1  0.00007
p10  0.00007
 p2  0.00007
 p3  0.00007
 p4  0.00007
 p5  0.00015
 p6  0.00007
 p7  0.00007
 p8  0.00007
 p9  0.00007
;

TInv [*,*] (tr)
:      Cuarto        Entero       Medio        Octavo       :=
1        0.00000      0.00000   3545.72656    7215.50490
2    15428.27700      0.00000      0.00000       0.00000
3        0.00000      0.00000      0.00000   45127.19101
4    19571.81830      0.00000      0.00000       0.00000
5    23146.61291      0.00000      0.00000       0.00000
6    25107.73178      0.00000      0.00000       0.00000
7        0.00000   6312.36380   1775.27240       0.00000
8        0.00000      0.00000      0.00000   41258.88662
9    11173.60316      0.00000   4783.72679       0.00000
10       0.00000      0.00000      0.00000   45558.53601
11       0.00000   5800.51092      0.00000       0.00000
12    8536.73311      0.00000   4285.47619       0.00000
13       0.00000      0.00000      0.00000   47766.75291
14    7249.35028      0.00000   4783.19603       0.00000
15       0.00000   5947.99596      0.00000       0.00000
16   17196.22885      0.00000      0.00000       0.00000
17    9275.04262      0.00000   3897.75386       0.00000
18    9600.97915      0.00000   5010.37273       0.00000
19       0.00000      0.00000      0.00000   41242.60832
20       0.00000   6051.52769      0.00000       0.00000
21    3154.01192      0.00000   4305.34918       0.00000
22     332.52214      0.00000   2881.29843   11444.64042
23   17881.19063      0.00000      0.00000       0.00000
24       0.00000      0.00000      0.00000   41584.94788
25    7171.30001      0.00000   3935.44830       0.00000
26       0.00000   3154.63421      0.00000   12894.68481
27     171.44753      0.00000   4211.85005       0.00000
28   13974.33479      0.00000      0.00000       0.00000
29       0.00000      0.00000      0.00000   18613.55372
30       0.00000      0.00000      0.00000       0.00000
;

apren [*] :=
 p1  0.00007
p10  0.00007
 p2  0.00007
 p3  0.00007
 p4  0.00007
 p5  0.00016
 p6  0.00007
 p7  0.00007
 p8  0.00007
 p9  0.00007
;

TInv [*,*] (tr)
:      Cuarto        Entero       Medio        Octavo       :=
1        0.00000      0.00000   3532.33391    7292.68748
2    15528.17320      0.00000      0.00000       0.00000
3        0.00000      0.00000      0.00000   45127.19101
4    19587.87282      0.00000      0.00000       0.00000
5    23153.05328      0.00000      0.00000       0.00000
6    25113.98330      0.00000      0.00000       0.00000
7        0.00000   6305.46506   1789.06989       0.00000
8        0.00000      0.00000      0.00000   41258.88662
9    11180.62049      0.00000   4782.91251       0.00000
10       0.00000      0.00000      0.00000   45541.47783
11       0.00000   5797.59401      0.00000       0.00000
12    8554.35535      0.00000   4285.47619       0.00000
13       0.00000      0.00000      0.00000   47768.74885
14    7263.96207      0.00000   4782.97049       0.00000
15       0.00000   5946.42335      0.00000       0.00000
16   17223.29999      0.00000      0.00000       0.00000
17    9289.07049      0.00000   3898.09227       0.00000
18    9610.32002      0.00000   5010.88046       0.00000
19       0.00000      0.00000      0.00000   41238.27657
20       0.00000   6066.97991      0.00000       0.00000
21    3171.11286      0.00000   4308.38762       0.00000
22     355.62449      0.00000   2879.38618   11454.84638
23   17882.11047      0.00000      0.00000       0.00000
24       0.00000      0.00000      0.00000   41626.10636
25    7171.80220      0.00000   3941.42088       0.00000
26       0.00000   3146.55002      0.00000   13001.79759
27       0.00000      0.00000   4165.12829     284.76356
28   14180.20298      0.00000      0.00000       0.00000
29       0.00000      0.00000      0.00000   18564.98293
30       0.00000      0.00000      0.00000       0.00000
;

apren [*] :=
 p1  0.00007
p10  0.00007
 p2  0.00007
 p3  0.00007
 p4  0.00007
 p5  0.00017
 p6  0.00007
 p7  0.00007
 p8  0.00007
 p9  0.00007
;

TInv [*,*] (tr)
:      Cuarto        Entero       Medio        Octavo       :=
1        0.00000      0.00000   3517.70856    7346.13610
2    15607.59746      0.00000      0.00000       0.00000
3        0.00000      0.00000      0.00000   45127.19101
4    19586.21190      0.00000      0.00000       0.00000
5    23146.67437      0.00000      0.00000       0.00000
6    25112.96135      0.00000      0.00000       0.00000
7        0.00000   6297.93214   1804.13571       0.00000
8        0.00000      0.00000      0.00000   41258.88662
9    11178.07475      0.00000   4784.12134       0.00000
10       0.00000      0.00000      0.00000   45525.15552
11       0.00000   5800.27972      0.00000       0.00000
12    8547.37801      0.00000   4285.47619       0.00000
13       0.00000      0.00000      0.00000   47765.19551
14    7257.22791      0.00000   4783.33815       0.00000
15       0.00000   5950.02259      0.00000       0.00000
16   17207.43867      0.00000      0.00000       0.00000
17    9280.88792      0.00000   3898.36175       0.00000
18    9604.62619      0.00000   5010.77519       0.00000
19       0.00000      0.00000      0.00000   41234.82721
20       0.00000   6067.67606      0.00000       0.00000
21    3161.37275      0.00000   4305.85316       0.00000
22     334.54142      0.00000   2877.71480   11465.60344
23   17881.84712      0.00000      0.00000       0.00000
24       0.00000      0.00000      0.00000   41640.22151
25    7171.56245      0.00000   3943.20989       0.00000
26       0.00000   3143.78203      0.00000   13028.18821
27       0.00000      0.00000   4145.58933     328.91579
28   14235.45364      0.00000      0.00000       0.00000
29       0.00000      0.00000      0.00000   18550.42503
30       0.00000      0.00000      0.00000       0.00000
;

apren [*] :=
 p1  0.00007
p10  0.00007
 p2  0.00007
 p3  0.00007
 p4  0.00007
 p5  0.00018
 p6  0.00007
 p7  0.00007
 p8  0.00007
 p9  0.00007
;

TInv [*,*] (tr)
:      Cuarto        Entero       Medio        Octavo       :=
1        0.00000      0.00000   3502.05945    7378.71570
2    15668.90781      0.00000      0.00000       0.00000
3        0.00000      0.00000      0.00000   45127.18856
4    19822.46807      0.00000      0.00000       0.00000
5    23319.21232      0.00000      0.00000       0.00000
6    25162.38439      0.00000      0.00000       0.00000
7        0.00000   6289.87189   1820.25622       0.00000
8        0.00000      0.00000      0.00000   41258.89358
9    11227.72697      0.00000   4755.95020       0.00000
10       0.00000      0.00000      0.00000   45601.07859
11       0.00000   5801.45933      0.00000       0.00000
12    8704.20415      0.00000   4285.47620       0.00000
13       0.00000      0.00000      0.00000   47635.46803
14    7305.80462      0.00000   4770.04109       0.00000
15       0.00000   5954.80757      0.00000       0.00000
16   17313.44311      0.00000      0.00000       0.00000
17    9298.93112      0.00000   3898.56917       0.00000
18    9620.14994      0.00000   5028.60880       0.00000
19       0.00000      0.00000      0.00000   41232.17444
20       0.00000   6021.71458      0.00000       0.00000
21    3297.26329      0.00000   4377.23577       0.00000
22     486.88689      0.00000   2876.22954   11456.92669
23   17899.66071      0.00000      0.00000       0.00000
24       0.00000      0.00000      0.00000   41653.52764
25    7136.69078      0.00000   3944.89672       0.00000
26       0.00000   3141.16167      0.00000   13016.84078
27       0.00000      0.00000   4148.34695     390.34670
28   14294.45063      0.00000      0.00000       0.00000
29       0.00000      0.00000      0.00000   18536.74067
30       0.00000      0.00000      0.00000       0.00000
;

apren [*] :=
 p1  0.00007
p10  0.00007
 p2  0.00007
 p3  0.00007
 p4  0.00007
 p5  0.00019
 p6  0.00007
 p7  0.00007
 p8  0.00007
 p9  0.00007
;

TInv [*,*] (tr)
:      Cuarto        Entero       Medio        Octavo       :=
1        0.00003      0.00001   3485.59638    7393.15127
2    15714.32766      0.00001      0.00009       0.00038
3        0.00002      0.00001      0.00002   45127.19082
4    19632.75528      0.00001      0.00007       0.00020
5    23168.20950      0.00002      0.00007       0.00017
6    25113.86331      0.00002      0.00007       0.00015
7        0.00004   6281.39540   1837.20913       0.00011
8        0.00003      0.00001      0.00004   41258.88642
9    11167.75938      0.00001   4783.55656       0.00009
10       0.00003      0.00001      0.00003   45663.64460
11       0.00005   5818.25449      0.00005       0.00013
12    8563.17283      0.00001   4285.47617       0.00010
13       0.00004      0.00001      0.00002   47791.32606
14    7255.67628      0.00001   4783.85410       0.00010
15       0.00006   5966.67695      0.00003       0.00013
16   17211.96855      0.00001      0.00001       0.00007
17    9247.73720      0.00002   3898.72621       0.00017
18    9600.37163      0.00002   5010.94853       0.00015
19       0.00004      0.00001      0.00001   41230.16559
20       0.00005   6043.00075      0.00002       0.00010
21    3162.09257      0.00001   4304.34692       0.00010
22     331.03597      0.00001   2876.94962   11452.99257
23   17882.25740      0.00000      0.00001       0.00003
24       0.00001      0.00000      0.00001   41664.59255
25    7172.96903      0.00000   3946.29400       0.00004
26       0.00000   3138.99100      0.00001   13144.91748
27       0.00002      0.00003   4117.05810     449.63947
28   14343.46352      0.00001      0.00005       0.00002
29       0.00001      0.00000      0.00000   18525.36433
30       0.00000      0.00000      0.00000       0.00000
;

apren [*] :=
 p1  0.00007
p10  0.00007
 p2  0.00007
 p3  0.00007
 p4  0.00007
 p5  0.00020
 p6  0.00007
 p7  0.00007
 p8  0.00007
 p9  0.00007
;

TInv [*,*] (tr)
:      Cuarto        Entero       Medio        Octavo       :=
1        0.00000      0.00000   3468.49265    7391.78260
2    15745.74016      0.00000      0.00000       0.00000
3        0.00000      0.00000      0.00000   45127.19101
4    19603.82601      0.00000      0.00000       0.00000
5    23151.64624      0.00000      0.00000       0.00000
6    25110.83562      0.00000      0.00000       0.00000
7        0.00000   6272.58921   1854.82158       0.00000
8        0.00000      0.00000      0.00000   41258.88662
9    11166.52353      0.00000   4783.17377       0.00000
10       0.00000      0.00000      0.00000   45624.68533
11       0.00000   5817.38153      0.00000       0.00000
12    8551.14369      0.00000   4285.47619       0.00000
13       0.00000      0.00000      0.00000   47789.63310
14    7261.42198      0.00000   4783.56081       0.00000
15       0.00000   5967.07124      0.00000       0.00000
16   17215.50424      0.00000      0.00000       0.00000
17    9252.70982      0.00000   3898.82931       0.00000
18    9601.46542      0.00000   5011.38892       0.00000
19       0.00000      0.00000      0.00000   41228.84255
20       0.00000   6033.67259      0.00000       0.00000
21    3165.98982      0.00000   4306.73037       0.00000
22     335.78049      0.00000   2875.81432   11459.31093
23   17881.92095      0.00000      0.00000       0.00000
24       0.00000      0.00000      0.00000   41667.85749
25    7173.78263      0.00000   3946.70657       0.00000
26       0.00000   3138.35015      0.00000   13148.37463
27       0.00000      0.00000   4114.47718     472.06032
28   14357.93216      0.00000      0.00000       0.00000
29       0.00000      0.00000      0.00000   18522.00662
30       0.00000      0.00000      0.00000       0.00000
;

apren [*] :=
 p1  0.00007
p10  0.00007
 p2  0.00007
 p3  0.00007
 p4  0.00007
 p5  0.00021
 p6  0.00007
 p7  0.00007
 p8  0.00007
 p9  0.00007
;

TInv [*,*] (tr)
:      Cuarto        Entero       Medio        Octavo       :=
1        0.00000      0.00000   3450.93421    7376.99643
2    15765.13453      0.00000      0.00000       0.00002
3        0.00000      0.00000      0.00000   45127.19100
4    19588.60073      0.00000      0.00000       0.00001
5    23120.96248      0.00000      0.00000       0.00001
6    25102.92581      0.00000      0.00000       0.00001
7        0.00000   6263.55006   1872.89986       0.00001
8        0.00000      0.00000      0.00000   41258.88660
9    11155.91090      0.00000   4784.29359       0.00001
10       0.00000      0.00000      0.00000   45631.76500
11       0.00000   5818.65104      0.00000       0.00001
12    8525.92670      0.00000   4285.47619       0.00001
13       0.00000      0.00000      0.00000   47834.47663
14    7271.31247      0.00000   4785.71232       0.00001
15       0.00000   5968.82987      0.00000       0.00001
16   17214.46448      0.00000      0.00000       0.00000
17    9240.57146      0.00000   3898.89522       0.00001
18    9600.78376      0.00000   5012.74077       0.00001
19       0.00000      0.00000      0.00000   41227.99914
20       0.00000   6036.10632      0.00000       0.00001
21    3160.33593      0.00000   4306.05341       0.00001
22     328.04537      0.00000   2875.70536   11457.56798
23   17883.20222      0.00000      0.00000       0.00000
24       0.00000      0.00000      0.00000   41667.85736
25    7181.93531      0.00000   3946.70656       0.00000
26       0.00000   3138.35016      0.00000   13133.12880
27       0.00000      0.00000   4113.51611     464.83520
28   14357.93156      0.00000      0.00000       0.00000
29       0.00000      0.00000      0.00000   18522.00688
30       0.00000      0.00000      0.00000       0.00000
;

apren [*] :=
 p1  0.00007
p10  0.00007
 p2  0.00007
 p3  0.00007
 p4  0.00007
 p5  0.00022
 p6  0.00007
 p7  0.00007
 p8  0.00007
 p9  0.00007
;

TInv [*,*] (tr)
:      Cuarto        Entero       Medio        Octavo       :=
1        0.00000      0.00000   3433.07434    7350.76390
2    15774.09268      0.00000      0.00000       0.00001
3        0.00000      0.00000      0.00000   45127.19100
4    19585.39631      0.00000      0.00000       0.00001
5    23103.02560      0.00000      0.00000       0.00001
6    25099.07553      0.00000      0.00000       0.00000
7        0.00000   6254.35698   1891.28604       0.00000
8        0.00000      0.00000      0.00000   41258.88661
9    11150.84991      0.00000   4784.40889       0.00000
10       0.00000      0.00000      0.00000   45637.79944
11       0.00000   5817.78886      0.00000       0.00000
12    8514.98852      0.00000   4285.47619       0.00000
13       0.00000      0.00000      0.00000   47865.13174
14    7275.56098      0.00000   4786.04830       0.00000
15       0.00000   5968.53984      0.00000       0.00000
16   17214.90232      0.00000      0.00000       0.00000
17    9230.41142      0.00000   3898.92546       0.00001
18    9600.81181      0.00000   5013.36077       0.00001
19       0.00000      0.00000      0.00000   41227.61191
20       0.00000   6035.87261      0.00000       0.00000
21    3160.40692      0.00000   4306.11002       0.00000
22     327.82996      0.00000   2875.54299   11455.72001
23   17883.28408      0.00000      0.00000       0.00000
24       0.00000      0.00000      0.00000   41667.85756
25    7187.75966      0.00000   3946.70658       0.00000
26       0.00000   3138.35013      0.00000   13118.38518
27       0.00000      0.00000   4113.46603     462.67896
28   14357.93247      0.00000      0.00000       0.00000
29       0.00000      0.00000      0.00000   18522.00661
30       0.00000      0.00000      0.00000       0.00000
;

apren [*] :=
 p1  0.00007
p10  0.00007
 p2  0.00007
 p3  0.00007
 p4  0.00007
 p5  0.00023
 p6  0.00007
 p7  0.00007
 p8  0.00007
 p9  0.00007
;

TInv [*,*] (tr)
:      Cuarto        Entero       Medio        Octavo       :=
1        0.00000      0.00000   3415.05501    7314.90643
2    15774.09727      0.00000      0.00000       0.00001
3        0.00000      0.00000      0.00000   45127.19101
4    19584.33849      0.00000      0.00000       0.00000
5    23090.82534      0.00000      0.00000       0.00000
6    25096.62215      0.00000      0.00000       0.00000
7        0.00000   6245.08307   1909.83386       0.00000
8        0.00000      0.00000      0.00000   41258.88661
9    11147.88838      0.00000   4784.50530       0.00000
10       0.00000      0.00000      0.00000   45642.69056
11       0.00000   5816.86192      0.00000       0.00000
12    8509.71059      0.00000   4285.47619       0.00000
13       0.00000      0.00000      0.00000   47885.84635
14    7277.49705      0.00000   4786.12019       0.00000
15       0.00000   5968.22766      0.00000       0.00000
16   17214.83899      0.00000      0.00000       0.00000
17    9221.00912      0.00000   3898.92543       0.00000
18    9600.65388      0.00000   5013.63848       0.00000
19       0.00000      0.00000      0.00000   41227.61224
20       0.00000   6035.74332      0.00000       0.00000
21    3160.34933      0.00000   4306.09250       0.00000
22     327.73830      0.00000   2875.57252   11453.68740
23   17883.31651      0.00000      0.00000       0.00000
24       0.00000      0.00000      0.00000   41667.85759
25    7192.08017      0.00000   3946.70658       0.00000
26       0.00000   3138.35013      0.00000   13104.39724
27       0.00000      0.00000   4113.43463     461.99270
28   14357.93261      0.00000      0.00000       0.00000
29       0.00000      0.00000      0.00000   18522.00655
30       0.00000      0.00000      0.00000       0.00000
;

apren [*] :=
 p1  0.00007
p10  0.00007
 p2  0.00007
 p3  0.00007
 p4  0.00007
 p5  0.00024
 p6  0.00007
 p7  0.00007
 p8  0.00007
 p9  0.00007
;

TInv [*,*] (tr)
:      Cuarto        Entero       Medio        Octavo       :=
1        0.00000      0.00000   3397.00185    7271.04014
2    15766.46241      0.00000      0.00000       0.00000
3        0.00000      0.00000      0.00000   45127.19101
4    19583.38770      0.00000      0.00000       0.00000
5    23081.89067      0.00000      0.00000       0.00000
6    25094.74170      0.00000      0.00000       0.00000
7        0.00000   6235.79300   1928.41399       0.00000
8        0.00000      0.00000      0.00000   41258.88662
9    11145.79143      0.00000   4784.58125       0.00000
10       0.00000      0.00000      0.00000   45646.47238
11       0.00000   5815.94243      0.00000       0.00000
12    8506.48674      0.00000   4285.47619       0.00000
13       0.00000      0.00000      0.00000   47899.61877
14    7278.14944      0.00000   4786.14554       0.00000
15       0.00000   5967.90257      0.00000       0.00000
16   17214.33869      0.00000      0.00000       0.00000
17    9212.41638      0.00000   3898.89955       0.00000
18    9600.30653      0.00000   5013.75365       0.00000
19       0.00000      0.00000      0.00000   41227.94349
20       0.00000   6035.62021      0.00000       0.00000
21    3160.19933      0.00000   4306.02326       0.00000
22     327.76636      0.00000   2875.74662   11451.40373
23   17883.30783      0.00000      0.00000       0.00000
24       0.00000      0.00000      0.00000   41667.85760
25    7195.28860      0.00000   3946.70658       0.00000
26       0.00000   3138.35013      0.00000   13091.42711
27       0.00000      0.00000   4113.39925     461.73611
28   14357.93265      0.00000      0.00000       0.00000
29       0.00000      0.00000      0.00000   18522.00653
30       0.00000      0.00000      0.00000       0.00000
;

apren [*] :=
 p1  0.00007
p10  0.00007
 p2  0.00007
 p3  0.00007
 p4  0.00007
 p5  0.00025
 p6  0.00007
 p7  0.00007
 p8  0.00007
 p9  0.00007
;

TInv [*,*] (tr)
:      Cuarto        Entero       Medio        Octavo       :=
1        0.00000      0.00000   3379.02518    7220.59557
2    15752.35309      0.00000      0.00000       0.00000
3        0.00000      0.00000      0.00000   45127.19101
4    19582.15475      0.00000      0.00000       0.00000
5    23075.02152      0.00000      0.00000       0.00000
6    25093.11436      0.00000      0.00000       0.00000
7        0.00000   6226.54354   1946.91291       0.00000
8        0.00000      0.00000      0.00000   41258.88662
9    11144.04088      0.00000   4784.63530       0.00000
10       0.00000      0.00000      0.00000   45649.30897
11       0.00000   5815.04567      0.00000       0.00000
12    8503.91791      0.00000   4285.47619       0.00000
13       0.00000      0.00000      0.00000   47908.65159
14    7277.99013      0.00000   4786.15702       0.00000
15       0.00000   5967.57686      0.00000       0.00000
16   17213.46693      0.00000      0.00000       0.00000
17    9204.67335      0.00000   3898.85175       0.00000
18    9599.76702      0.00000   5013.78536       0.00000
19       0.00000      0.00000      0.00000   41228.55535
20       0.00000   6035.50556      0.00000       0.00000
21    3159.88039      0.00000   4305.90993       0.00000
22     327.80572      0.00000   2876.03428   11448.83720
23   17883.26582      0.00000      0.00000       0.00000
24       0.00000      0.00000      0.00000   41667.85760
25    7197.66236      0.00000   3946.70658       0.00000
26       0.00000   3138.35013      0.00000   13079.72998
27       0.00000      0.00000   4113.36073     461.62805
28   14357.93266      0.00000      0.00000       0.00000
29       0.00000      0.00000      0.00000   18522.00652
30       0.00000      0.00000      0.00000       0.00000
;

apren [*] :=
 p1  0.00007
p10  0.00007
 p2  0.00007
 p3  0.00007
 p4  0.00007
 p5  0.00026
 p6  0.00007
 p7  0.00007
 p8  0.00007
 p9  0.00007
;

TInv [*,*] (tr)
:      Cuarto        Entero       Medio        Octavo       :=
1        0.00000      0.00000   3361.22074    7164.83266
2    15732.79806      0.00000      0.00000       0.00000
3        0.00000      0.00000      0.00000   45127.19101
4    19580.60709      0.00000      0.00000       0.00000
5    23069.54974      0.00000      0.00000       0.00000
6    25091.61646      0.00000      0.00000       0.00000
7        0.00000   6217.38393   1965.23214       0.00000
8        0.00000      0.00000      0.00000   41258.88662
9    11142.41782      0.00000   4784.66696       0.00000
10       0.00000      0.00000      0.00000   45651.38102
11       0.00000   5814.17864      0.00000       0.00000
12    8501.49332      0.00000   4285.47619       0.00000
13       0.00000      0.00000      0.00000   47914.54152
14    7277.25055      0.00000   4786.15928       0.00000
15       0.00000   5967.25489      0.00000       0.00000
16   17212.28499      0.00000      0.00000       0.00000
17    9197.83661      0.00000   3898.78550       0.00000
18    9599.04403      0.00000   5013.76910       0.00000
19       0.00000      0.00000      0.00000   41229.40329
20       0.00000   6035.39817      0.00000       0.00000
21    3159.42930      0.00000   4305.75982       0.00000
22     327.86588      0.00000   2876.41203   11445.97288
23   17883.19453      0.00000      0.00000       0.00000
24       0.00000      0.00000      0.00000   41667.85760
25    7199.40312      0.00000   3946.70658       0.00000
26       0.00000   3138.35013      0.00000   13069.51402
27       0.00000      0.00000   4113.32065     461.57945
28   14357.93267      0.00000      0.00000       0.00000
29       0.00000      0.00000      0.00000   18522.00652
30       0.00000      0.00000      0.00000       0.00000
;

apren [*] :=
 p1  0.00007
p10  0.00007
 p2  0.00007
 p3  0.00007
 p4  0.00007
 p5  0.00027
 p6  0.00007
 p7  0.00007
 p8  0.00007
 p9  0.00007
;

TInv [*,*] (tr)
:      Cuarto        Entero       Medio        Octavo       :=
1        0.00000      0.00000   3343.67069    7104.85579
2    15708.70250      0.00000      0.00000       0.00000
3        0.00000      0.00000      0.00000   45127.19101
4    19578.78689      0.00000      0.00000       0.00000
5    23065.07557      0.00000      0.00000       0.00000
6    25090.20286      0.00000      0.00000       0.00000
7        0.00000   6208.35638   1983.28725       0.00000
8        0.00000      0.00000      0.00000   41258.88662
9    11140.82977      0.00000   4784.67700       0.00000
10       0.00000      0.00000      0.00000   45652.85664
11       0.00000   5813.34553      0.00000       0.00000
12    8499.04824      0.00000   4285.47619       0.00000
13       0.00000      0.00000      0.00000   47918.42826
14    7276.06183      0.00000   4786.15333       0.00000
15       0.00000   5966.93939      0.00000       0.00000
16   17210.84613      0.00000      0.00000       0.00000
17    9191.94898      0.00000   3898.70388       0.00000
18    9598.15283      0.00000   5013.72164       0.00000
19       0.00000      0.00000      0.00000   41230.44808
20       0.00000   6035.29721      0.00000       0.00000
21    3158.87529      0.00000   4305.57932       0.00000
22     327.95188      0.00000   2876.86168   11442.81012
23   17883.09791      0.00000      0.00000       0.00000
24       0.00000      0.00000      0.00000   41667.85760
25    7200.67119      0.00000   3946.70658       0.00000
26       0.00000   3138.35013      0.00000   13060.91251
27       0.00000      0.00000   4113.28041     461.55846
28   14357.93267      0.00000      0.00000       0.00000
29       0.00000      0.00000      0.00000   18522.00652
30       0.00000      0.00000      0.00000       0.00000
;

apren [*] :=
 p1  0.00007
p10  0.00007
 p2  0.00007
 p3  0.00007
 p4  0.00007
 p5  0.00028
 p6  0.00007
 p7  0.00007
 p8  0.00007
 p9  0.00007
;

TInv [*,*] (tr)
:      Cuarto        Entero       Medio        Octavo       :=
1        0.00000      0.00000   3326.44458    7041.62864
2    15680.86031      0.00000      0.00000       0.00000
3        0.00000      0.00000      0.00000   45127.19101
4    19576.74845      0.00000      0.00000       0.00000
5    23061.35135      0.00000      0.00000       0.00000
6    25088.86098      0.00000      0.00000       0.00000
7        0.00000   6199.49660   2001.00681       0.00000
8        0.00000      0.00000      0.00000   41258.88662
9    11139.24155      0.00000   4784.66692       0.00000
10       0.00000      0.00000      0.00000   45653.87421
11       0.00000   5812.55001      0.00000       0.00000
12    8496.54852      0.00000   4285.47619       0.00000
13       0.00000      0.00000      0.00000   47921.09994
14    7274.51079      0.00000   4786.13974       0.00000
15       0.00000   5966.63240      0.00000       0.00000
16   17209.19671      0.00000      0.00000       0.00000
17    9187.02818      0.00000   3898.60956       0.00000
18    9597.11350      0.00000   5013.65165       0.00000
19       0.00000      0.00000      0.00000   41231.65530
20       0.00000   6035.20124      0.00000       0.00000
21    3158.24181      0.00000   4305.37415       0.00000
22     328.06578      0.00000   2877.36870   11439.36050
23   17882.97976      0.00000      0.00000       0.00000
24       0.00000      0.00000      0.00000   41667.85760
25    7201.56511      0.00000   3946.70658       0.00000
26       0.00000   3138.35013      0.00000   13053.97495
27       0.00000      0.00000   4113.24137     461.55230
28   14357.93267      0.00000      0.00000       0.00000
29       0.00000      0.00000      0.00000   18522.00652
30       0.00000      0.00000      0.00000       0.00000
;

apren [*] :=
 p1  0.00007
p10  0.00007
 p2  0.00007
 p3  0.00007
 p4  0.00007
 p5  0.00029
 p6  0.00007
 p7  0.00007
 p8  0.00007
 p9  0.00007
;

TInv [*,*] (tr)
:      Cuarto        Entero       Medio        Octavo       :=
1        0.00000      0.00000   3309.60045    6975.98856
2    15649.96594      0.00000      0.00000       0.00000
3        0.00000      0.00000      0.00000   45127.19101
4    19574.66883      0.00000      0.00000       0.00000
5    23059.18776      0.00000      0.00000       0.00000
6    25088.06820      0.00000      0.00000       0.00000
7        0.00000   6190.83437   2018.33126       0.00000
8        0.00000      0.00000      0.00000   41258.88662
9    11137.93830      0.00000   4784.50354       0.00000
10       0.00000      0.00000      0.00000   45655.02686
11       0.00000   5811.94307      0.00000       0.00000
12    8494.57338      0.00000   4285.47619       0.00000
13       0.00000      0.00000      0.00000   47924.83840
14    7272.16285      0.00000   4786.08813       0.00000
15       0.00000   5966.34632      0.00000       0.00000
16   17207.42886      0.00000      0.00000       0.00000
17    9184.88120      0.00000   3898.50492       0.00000
18    9595.93803      0.00000   5013.53515       0.00000
19       0.00000      0.00000      0.00000   41232.99476
20       0.00000   6035.10795      0.00000       0.00000
21    3157.49467      0.00000   4305.14867       0.00000
22     328.19406      0.00000   2877.87339   11435.40542
23   17882.79618      0.00000      0.00000       0.00000
24       0.00000      0.00000      0.00000   41667.85760
25    7202.07057      0.00000   3946.70658       0.00000
26       0.00000   3138.35013      0.00000   13051.17945
27       0.00000      0.00000   4113.20743     461.59940
28   14357.93267      0.00000      0.00000       0.00000
29       0.00000      0.00000      0.00000   18522.00652
30       0.00000      0.00000      0.00000       0.00000
;

apren [*] :=
 p1  0.00007
p10  0.00007
 p2  0.00007
 p3  0.00007
 p4  0.00007
 p5  0.00030
 p6  0.00007
 p7  0.00007
 p8  0.00007
 p9  0.00007
;

TInv [*,*] (tr)
:      Cuarto        Entero       Medio        Octavo       :=
1        0.00000      0.00000   3293.18590    6908.65982
2    15616.62498      0.00000      0.00000       0.00000
3        0.00000      0.00000      0.00000   45127.19101
4    19572.60449      0.00000      0.00000       0.00000
5    23058.59164      0.00000      0.00000       0.00000
6    25087.80190      0.00000      0.00000       0.00000
7        0.00000   6182.39410   2035.21181       0.00000
8        0.00000      0.00000      0.00000   41258.88662
9    11136.94974      0.00000   4784.32256       0.00000
10       0.00000      0.00000      0.00000   45655.03395
11       0.00000   5811.33810      0.00000       0.00000
12    8493.15433      0.00000   4285.47619       0.00000
13       0.00000      0.00000      0.00000   47928.11598
14    7269.31481      0.00000   4786.01285       0.00000
15       0.00000   5966.04703      0.00000       0.00000
16   17205.53125      0.00000      0.00000       0.00000
17    9185.45306      0.00000   3898.39199       0.00000
18    9594.69180      0.00000   5013.38504       0.00000
19       0.00000      0.00000      0.00000   41234.44024
20       0.00000   6034.93172      0.00000       0.00000
21    3156.70066      0.00000   4304.91275       0.00000
22     328.35423      0.00000   2878.39200   11431.06258
23   17882.59223      0.00000      0.00000       0.00000
24       0.00000      0.00000      0.00000   41667.85760
25    7202.12237      0.00000   3946.70658       0.00000
26       0.00000   3138.35013      0.00000   13051.73271
27       0.00000      0.00000   4113.17162     461.75838
28   14357.93266      0.00000      0.00000       0.00000
29       0.00000      0.00000      0.00000   18522.00653
30       0.00000      0.00000      0.00000       0.00000
;

apren [*] :=
 p1  0.00007
p10  0.00007
 p2  0.00007
 p3  0.00007
 p4  0.00007
 p5  0.00031
 p6  0.00007
 p7  0.00007
 p8  0.00007
 p9  0.00007
;

TInv [*,*] (tr)
:      Cuarto        Entero       Medio        Octavo       :=
1        0.00000      0.00000   3277.23917    6840.26625
2    15581.36433      0.00000      0.00000       0.00001
3        0.00000      0.00000      0.00000   45127.19101
4    19570.56028      0.00000      0.00000       0.00000
5    23059.39694      0.00000      0.00000       0.00000
6    25087.97977      0.00000      0.00000       0.00000
7        0.00000   6174.19535   2051.60930       0.00000
8        0.00000      0.00000      0.00000   41258.88661
9    11136.28994      0.00000   4784.14518       0.00000
10       0.00000      0.00000      0.00000   45653.09281
11       0.00000   5810.55358      0.00000       0.00000
12    8492.22401      0.00000   4285.47619       0.00000
13       0.00000      0.00000      0.00000   47929.76572
14    7266.13826      0.00000   4785.92051       0.00000
15       0.00000   5965.73731      0.00000       0.00000
16   17203.53044      0.00000      0.00000       0.00000
17    9188.38506      0.00000   3898.27257       0.00000
18    9593.43967      0.00000   5013.20338       0.00000
19       0.00000      0.00000      0.00000   41235.96886
20       0.00000   6034.67080      0.00000       0.00000
21    3155.87060      0.00000   4304.66997       0.00000
22     328.54214      0.00000   2878.93642   11426.44265
23   17882.37597      0.00000      0.00000       0.00000
24       0.00000      0.00000      0.00000   41667.85760
25    7201.66327      0.00000   3946.70658       0.00000
26       0.00000   3138.35013      0.00000   13054.70196
27       0.00000      0.00000   4113.13413     462.02287
28   14357.93265      0.00000      0.00000       0.00000
29       0.00000      0.00000      0.00000   18522.00654
30       0.00000      0.00000      0.00000       0.00000
;

apren [*] :=
 p1  0.00007
p10  0.00007
 p2  0.00007
 p3  0.00007
 p4  0.00007
 p5  0.00032
 p6  0.00007
 p7  0.00007
 p8  0.00007
 p9  0.00007
;

TInv [*,*] (tr)
:      Cuarto        Entero       Medio        Octavo       :=
1        0.00000      0.00000   3261.79016    6771.34270
2    15544.64127      0.00000      0.00000       0.00001
3        0.00000      0.00000      0.00000   45127.19101
4    19568.48027      0.00000      0.00000       0.00000
5    23061.10809      0.00000      0.00000       0.00000
6    25088.41126      0.00000      0.00000       0.00000
7        0.00000   6166.25342   2067.49317       0.00000
8        0.00000      0.00000      0.00000   41258.88661
9    11135.83999      0.00000   4783.98074       0.00000
10       0.00000      0.00000      0.00000   45649.45100
11       0.00000   5810.19626      0.00000       0.00000
12    8491.51528      0.00000   4285.47619       0.00000
13       0.00000      0.00000      0.00000   47929.69887
14    7262.80697      0.00000   4785.82240       0.00000
15       0.00000   5965.44017      0.00000       0.00000
16   17201.45426      0.00000      0.00000       0.00000
17    9192.92819      0.00000   3898.14821       0.00000
18    9592.22244      0.00000   5013.00271       0.00000
19       0.00000      0.00000      0.00000   41237.56072
20       0.00000   6034.38396      0.00000       0.00000
21    3155.07462      0.00000   4304.42060       0.00000
22     328.81738      0.00000   2879.51257   11421.64494
23   17882.15107      0.00000      0.00000       0.00000
24       0.00000      0.00000      0.00000   41667.85760
25    7200.78669      0.00000   3946.70658       0.00000
26       0.00000   3138.35013      0.00000   13059.23301
27       0.00000      0.00000   4113.09954     462.31678
28   14357.93263      0.00000      0.00000       0.00000
29       0.00000      0.00000      0.00000   18522.00656
30       0.00000      0.00000      0.00000       0.00000
;

apren [*] :=
 p1  0.00007
p10  0.00007
 p2  0.00007
 p3  0.00007
 p4  0.00007
 p5  0.00033
 p6  0.00007
 p7  0.00007
 p8  0.00007
 p9  0.00007
;

TInv [*,*] (tr)
:      Cuarto        Entero       Medio        Octavo       :=
1        0.00000      0.00000   3246.86141    6702.34560
2    15506.85184      0.00000      0.00000       0.00001
3        0.00000      0.00000      0.00000   45127.19100
4    19566.46584      0.00000      0.00000       0.00001
5    23063.91621      0.00000      0.00000       0.00001
6    25089.16767      0.00000      0.00000       0.00001
7        0.00000   6158.57979   2082.84043       0.00000
8        0.00000      0.00000      0.00000   41258.88661
9    11135.78933      0.00000   4783.82458       0.00000
10       0.00000      0.00000      0.00000   45643.14541
11       0.00000   5810.30442      0.00000       0.00001
12    8491.30370      0.00000   4285.47619       0.00000
13       0.00000      0.00000      0.00000   47926.79370
14    7259.29395      0.00000   4785.70343       0.00000
15       0.00000   5965.13537      0.00000       0.00001
16   17199.32924      0.00000      0.00000       0.00000
17    9199.05604      0.00000   3898.02027       0.00001
18    9591.06543      0.00000   5012.77200       0.00001
19       0.00000      0.00000      0.00000   41239.19840
20       0.00000   6034.01772      0.00000       0.00000
21    3154.41512      0.00000   4304.17042       0.00000
22     329.28417      0.00000   2880.11770   11416.73470
23   17881.91388      0.00000      0.00000       0.00000
24       0.00000      0.00000      0.00000   41667.85759
25    7199.40706      0.00000   3946.70658       0.00000
26       0.00000   3138.35013      0.00000   13064.77343
27       0.00000      0.00000   4113.06055     462.79348
28   14357.93259      0.00000      0.00000       0.00000
29       0.00000      0.00000      0.00000   18522.00659
30       0.00000      0.00000      0.00000       0.00000
;

apren [*] :=
 p1  0.00007
p10  0.00007
 p2  0.00007
 p3  0.00007
 p4  0.00007
 p5  0.00034
 p6  0.00007
 p7  0.00007
 p8  0.00007
 p9  0.00007
;

TInv [*,*] (tr)
:      Cuarto        Entero       Medio        Octavo       :=
1        0.00000      0.00000   3232.46896    6633.66193
2    15468.33753      0.00000      0.00000       0.00001
3        0.00000      0.00000      0.00000   45127.19100
4    19564.49633      0.00000      0.00000       0.00001
5    23067.54904      0.00000      0.00000       0.00001
6    25090.13331      0.00000      0.00000       0.00001
7        0.00000   6151.18262   2097.63476       0.00001
8        0.00000      0.00000      0.00000   41258.88660
9    11136.06539      0.00000   4783.68560       0.00001
10       0.00000      0.00000      0.00000   45634.20203
11       0.00000   5810.47191      0.00000       0.00001
12    8491.47968      0.00000   4285.47619       0.00001
13       0.00000      0.00000      0.00000   47920.88021
14    7255.70671      0.00000   4785.57052       0.00001
15       0.00000   5964.83098      0.00000       0.00001
16   17197.16090      0.00000      0.00000       0.00000
17    9206.21016      0.00000   3897.88990       0.00001
18    9589.94416      0.00000   5012.51858       0.00001
19       0.00000      0.00000      0.00000   41240.86711
20       0.00000   6033.61430      0.00000       0.00001
21    3153.75992      0.00000   4303.92067       0.00001
22     329.79767      0.00000   2880.74824   11411.77541
23   17881.67914      0.00000      0.00000       0.00000
24       0.00000      0.00000      0.00000   41667.85757
25    7197.55288      0.00000   3946.70659       0.00000
26       0.00000   3138.35013      0.00000   13070.69610
27       0.00000      0.00000   4113.01842     463.45611
28   14357.93251      0.00000      0.00000       0.00000
29       0.00000      0.00000      0.00000   18522.00664
30       0.00000      0.00000      0.00000       0.00000
;

apren [*] :=
 p1  0.00007
p10  0.00007
 p2  0.00007
 p3  0.00007
 p4  0.00007
 p5  0.00035
 p6  0.00007
 p7  0.00007
 p8  0.00007
 p9  0.00007
;

TInv [*,*] (tr)
:      Cuarto        Entero       Medio        Octavo       :=
1        0.00001      0.00000   3218.62324    6565.61819
2    15429.39253      0.00000      0.00001       0.00002
3        0.00000      0.00000      0.00000   45127.19099
4    19562.59219      0.00000      0.00000       0.00001
5    23071.96210      0.00000      0.00000       0.00001
6    25091.31304      0.00000      0.00000       0.00001
7        0.00000   6144.06718   2111.86563       0.00001
8        0.00000      0.00000      0.00000   41258.88660
9    11136.74381      0.00000   4783.56008       0.00001
10       0.00000      0.00000      0.00000   45622.43607
11       0.00000   5811.19155      0.00000       0.00001
12    8492.12989      0.00000   4285.47619       0.00001
13       0.00000      0.00000      0.00000   47911.64789
14    7252.03339      0.00000   4785.41976       0.00001
15       0.00000   5964.56045      0.00000       0.00001
16   17194.97519      0.00000      0.00000       0.00001
17    9214.13466      0.00000   3897.75813       0.00001
18    9588.86119      0.00000   5012.24095       0.00001
19       0.00000      0.00000      0.00000   41242.55390
20       0.00000   6033.23625      0.00000       0.00001
21    3153.12781      0.00000   4303.67574       0.00001
22     330.39662      0.00000   2881.39752   11406.81612
23   17881.44690      0.00000      0.00000       0.00000
24       0.00000      0.00000      0.00000   41667.85753
25    7195.20735      0.00000   3946.70658       0.00000
26       0.00000   3138.35013      0.00000   13076.51134
27       0.00000      0.00000   4112.97305     464.28852
28   14357.93235      0.00000      0.00000       0.00000
29       0.00000      0.00000      0.00000   18522.00672
30       0.00000      0.00000      0.00000       0.00000
;

apren [*] :=
 p1  0.00007
p10  0.00007
 p2  0.00007
 p3  0.00007
 p4  0.00007
 p5  0.00036
 p6  0.00007
 p7  0.00007
 p8  0.00007
 p9  0.00007
;

TInv [*,*] (tr)
:      Cuarto        Entero       Medio        Octavo       :=
1        0.00001      0.00000   3205.32999    6498.49008
2    15390.27210      0.00000      0.00001       0.00004
3        0.00000      0.00000      0.00000   45127.19098
4    19560.77002      0.00000      0.00001       0.00003
5    23077.06360      0.00000      0.00001       0.00002
6    25092.68520      0.00000      0.00001       0.00002
7        0.00001   6137.23633   2125.52732       0.00002
8        0.00001      0.00000      0.00001   41258.88658
9    11137.85540      0.00000   4783.45922       0.00002
10       0.00001      0.00000      0.00000   45607.71249
11       0.00001   5811.70941      0.00001       0.00002
12    8493.33802      0.00000   4285.47619       0.00002
13       0.00001      0.00000      0.00000   47898.79106
14    7248.39760      0.00000   4785.25068       0.00002
15       0.00001   5964.33843      0.00000       0.00002
16   17192.75667      0.00000      0.00000       0.00001
17    9222.41284      0.00000   3897.62599       0.00003
18    9587.79592      0.00000   5011.94499       0.00002
19       0.00001      0.00000      0.00000   41244.24547
20       0.00001   6032.90022      0.00000       0.00002
21    3152.66293      0.00000   4303.44420       0.00002
22     331.11816      0.00000   2882.06278   11401.86571
23   17881.22230      0.00000      0.00000       0.00001
24       0.00000      0.00000      0.00000   41667.85743
25    7192.41055      0.00000   3946.70658       0.00001
26       0.00000   3138.35013      0.00000   13081.41358
27       0.00000      0.00000   4112.92007     465.29294
28   14357.93183      0.00000      0.00000       0.00000
29       0.00000      0.00000      0.00000   18522.00697
30       0.00000      0.00000      0.00000       0.00000
;

apren [*] :=
 p1  0.00007
p10  0.00007
 p2  0.00007
 p3  0.00007
 p4  0.00007
 p5  0.00037
 p6  0.00007
 p7  0.00007
 p8  0.00007
 p9  0.00007
;

TInv [*,*] (tr)
:      Cuarto        Entero       Medio        Octavo       :=
1        0.00002      0.00000   3192.59019    6432.49920
2    15351.18529      0.00000      0.00001       0.00005
3        0.00001      0.00000      0.00000   45127.19097
4    19559.20991      0.00000      0.00001       0.00003
5    23083.58070      0.00000      0.00001       0.00003
6    25094.62965      0.00000      0.00001       0.00003
7        0.00001   6130.69050   2138.61899       0.00003
8        0.00001      0.00000      0.00001   41258.88657
9    11139.92937      0.00000   4783.33996       0.00002
10       0.00001      0.00000      0.00001   45589.11616
11       0.00001   5811.08925      0.00001       0.00003
12    8495.77224      0.00000   4285.47619       0.00002
13       0.00001      0.00000      0.00000   47881.45959
14    7244.39160      0.00000   4785.03833       0.00002
15       0.00001   5964.25826      0.00001       0.00003
16   17190.60512      0.00000      0.00000       0.00002
17    9231.90113      0.00001   3897.49382       0.00003
18    9586.86565      0.00000   5011.59990       0.00003
19       0.00001      0.00000      0.00000   41245.93730
20       0.00001   6032.81997      0.00000       0.00002
21    3152.31239      0.00000   4303.22889       0.00002
22     332.20663      0.00000   2882.72119   11397.01260
23   17880.99317      0.00000      0.00000       0.00001
24       0.00000      0.00000      0.00000   41667.85731
25    7188.96474      0.00000   3946.70657       0.00001
26       0.00000   3138.35015      0.00000   13085.51284
27       0.00000      0.00001   4112.86900     466.28247
28   14357.93122      0.00000      0.00000       0.00000
29       0.00000      0.00000      0.00000   18522.00716
30       0.00000      0.00000      0.00000       0.00000
;

apren [*] :=
 p1  0.00007
p10  0.00007
 p2  0.00007
 p3  0.00007
 p4  0.00007
 p5  0.00038
 p6  0.00007
 p7  0.00007
 p8  0.00007
 p9  0.00007
;

TInv [*,*] (tr)
:      Cuarto        Entero       Medio        Octavo       :=
1        0.00000      0.00000   3180.40317    6367.85271
2    15312.33638      0.00000      0.00000       0.00000
3        0.00000      0.00000      0.00000   45127.19100
4    19557.83537      0.00000      0.00000       0.00000
5    23090.12045      0.00000      0.00000       0.00000
6    25096.49970      0.00000      0.00000       0.00000
7        0.00000   6124.42929   2151.14141       0.00000
8        0.00000      0.00000      0.00000   41258.88663
9    11142.05428      0.00000   4783.30378       0.00000
10       0.00000      0.00000      0.00000   45568.17337
11       0.00000   5810.16498      0.00000       0.00000
12    8498.60421      0.00000   4285.47619       0.00000
13       0.00000      0.00000      0.00000   47860.60159
14    7241.11463      0.00000   4784.82199       0.00000
15       0.00000   5964.12290      0.00000       0.00000
16   17188.23294      0.00000      0.00000       0.00000
17    9239.59031      0.00000   3897.36375       0.00000
18    9585.69189      0.00000   5011.26778       0.00000
19       0.00000      0.00000      0.00000   41247.60103
20       0.00000   6032.55417      0.00000       0.00000
21    3152.23885      0.00000   4303.03645       0.00000
22     333.12336      0.00000   2883.36177   11392.12855
23   17880.84804      0.00000      0.00000       0.00000
24       0.00000      0.00000      0.00000   41667.85755
25    7185.51035      0.00000   3946.70658       0.00000
26       0.00000   3138.34979      0.00000   13086.09955
27       0.00000      0.00000   4112.77330     467.83469
28   14357.93269      0.00000      0.00000       0.00000
29       0.00000      0.00000      0.00000   18522.00831
30       0.00000      0.00000      0.00000       0.00000
;

apren [*] :=
 p1  0.00007
p10  0.00007
 p2  0.00007
 p3  0.00007
 p4  0.00007
 p5  0.00039
 p6  0.00007
 p7  0.00007
 p8  0.00007
 p9  0.00007
;

TInv [*,*] (tr)
:      Cuarto        Entero       Medio        Octavo       :=
1        0.00000      0.00000   3168.76494    6304.71772
2    15273.90289      0.00000      0.00000       0.00000
3        0.00000      0.00000      0.00000   45127.19098
4    19557.02888      0.00000      0.00000       0.00000
5    23098.17522      0.00000      0.00000       0.00000
6    25099.06571      0.00000      0.00000       0.00000
7        0.00000   6118.45055   2163.09890       0.00000
8        0.00000      0.00000      0.00000   41258.88665
9    11145.11503      0.00000   4783.27645       0.00000
10       0.00000      0.00000      0.00000   45544.31098
11       0.00000   5808.81999      0.00000       0.00000
12    8502.97157      0.00000   4285.47619       0.00000
13       0.00000      0.00000      0.00000   47835.84978
14    7237.74111      0.00000   4784.56320       0.00000
15       0.00000   5964.05269      0.00000       0.00000
16   17185.89648      0.00000      0.00000       0.00000
17    9247.75340      0.00000   3897.23766       0.00000
18    9584.74634      0.00000   5010.89572       0.00000
19       0.00000      0.00000      0.00000   41249.21410
20       0.00000   6032.43304      0.00000       0.00000
21    3152.43845      0.00000   4302.86939       0.00000
22     334.60248      0.00000   2883.89210   11387.62903
23   17880.76409      0.00000      0.00000       0.00000
24       0.00000      0.00000      0.00000   41667.85704
25    7182.16372      0.00000   3946.70651       0.00000
26       0.00000   3138.34880      0.00000   13082.89727
27       0.00000      0.00000   4112.67494     468.18819
28   14357.93269      0.00000      0.00000       0.00000
29       0.00000      0.00000      0.00000   18522.01296
30       0.00000      0.00000      0.00000       0.00000
;

apren [*] :=
 p1  0.00007
p10  0.00007
 p2  0.00007
 p3  0.00007
 p4  0.00007
 p5  0.00040
 p6  0.00007
 p7  0.00007
 p8  0.00007
 p9  0.00007
;

TInv [*,*] (tr)
:      Cuarto        Entero       Medio        Octavo       :=
1        0.00000      0.00000   3157.65464    6243.03356
2    15235.81173      0.00000      0.00000       0.00000
3        0.00000      0.00000      0.00000   45127.19101
4    19557.19270      0.00000      0.00000       0.00000
5    23113.48574      0.00000      0.00000       0.00000
6    25104.10430      0.00000      0.00000       0.00000
7        0.00000   6112.74339   2174.51322       0.00000
8        0.00000      0.00000      0.00000   41258.88662
9    11151.34638      0.00000   4783.15836       0.00000
10       0.00000      0.00000      0.00000   45510.73178
11       0.00000   5807.85364      0.00000       0.00000
12    8512.67691      0.00000   4285.47619       0.00000
13       0.00000      0.00000      0.00000   47801.70409
14    7233.21309      0.00000   4784.16686       0.00000
15       0.00000   5963.91778      0.00000       0.00000
16   17183.55948      0.00000      0.00000       0.00000
17    9267.01079      0.00000   3897.10190       0.00000
18    9585.34422      0.00000   5010.37989       0.00000
19       0.00000      0.00000      0.00000   41250.95345
20       0.00000   6032.27158      0.00000       0.00000
21    3152.09921      0.00000   4302.77328       0.00000
22     335.78845      0.00000   2884.44632   11384.66334
23   17880.62851      0.00000      0.00000       0.00000
24       0.00000      0.00000      0.00000   41667.85741
25    7177.24598      0.00000   3946.70656       0.00000
26       0.00000   3138.35016      0.00000   13082.09392
27       0.00000      0.00000   4112.53307     465.77676
28   14357.93185      0.00000      0.00000       0.00000
29       0.00000      0.00000      0.00000   18522.00670
30       0.00000      0.00000      0.00000       0.00000
;

apren [*] :=
 p1  0.00007
p10  0.00007
 p2  0.00007
 p3  0.00007
 p4  0.00007
 p5  0.00041
 p6  0.00007
 p7  0.00007
 p8  0.00007
 p9  0.00007
;

TInv [*,*] (tr)
:      Cuarto        Entero       Medio        Octavo       :=
1        0.00000      0.00000   3147.08005    6183.13832
2    15198.44565      0.00000      0.00000       0.00000
3        0.00000      0.00000      0.00000   45127.19089
4    19720.67891      0.00000      0.00000       0.00000
5    23248.88601      0.00000      0.00000       0.00000
6    25155.78451      0.00000      0.00000       0.00000
7        0.00000   6107.31180   2185.37641       0.00000
8        0.00000      0.00000      0.00000   41258.88681
9    11219.59807      0.00000   4773.27298       0.00000
10       0.00000      0.00000      0.00000   45473.68767
11       0.00000   5790.57244      0.00000       0.00000
12    8667.10968      0.00000   4285.47619       0.00000
13       0.00000      0.00000      0.00000   47717.07639
14    7248.17969      0.00000   4780.16713       0.00000
15       0.00000   5952.84871      0.00000       0.00000
16   17225.72145      0.00000      0.00000       0.00000
17    9308.88656      0.00000   3896.97601       0.00000
18    9599.60351      0.00000   5016.99284       0.00000
19       0.00000      0.00000      0.00000   41252.56468
20       0.00000   6014.84742      0.00000       0.00000
21    3201.38994      0.00000   4342.31631       0.00000
22     505.78231      0.00000   2885.30892   11386.95594
23   17888.94728      0.00000      0.00000       0.00000
24       0.00000      0.00000      0.00000   41667.85734
25    7152.26004      0.00000   3946.70661       0.00000
26       0.00000   3138.34996      0.00000   13086.75213
27       0.00000      0.00000   4118.06562     499.96882
28   14357.93269      0.00000      0.00000       0.00000
29       0.00000      0.00000      0.00000   18522.00718
30       0.00000      0.00000      0.00000       0.00000
;

apren [*] :=
 p1  0.00007
p10  0.00007
 p2  0.00007
 p3  0.00007
 p4  0.00007
 p5  0.00042
 p6  0.00007
 p7  0.00007
 p8  0.00007
 p9  0.00007
;

TInv [*,*] (tr)
:      Cuarto        Entero       Medio        Octavo       :=
1        0.00000      0.00000   3137.02293    6125.00003
2    15161.77158      0.00000      0.00000       0.00000
3        0.00000      0.00000      0.00000   45127.19101
4    19754.64719      0.00000      0.00000       0.00000
5    23278.65043      0.00000      0.00000       0.00000
6    25158.48447      0.00000      0.00000       0.00000
7        0.00000   6102.14658   2195.70685       0.00000
8        0.00000      0.00000      0.00000   41258.88662
9    11223.32862      0.00000   4775.68771       0.00000
10       0.00000      0.00000      0.00000   45498.85306
11       0.00000   5802.96226      0.00000       0.00000
12    8716.76271      0.00000   4285.47619       0.00000
13       0.00000      0.00000      0.00000   47676.88604
14    7220.75166      0.00000   4779.37215       0.00000
15       0.00000   5959.35532      0.00000       0.00000
16   17192.35441      0.00000      0.00000       0.00000
17    9303.25257      0.00000   3896.85105       0.00000
18    9595.18254      0.00000   5012.47484       0.00000
19       0.00000      0.00000      0.00000   41254.16409
20       0.00000   6023.01310      0.00000       0.00000
21    3162.75476      0.00000   4322.97905       0.00000
22     391.42480      0.00000   2886.02705   11385.35018
23   17884.67970      0.00000      0.00000       0.00000
24       0.00000      0.00000      0.00000   41667.88600
25    7144.67013      0.00000   3946.70436       0.00000
26       0.00000   3138.33579      0.00000   13091.58413
27       0.00000      0.00000   4117.76939     500.70650
28   14357.93268      0.00000      0.00000       0.00000
29       0.00000      0.00000      0.00000   18522.08587
30       0.00000      0.00000      0.00000       0.00000
;

apren [*] :=
 p1  0.00007
p10  0.00007
 p2  0.00007
 p3  0.00007
 p4  0.00007
 p5  0.00043
 p6  0.00007
 p7  0.00007
 p8  0.00007
 p9  0.00007
;

TInv [*,*] (tr)
:      Cuarto        Entero       Medio        Octavo       :=
1        0.00000      0.00000   3127.47077    6068.68284
2    15125.88662      0.00000      0.00000       0.00000
3        0.00000      0.00000      0.00000   45127.19101
4    19728.77044      0.00000      0.00000       0.00000
5    23259.96752      0.00000      0.00000       0.00000
6    25152.43578      0.00000      0.00000       0.00000
7        0.00000   6097.24094   2205.51811       0.00000
8        0.00000      0.00000      0.00000   41258.88662
9    11213.52615      0.00000   4780.52229       0.00000
10       0.00000      0.00000      0.00000   45524.90815
11       0.00000   5788.17547      0.00000       0.00000
12    8672.54029      0.00000   4285.47619       0.00000
13       0.00000      0.00000      0.00000   47726.98388
14    7231.68395      0.00000   4784.02481       0.00000
15       0.00000   5954.85153      0.00000       0.00000
16   17195.78751      0.00000      0.00000       0.00000
17    9298.20749      0.00000   3896.72940       0.00000
18    9596.86591      0.00000   5014.00272       0.00000
19       0.00000      0.00000      0.00000   41255.72135
20       0.00000   6022.34896      0.00000       0.00000
21    3165.65546      0.00000   4325.22779       0.00000
22     414.29296      0.00000   2886.65566   11380.73541
23   17885.25350      0.00000      0.00000       0.00000
24       0.00000      0.00000      0.00000   41665.79797
25    7154.87047      0.00000   3946.44617       0.00000
26       0.00000   3138.75462      0.00000   13082.11387
27       0.00000      0.00000   4120.04795     473.63306
28   14348.80467      0.00000      0.00000       0.00000
29       0.00000      0.00000      0.00000   18524.12370
30       0.00000      0.00000      0.00000       0.00000
;

apren [*] :=
 p1  0.00007
p10  0.00007
 p2  0.00007
 p3  0.00007
 p4  0.00007
 p5  0.00044
 p6  0.00007
 p7  0.00007
 p8  0.00007
 p9  0.00007
;

TInv [*,*] (tr)
:      Cuarto        Entero       Medio        Octavo       :=
1        0.00017      0.00000   3118.41128    6014.24010
2    15090.87004      0.00000      0.00002       0.00007
3        0.00001      0.00000      0.00001   45127.19091
4    19728.58212      0.00001      0.00002       0.00005
5    23262.38877      0.00001      0.00002       0.00005
6    25148.26978      0.00001      0.00002       0.00005
7        0.00002   6092.58859   2214.82280       0.00006
8        0.00002      0.00001      0.00002   41258.88655
9    11202.29462      0.00001   4771.73489       0.00004
10       0.00002      0.00001      0.00001   45516.96526
11       0.00002   5796.13687      0.00001       0.00005
12    8655.85925      0.00001   4285.47619       0.00005
13       0.00002      0.00001      0.00001   47699.70155
14    7226.40450      0.00001   4779.61392       0.00004
15       0.00002   5956.79569      0.00001       0.00005
16   17191.93888      0.00000      0.00001       0.00003
17    9270.54647      0.00001   3896.61231       0.00005
18    9591.41940      0.00001   5016.40507       0.00005
19       0.00002      0.00001      0.00001   41257.22004
20       0.00002   6017.83028      0.00001       0.00003
21    3167.49218      0.00000   4328.09662       0.00003
22     376.74545      0.00001   2886.90072   11377.46298
23   17886.26942      0.00000      0.00000       0.00001
24       0.00001      0.00000      0.00000   41663.00710
25    7149.75967      0.00000   3946.09327       0.00002
26       0.00000   3139.30265      0.00001   13082.49286
27       0.00001      0.00001   4123.11758     443.46548
28   14336.43533      0.00000      0.00001       0.00001
29       0.00000      0.00000      0.00000   18526.99298
30       0.00000      0.00000      0.00000       0.00000
;

apren [*] :=
 p1  0.00007
p10  0.00007
 p2  0.00007
 p3  0.00007
 p4  0.00007
 p5  0.00045
 p6  0.00007
 p7  0.00007
 p8  0.00007
 p9  0.00007
;

TInv [*,*] (tr)
:      Cuarto        Entero       Medio        Octavo       :=
1        0.00000      0.00000   3109.82593    5961.63481
2    15056.69630      0.00000      0.00000       0.00000
3        0.00000      0.00000      0.00000   45127.19101
4    19661.12975      0.00000      0.00000       0.00000
5    23255.49154      0.00000      0.00000       0.00000
6    25126.30339      0.00000      0.00000       0.00000
7        0.00000   6088.18010   2223.63979       0.00000
8        0.00000      0.00000      0.00000   41258.88662
9    11183.39805      0.00000   4779.97379       0.00000
10       0.00000      0.00000      0.00000   45707.02605
11       0.00000   5798.43132      0.00000       0.00000
12    8682.94058      0.00000   4285.47619       0.00000
13       0.00000      0.00000      0.00000   47666.91077
14    7215.12386      0.00000   4778.92315       0.00000
15       0.00000   5955.99764      0.00000       0.00000
16   17176.74421      0.00000      0.00000       0.00000
17    9223.63440      0.00000   3896.49504       0.00000
18    9579.87334      0.00000   5013.05062       0.00000
19       0.00000      0.00000      0.00000   41258.72119
20       0.00000   6023.76847      0.00000       0.00000
21    3150.35201      0.00000   4320.77561       0.00000
22     350.26831      0.00000   2887.73627   11369.40896
23   17883.51435      0.00000      0.00000       0.00000
24       0.00000      0.00000      0.00000   41660.24524
25    7147.26244      0.00000   3945.74391       0.00000
26       0.00000   3139.84512      0.00000   13060.29559
27       0.00000      0.00000   4125.52832     426.74493
28   14324.19198      0.00000      0.00000       0.00000
29       0.00000      0.00000      0.00000   18529.83313
30       0.00000      0.00000      0.00000       0.00000
;

apren [*] :=
 p1  0.00007
p10  0.00007
 p2  0.00007
 p3  0.00007
 p4  0.00007
 p5  0.00046
 p6  0.00007
 p7  0.00007
 p8  0.00007
 p9  0.00007
;

TInv [*,*] (tr)
:      Cuarto        Entero       Medio        Octavo       :=
1        0.00000      0.00000   3101.70558    5910.96137
2    15023.50716      0.00000      0.00000       0.00000
3        0.00000      0.00000      0.00000   45127.19101
4    19575.22590      0.00000      0.00000       0.00000
5    23148.13504      0.00000      0.00000       0.00000
6    25114.25326      0.00000      0.00000       0.00000
7        0.00000   6084.01061   2231.97878       0.00000
8        0.00000      0.00000      0.00000   41258.88662
9    11166.07552      0.00000   4786.63281       0.00000
10       0.00000      0.00000      0.00000   45379.58107
11       0.00000   5799.61129      0.00000       0.00000
12    8489.71480      0.00000   4285.47619       0.00000
13       0.00000      0.00000      0.00000   47736.50529
14    7217.36837      0.00000   4783.23654       0.00000
15       0.00000   5960.04823      0.00000       0.00000
16   17168.29891      0.00000      0.00000       0.00000
17    9339.16424      0.00000   3896.38483       0.00000
18    9588.22230      0.00000   5009.77096       0.00000
19       0.00000      0.00000      0.00000   41260.13131
20       0.00000   6036.14358      0.00000       0.00000
21    3143.52799      0.00000   4304.55635       0.00000
22     325.83066      0.00000   2887.45246   11365.47304
23   17878.08900      0.00000      0.00000       0.00000
24       0.00000      0.00000      0.00000   41657.52095
25    7172.25372      0.00000   3945.39929       0.00000
26       0.00000   3140.38015      0.00000   13053.28415
27       0.00000      0.00000   4123.45936     407.55413
28   14312.11448      0.00000      0.00000       0.00000
29       0.00000      0.00000      0.00000   18532.63522
30       0.00000      0.00000      0.00000       0.00000
;

apren [*] :=
 p1  0.00007
p10  0.00007
 p2  0.00007
 p3  0.00007
 p4  0.00007
 p5  0.00047
 p6  0.00007
 p7  0.00007
 p8  0.00007
 p9  0.00007
;

TInv [*,*] (tr)
:      Cuarto        Entero       Medio        Octavo       :=
1        0.00000      0.00000   3094.02879    5862.13340
2    14991.23531      0.00000      0.00000       0.00001
3        0.00000      0.00000      0.00000   45127.19100
4    19688.50011      0.00000      0.00000       0.00001
5    23219.85304      0.00000      0.00000       0.00001
6    25122.72885      0.00000      0.00000       0.00001
7        0.00000   6080.06905   2239.86190       0.00000
8        0.00000      0.00000      0.00000   41258.88661
9    11179.00461      0.00000   4782.51579       0.00000
10       0.00000      0.00000      0.00000   45552.72743
11       0.00000   5787.53431      0.00000       0.00000
12    8612.42220      0.00000   4285.47619       0.00000
13       0.00000      0.00000      0.00000   47696.84025
14    7210.22968      0.00000   4779.52990       0.00000
15       0.00000   5950.33772      0.00000       0.00000
16   17171.65119      0.00000      0.00000       0.00000
17    9267.86692      0.00000   3896.27467       0.00001
18    9578.73428      0.00000   5009.41325       0.00001
19       0.00000      0.00000      0.00000   41261.54207
20       0.00000   6047.43928      0.00000       0.00000
21    3146.93937      0.00000   4307.27975       0.00000
22     347.53167      0.00000   2888.89402   11358.42167
23   17881.46708      0.00000      0.00000       0.00000
24       0.00000      0.00000      0.00000   41654.84328
25    7156.93204      0.00000   3945.06050       0.00000
26       0.00000   3140.90603      0.00000   13040.26897
27       0.00000      0.00000   4129.47372     396.97581
28   14300.24245      0.00000      0.00000       0.00000
29       0.00000      0.00000      0.00000   18535.38967
30       0.00000      0.00000      0.00000       0.00000
;

apren [*] :=
 p1  0.00007
p10  0.00007
 p2  0.00007
 p3  0.00007
 p4  0.00007
 p5  0.00048
 p6  0.00007
 p7  0.00007
 p8  0.00007
 p9  0.00007
;

TInv [*,*] (tr)
:      Cuarto        Entero       Medio        Octavo       :=
1        0.00000      0.00000   3086.78943    5815.27664
2    14960.04555      0.00000      0.00000       0.00000
3        0.00000      0.00000      0.00000   45127.19100
4    19741.39718      0.00000      0.00000       0.00000
5    23259.05003      0.00000      0.00000       0.00000
6    25123.41245      0.00000      0.00000       0.00000
7        0.00000   6076.35237   2247.29525       0.00000
8        0.00000      0.00000      0.00000   41258.88663
9    11179.40164      0.00000   4780.41117       0.00000
10       0.00000      0.00000      0.00000   45615.89592
11       0.00000   5800.65674      0.00000       0.00000
12    8664.33163      0.00000   4285.47619       0.00000
13       0.00000      0.00000      0.00000   47640.64423
14    7199.86378      0.00000   4774.77731       0.00000
15       0.00000   5956.21278      0.00000       0.00000
16   17169.99357      0.00000      0.00000       0.00000
17    9212.19984      0.00000   3896.17554       0.00000
18    9567.51101      0.00000   5009.60231       0.00000
19       0.00000      0.00000      0.00000   41262.80866
20       0.00000   6035.44750      0.00000       0.00000
21    3145.43580      0.00000   4314.53894       0.00000
22     344.31278      0.00000   2889.73613   11352.39969
23   17882.13240      0.00000      0.00000       0.00000
24       0.00000      0.00000      0.00000   41652.21798
25    7141.40591      0.00000   3944.72831       0.00000
26       0.00000   3141.42161      0.00000   13015.22299
27       0.00000      0.00000   4132.42687     383.58640
28   14288.60167      0.00000      0.00000       0.00000
29       0.00000      0.00000      0.00000   18538.09089
30       0.00000      0.00000      0.00000       0.00000
;

apren [*] :=
 p1  0.00007
p10  0.00007
 p2  0.00007
 p3  0.00007
 p4  0.00007
 p5  0.00049
 p6  0.00007
 p7  0.00007
 p8  0.00007
 p9  0.00007
;

TInv [*,*] (tr)
:      Cuarto        Entero       Medio        Octavo       :=
1        0.00000      0.00000   3079.95168    5770.08816
2    14929.63821      0.00000      0.00000       0.00000
3        0.00000      0.00000      0.00000   45127.19101
4    19611.98826      0.00000      0.00000       0.00000
5    23210.71886      0.00000      0.00000       0.00000
6    25117.30167      0.00000      0.00000       0.00000
7        0.00000   6072.84192   2254.31616       0.00000
8        0.00000      0.00000      0.00000   41258.88662
9    11171.32080      0.00000   4794.91940       0.00000
10       0.00000      0.00000      0.00000   45561.39846
11       0.00000   5825.70681      0.00000       0.00000
12    8600.44427      0.00000   4285.47619       0.00000
13       0.00000      0.00000      0.00000   47662.96546
14    7201.45643      0.00000   4778.82344       0.00000
15       0.00000   5965.83063      0.00000       0.00000
16   17167.54254      0.00000      0.00000       0.00000
17    9238.24360      0.00000   3896.06461       0.00000
18    9580.44895      0.00000   5008.52420       0.00000
19       0.00000      0.00000      0.00000   41264.23071
20       0.00000   6017.93968      0.00000       0.00000
21    3143.08922      0.00000   4305.70292       0.00000
22     337.65887      0.00000   2890.47431   11347.71834
23   17880.77696      0.00000      0.00000       0.00000
24       0.00000      0.00000      0.00000   41649.65004
25    7148.74285      0.00000   3944.40325       0.00000
26       0.00000   3141.92596      0.00000   13013.05749
27       0.00000      0.00000   4133.80325     368.48843
28   14277.21340      0.00000      0.00000       0.00000
29       0.00000      0.00000      0.00000   18540.73335
30       0.00000      0.00000      0.00000       0.00000
;

apren [*] :=
 p1  0.00007
p10  0.00007
 p2  0.00007
 p3  0.00007
 p4  0.00007
 p5  0.00050
 p6  0.00007
 p7  0.00007
 p8  0.00007
 p9  0.00007
;

TInv [*,*] (tr)
:      Cuarto        Entero       Medio        Octavo       :=
1        0.00000      0.00000   3073.52029    5726.83539
2    14900.34459      0.00000      0.00000       0.00000
3        0.00000      0.00000      0.00000   45127.19101
4    20028.62186      0.00000      0.00000       0.00000
5    23450.32263      0.00000      0.00000       0.00000
6    25197.08200      0.00000      0.00000       0.00000
7        0.00000   6069.54031   2260.91939       0.00000
8        0.00000      0.00000      0.00000   41258.88663
9    11269.24469      0.00000   4754.11536       0.00000
10       0.00000      0.00000      0.00000   45791.74443
11       0.00000   5782.27830      0.00000       0.00000
12    8879.53096      0.00000   4285.47619       0.00000
13       0.00000      0.00000      0.00000   47613.09340
14    7266.78456      0.00000   4763.34585       0.00000
15       0.00000   5946.60908      0.00000       0.00000
16   17286.98496      0.00000      0.00000       0.00000
17    9178.37956      0.00000   3895.96521       0.00000
18    9588.37534      0.00000   5031.32592       0.00000
19       0.00000      0.00000      0.00000   41265.50295
20       0.00000   5998.47894      0.00000       0.00000
21    3244.44878      0.00000   4402.53153       0.00000
22     545.90286      0.00000   2889.30626   11352.15958
23   17922.95842      0.00000      0.00000       0.00000
24       0.00000      0.00000      0.00000   41647.14314
25    7126.27867      0.00000   3944.08591       0.00000
26       0.00000   3142.41831      0.00000   12986.40804
27       0.00000      0.00000   4191.92264     347.85830
28   14266.09508      0.00000      0.00000       0.00000
29       0.00000      0.00000      0.00000   18543.31360
30       0.00000      0.00000      0.00000       0.00000
;

apren [*] :=
 p1  0.00007
p10  0.00007
 p2  0.00007
 p3  0.00007
 p4  0.00007
 p5  0.00051
 p6  0.00007
 p7  0.00007
 p8  0.00007
 p9  0.00007
;

TInv [*,*] (tr)
:      Cuarto        Entero       Medio        Octavo       :=
1        0.00000      0.00000   2881.11136    5349.97788
2    14663.38541      0.00000      0.00000       0.00000
3        0.00000      0.00000      0.00000   45127.19099
4    19587.78397      0.00000      0.00000       0.00000
5    23193.66624      0.00000      0.00000       0.00000
6    25119.98165      0.00000      0.00000       0.00000
7        0.00000   5624.60908   3150.78183       0.00000
8        0.00000      0.00000      0.00000   42064.21962
9    11169.30727      0.00000   4778.69597       0.00000
10       0.00000      0.00000      0.00000   46192.12574
11       0.00000   5693.21164      0.00000       0.00000
12    8581.86072      0.00000   4285.47620       0.00000
13       0.00000      0.00000      0.00000   48325.96257
14    7153.34252      0.00000   4779.81315       0.00000
15       0.00000   5869.12999      0.00000       0.00000
16   16518.89017      0.00000      0.00000       0.00000
17    8961.12658      0.00000   4336.31085       0.00000
18    8827.81823      0.00000   5340.65572       0.00000
19    8010.40879      0.00000      0.00000   21988.71426
20       0.00000   5850.07738      0.00000       0.00000
21    5977.49555      0.00000   5145.47823       0.00000
22       0.00000      0.00000      0.00000   40763.64366
23   13848.61055      0.00000    412.32627       0.00000
24       0.00000      0.00000      0.00000   45386.61598
25       0.00000     15.71340   3115.63032       0.00000
26       0.00000   2386.02991      0.00000       0.00000
27       0.00000    151.16969   3727.64772       0.00000
28   13859.04872      0.00000      0.00000       0.00000
29       0.00000      0.00000      0.00000   17570.79468
30       0.00000      0.00000      0.00000       0.00000
;

apren [*] :=
 p1  0.00007
p10  0.00007
 p2  0.00007
 p3  0.00007
 p4  0.00007
 p5  0.00052
 p6  0.00007
 p7  0.00007
 p8  0.00007
 p9  0.00007
;

TInv [*,*] (tr)
:      Cuarto        Entero       Medio        Octavo       :=
1        0.00000      0.00000   2875.48949    5313.04637
2    14639.01536      0.00000      0.00000       0.00000
3        0.00000      0.00000      0.00000   45127.19098
4    19844.15161      0.00000      0.00000       0.00000
5    23335.13214      0.00000      0.00000       0.00000
6    25157.37915      0.00000      0.00000       0.00000
7        0.00000   5620.82340   3158.35320       0.00000
8        0.00000      0.00000      0.00000   42074.27740
9    11210.06137      0.00000   4768.49783       0.00000
10       0.00000      0.00000      0.00000   46177.21312
11       0.00000   5686.34884      0.00000       0.00000
12    8740.93548      0.00000   4285.47619       0.00000
13       0.00000      0.00000      0.00000   48266.70205
14    7138.20142      0.00000   4775.50411       0.00000
15       0.00000   5851.27094      0.00000       0.00000
16   16508.83248      0.00000      0.00000       0.00000
17    8944.90755      0.00000   4334.72598       0.00000
18    8841.85968      0.00000   5360.24138       0.00000
19    7825.57758      0.00000      0.00000   21846.23362
20       0.00000   5826.22253      0.00000       0.00000
21    6594.29265      0.00000   5223.08926       0.00000
22       0.00000      0.00000      0.00000   40763.64369
23   13828.96439      0.00000    417.76042       0.00000
24       0.00000      0.00000      0.00000   45493.84394
25       0.00000      3.13109   3117.68585       0.00000
26       0.00000   2372.69038      0.00000       0.00000
27       0.00000    158.76854   3726.69040       0.00000
28   13846.60393      0.00000      0.00000       0.00000
29       0.00000      0.00000      0.00000   17569.72444
30       0.00000      0.00000      0.00000       0.00000
;

apren [*] :=
 p1  0.00007
p10  0.00007
 p2  0.00007
 p3  0.00007
 p4  0.00007
 p5  0.00053
 p6  0.00007
 p7  0.00007
 p8  0.00007
 p9  0.00007
;

TInv [*,*] (tr)
:      Cuarto        Entero       Medio        Octavo       :=
1        0.00000      0.00000   2898.49138    5319.70319
2    14635.25799      0.00000      0.00000       0.00000
3        0.00000      0.00000      0.00000   45127.19101
4    19965.07539      0.00000      0.00000       0.00000
5    23412.71007      0.00000      0.00000       0.00000
6    25174.20012      0.00000      0.00000       0.00000
7        0.00000   5689.69095   3020.61811       0.00000
8        0.00000      0.00000      0.00000   42082.83310
9    11230.03710      0.00000   4762.16550       0.00000
10       0.00000      0.00000      0.00000   46183.54147
11       0.00000   5691.26642      0.00000       0.00000
12    8854.36928      0.00000   4285.47619       0.00000
13       0.00000      0.00000      0.00000   48232.33479
14    7128.28169      0.00000   4772.81768       0.00000
15       0.00000   5861.35534      0.00000       0.00000
16   16500.27669      0.00000      0.00000       0.00000
17    8929.90910      0.00000   4320.96499       0.00000
18    8918.17541      0.00000   5361.09971       0.00000
19    7804.95913      0.00000      0.00000   21717.12168
20       0.00000   5843.57331      0.00000       0.00000
21    6806.73091      0.00000   5243.95047       0.00000
22       0.00000      0.00000      0.00000   40763.64366
23   13579.60799      0.00000    472.78851       0.00000
24       0.00000      0.00000      0.00000   45520.79053
25       0.00000      0.00000   3257.91097       0.00000
26       0.00000   2362.41979      0.00000       0.00000
27       0.00000    170.73369   3722.99365       0.00000
28   13851.89542      0.00000      0.00000       0.00000
29       0.00000      0.00000      0.00000   17672.13229
30       0.00000      0.00000      0.00000       0.00000
;

apren [*] :=
 p1  0.00007
p10  0.00007
 p2  0.00007
 p3  0.00007
 p4  0.00007
 p5  0.00054
 p6  0.00007
 p7  0.00007
 p8  0.00007
 p9  0.00007
;

TInv [*,*] (tr)
:      Cuarto        Entero       Medio        Octavo       :=
1        0.00000      0.00000   2902.34117    5298.88781
2    14618.70132      0.00000      0.00000       0.00000
3        0.00000      0.00000      0.00000   45127.19093
4    19767.67097      0.00000      0.00000       0.00000
5    23326.34689      0.00000      0.00000       0.00000
6    25144.22049      0.00000      0.00000       0.00000
7        0.00000   5707.64289   2984.71422       0.00000
8        0.00000      0.00000      0.00000   42090.07916
9    11197.77074      0.00000   4771.86896       0.00000
10       0.00000      0.00000      0.00000   46168.52915
11       0.00000   5724.64747      0.00000       0.00000
12    8753.57995      0.00000   4285.47619       0.00000
13       0.00000      0.00000      0.00000   48247.16950
14    7133.99322      0.00000   4775.03762       0.00000
15       0.00000   5881.82670      0.00000       0.00000
16   16493.03064      0.00000      0.00000       0.00000
17    8933.72985      0.00000   4316.20461       0.00000
18    8821.01214      0.00000   5338.55185       0.00000
19    7743.31271      0.00000      0.00000   21668.06364
20       0.00000   5892.45573      0.00000       0.00000
21    6995.19701      0.00000   5172.80657       0.00000
22       0.00000      0.00000      0.00000   40763.64366
23   13499.62623      0.00000    492.35202       0.00000
24       0.00000      0.00000      0.00000   45630.62847
25       0.00000      0.00000   3297.75335       0.00000
26       0.00000   2358.84559      0.00000       0.00000
27       0.00000    183.89020   3739.89936       0.00000
28   13848.26409      0.00000      0.00000       0.00000
29       0.00000      0.00000      0.00000   17704.25501
30       0.00000      0.00000      0.00000       0.00000
;

apren [*] :=
 p1  0.00007
p10  0.00007
 p2  0.00007
 p3  0.00007
 p4  0.00007
 p5  0.00055
 p6  0.00007
 p7  0.00007
 p8  0.00007
 p9  0.00007
;

TInv [*,*] (tr)
:      Cuarto        Entero       Medio        Octavo       :=
1        0.00000      0.00000   2906.48688    5279.52778
2    14602.96126      0.00000      0.00000       0.00000
3        0.00000      0.00000      0.00000   45127.19101
4    19735.31028      0.00000      0.00000       0.00000
5    23282.32876      0.00000      0.00000       0.00000
6    25136.42614      0.00000      0.00000       0.00000
7        0.00000   5725.76670   2948.46659       0.00000
8        0.00000      0.00000      0.00000   42096.17394
9    11187.88564      0.00000   4772.16365       0.00000
10       0.00000      0.00000      0.00000   46167.45795
11       0.00000   5724.70746      0.00000       0.00000
12    8677.79348      0.00000   4285.47619       0.00000
13       0.00000      0.00000      0.00000   48288.92337
14    7138.72728      0.00000   4777.79586       0.00000
15       0.00000   5886.64773      0.00000       0.00000
16   16486.93586      0.00000      0.00000       0.00000
17    8932.10350      0.00000   4311.47065       0.00000
18    8731.14607      0.00000   5334.99303       0.00000
19    7703.77791      0.00000      0.00000   21618.63068
20       0.00000   5897.84659      0.00000       0.00000
21    7092.86849      0.00000   5167.01375       0.00000
22       0.00000      0.00000      0.00000   40763.64366
23   13419.89592      0.00000    510.96018       0.00000
24       0.00000      0.00000      0.00000   45711.74415
25       0.00000      0.00000   3337.63495       0.00000
26       0.00000   2355.47456      0.00000       0.00000
27       0.00000    188.07742   3763.48396       0.00000
28   13844.97897      0.00000      0.00000       0.00000
29       0.00000      0.00000      0.00000   17736.43532
30       0.00000      0.00000      0.00000       0.00000
;

apren [*] :=
 p1  0.00007
p10  0.00007
 p2  0.00007
 p3  0.00007
 p4  0.00007
 p5  0.00056
 p6  0.00007
 p7  0.00007
 p8  0.00007
 p9  0.00007
;

TInv [*,*] (tr)
:      Cuarto        Entero       Medio        Octavo       :=
1        0.00000      0.00000   2910.88006    5261.53663
2    14588.00523      0.00000      0.00000       0.00000
3        0.00000      0.00000      0.00000   45127.19099
4    19778.43022      0.00000      0.00000       0.00000
5    23313.22121      0.00000      0.00000       0.00000
6    25142.56283      0.00000      0.00000       0.00000
7        0.00000   5743.96981   2912.06037       0.00000
8        0.00000      0.00000      0.00000   42101.25271
9    11194.29688      0.00000   4770.11276       0.00000
10       0.00000      0.00000      0.00000   46177.78450
11       0.00000   5730.17382      0.00000       0.00000
12    8730.41141      0.00000   4285.47619       0.00000
13       0.00000      0.00000      0.00000   48269.64313
14    7134.78264      0.00000   4774.99978       0.00000
15       0.00000   5890.22565      0.00000       0.00000
16   16481.85713      0.00000      0.00000       0.00000
17    8921.00223      0.00000   4306.77860       0.00000
18    8744.49355      0.00000   5333.49953       0.00000
19    7672.57566      0.00000      0.00000   21557.81814
20       0.00000   5905.03953      0.00000       0.00000
21    7110.41571      0.00000   5164.11741       0.00000
22       0.00000      0.00000      0.00000   40763.64367
23   13340.70722      0.00000    529.26210       0.00000
24       0.00000      0.00000      0.00000   45718.54098
25       0.00000      0.00000   3377.38669       0.00000
26       0.00000   2352.30294      0.00000       0.00000
27       0.00000    188.63192   3761.65808       0.00000
28   13842.01535      0.00000      0.00000       0.00000
29       0.00000      0.00000      0.00000   17768.53599
30       0.00000      0.00000      0.00000       0.00000
;

apren [*] :=
 p1  0.00007
p10  0.00007
 p2  0.00007
 p3  0.00007
 p4  0.00007
 p5  0.00057
 p6  0.00007
 p7  0.00007
 p8  0.00007
 p9  0.00007
;

TInv [*,*] (tr)
:      Cuarto        Entero       Medio        Octavo       :=
1        0.00000      0.00000   2915.54257    5244.92991
2    14573.84712      0.00000      0.00000       0.00000
3        0.00000      0.00000      0.00000   45127.19101
4    19647.83128      0.00000      0.00000       0.00000
5    23246.91745      0.00000      0.00000       0.00000
6    25129.08509      0.00000      0.00000       0.00000
7        0.00000   5762.32791   2875.34417       0.00000
8        0.00000      0.00000      0.00000   42105.43103
9    11177.97154      0.00000   4776.48919       0.00000
10       0.00000      0.00000      0.00000   46171.92994
11       0.00000   5730.17239      0.00000       0.00000
12    8636.68738      0.00000   4285.47619       0.00000
13       0.00000      0.00000      0.00000   48298.13067
14    7142.87778      0.00000   4778.63986       0.00000
15       0.00000   5893.86317      0.00000       0.00000
16   16477.67877      0.00000      0.00000       0.00000
17    8929.01125      0.00000   4302.11398       0.00000
18    8623.98803      0.00000   5323.71627       0.00000
19    7639.62448      0.00000      0.00000   21564.19400
20       0.00000   5911.03847      0.00000       0.00000
21    7140.05096      0.00000   5144.09447       0.00000
22       0.00000      0.00000      0.00000   40763.64366
23   13261.78661      0.00000    548.31844       0.00000
24       0.00000      0.00000      0.00000   45779.17215
25       0.00000      0.00000   3417.17010       0.00000
26       0.00000   2349.31222      0.00000       0.00000
27       0.00000    185.42982   3784.49177       0.00000
28   13839.39270      0.00000      0.00000       0.00000
29       0.00000      0.00000      0.00000   17800.67338
30       0.00000      0.00000      0.00000       0.00000
;

