precio [*] :=
Cuarto  200
Entero  750
 Medio  400
Octavo  100
;

P [*,*] (tr)
:  Cuarto Entero   Medio Octavo    :=
1    1500   1500   15900   1500
2    2000   2000   16400   2000
3    2500   2500   16900   2500
4    3000   3000   17400   3000
5    3500   3500   17900   3500
6    3500   3500   17900   3500
7    3500   3500   17900   3500
8       0      0   14400      0
9       0      0   14400      0
10      0      0   14400      0
11      0      0   14400      0
12      0      0   14400      0
13      0      0   14400      0
14      0      0   14400      0
15      0      0   14400      0
16      0      0   14400      0
17      0      0   14400      0
18      0      0   14400      0
19      0      0   14400      0
20      0      0   14400      0
21      0      0   14400      0
22      0      0   14400      0
23      0      0   14400      0
24      0      0   14400      0
25      0      0   14400      0
26      0      0   14400      0
27      0      0   14400      0
28      0      0   14400      0
29      0      0   14400      0
30      0      0   14400      0
;

precio [*] :=
Cuarto  200
Entero  750
 Medio  400
Octavo  104
;

P [*,*] (tr)
:  Cuarto Entero   Medio Octavo    :=
1    1500   1500   15900   1500
2    2000   2000   16400   2000
3    2500   2500   16900   2500
4    3000   3000   17400   3000
5    3500   3500   17900   3500
6    3500   3500   17900   3500
7    3500   3500   17900   3500
8       0      0   14400      0
9       0      0   14400      0
10      0      0   14400      0
11      0      0   14400      0
12      0      0   14400      0
13      0      0   14400      0
14      0      0   14400      0
15      0      0   14400      0
16      0      0   14400      0
17      0      0   14400      0
18      0      0   14400      0
19      0      0   14400      0
20      0      0   14400      0
21      0      0   14400      0
22      0      0   14400      0
23      0      0   14400      0
24      0      0   14400      0
25      0      0   14400      0
26      0      0   14400      0
27      0      0   14400      0
28      0      0   14400      0
29      0      0   14400      0
30      0      0   14400      0
;

precio [*] :=
Cuarto  200
Entero  750
 Medio  400
Octavo  108
;

P [*,*] (tr)
:  Cuarto Entero   Medio Octavo    :=
1    1500   1500   15900   1500
2    2000   2000   16400   2000
3    2500   2500   16900   2500
4    3000   3000   17400   3000
5    3500   3500   17900   3500
6    3500   3500   17900   3500
7    3500   3500   17900   3500
8       0      0   14400      0
9       0      0   14400      0
10      0      0   14400      0
11      0      0   14400      0
12      0      0   14400      0
13      0      0   14400      0
14      0      0   14400      0
15      0      0   14400      0
16      0      0   14400      0
17      0      0   14400      0
18      0      0   14400      0
19      0      0   14400      0
20      0      0   14400      0
21      0      0   14400      0
22      0      0   14400      0
23      0      0   14400      0
24      0      0   14400      0
25      0      0   14400      0
26      0      0   14400      0
27      0      0   14400      0
28      0      0   14400      0
29      0      0   14400      0
30      0      0   14400      0
;

precio [*] :=
Cuarto  200
Entero  750
 Medio  400
Octavo  112
;

P [*,*] (tr)
:  Cuarto Entero   Medio Octavo    :=
1    1500   1500   15900   1500
2    2000   2000   16400   2000
3    2500   2500   16900   2500
4    3000   3000   17400   3000
5    3500   3500   17900   3500
6    3500   3500   17900   3500
7    3500   3500   17900   3500
8       0      0   14400      0
9       0      0   14400      0
10      0      0   14400      0
11      0      0   14400      0
12      0      0   14400      0
13      0      0   14400      0
14      0      0   14400      0
15      0      0   14400      0
16      0      0   14400      0
17      0      0   14400      0
18      0      0   14400      0
19      0      0   14400      0
20      0      0   14400      0
21      0      0   14400      0
22      0      0   14400      0
23      0      0   14400      0
24      0      0   14400      0
25      0      0   14400      0
26      0      0   14400      0
27      0      0   14400      0
28      0      0   14400      0
29      0      0   14400      0
30      0      0   14400      0
;

precio [*] :=
Cuarto  200
Entero  750
 Medio  400
Octavo  116
;

P [*,*] (tr)
:  Cuarto Entero   Medio Octavo    :=
1    1500   1500   15900   1500
2    2000   2000   16400   2000
3    2500   2500   16900   2500
4    3000   3000   17400   3000
5    3500   3500   17900   3500
6    3500   3500   17900   3500
7    3500   3500   17900   3500
8       0      0   14400      0
9       0      0   14400      0
10      0      0   14400      0
11      0      0   14400      0
12      0      0   14400      0
13      0      0   14400      0
14      0      0   14400      0
15      0      0   14400      0
16      0      0   14400      0
17      0      0   14400      0
18      0      0   14400      0
19      0      0   14400      0
20      0      0   14400      0
21      0      0   14400      0
22      0      0   14400      0
23      0      0   14400      0
24      0      0   14400      0
25      0      0   14400      0
26      0      0   14400      0
27      0      0   14400      0
28      0      0   14400      0
29      0      0   14400      0
30      0      0   14400      0
;

precio [*] :=
Cuarto  200
Entero  750
 Medio  400
Octavo  120
;

P [*,*] (tr)
:  Cuarto Entero   Medio Octavo    :=
1    1500   1500   15900   1500
2    2000   2000   16400   2000
3    2500   2500   16900   2500
4    3000   3000   17400   3000
5    3500   3500   17900   3500
6    3500   3500   17900   3500
7    3500   3500   17900   3500
8       0      0   14400      0
9       0      0   14400      0
10      0      0   14400      0
11      0      0   14400      0
12      0      0   14400      0
13      0      0   14400      0
14      0      0   14400      0
15      0      0   14400      0
16      0      0   14400      0
17      0      0   14400      0
18      0      0   14400      0
19      0      0   14400      0
20      0      0   14400      0
21      0      0   14400      0
22      0      0   14400      0
23      0      0   14400      0
24      0      0   14400      0
25      0      0   14400      0
26      0      0   14400      0
27      0      0   14400      0
28      0      0   14400      0
29      0      0   14400      0
30      0      0   14400      0
;

