beta [*] :=
Cuarto  0.0052
Entero  0.1800
 Medio  0.0420
Octavo  0.0018
;

TInv [*,*] (tr)
:      Cuarto      Entero       Medio       Octavo      :=
1        0.0000      0.0000   3564.0097    5975.6211
2     9547.4636      0.0000   1907.8779    2011.1216
3        0.0000      0.0000      0.0000   45468.8845
4    19412.2596      0.0000      0.0000       0.0000
5    23888.5169      0.0000      0.0000       0.0000
6    25235.0613      0.0000      0.0000       0.0000
7        0.0000   7200.0000      0.0000       0.0000
8        0.0000      0.0000      0.0000   41258.8866
9    11200.4516      0.0000   4414.4533       0.0000
10       0.0000      0.0000      0.0000   47700.8823
11       0.0000   5708.8011      0.0000       0.0000
12    9953.3488      0.0000   4285.4762       0.0000
13       0.0000      0.0000      0.0000   47891.0099
14    7188.3231      0.0000   4780.0708       0.0000
15       0.0000   5752.8361      0.0000       0.0000
16   17111.7308      0.0000      0.0000       0.0000
17    8950.9048      0.0000   3892.9526       0.0000
18    9569.4534      0.0000   4736.1647       0.0000
19       0.0000      0.0000      0.0000   41304.0642
20       0.0000   6073.5132      0.0000       0.0000
21    3131.9816      0.0000   3986.7334       0.0000
22     693.0616      0.0000   2905.5589   11398.6049
23   18062.3246      0.0000      0.0000       0.0000
24       0.0000      0.0000      0.0000   40796.3761
25    7178.1539      0.0000   3760.6399       0.0000
26       0.0000   3309.6747      0.0000   10563.9501
27    1215.1460      0.0000   3795.2316       0.0000
28   13228.9649      0.0000      0.0000       0.0000
29     414.4052      0.0000      0.0000    4512.3245
30       0.0000      0.0000      0.0000       0.0000
;

beta [*] :=
Cuarto  0.0057
Entero  0.1800
 Medio  0.0420
Octavo  0.0018
;

TInv [*,*] (tr)
:      Cuarto      Entero       Medio        Octavo      :=
1        0.0000      0.0000    3110.0424    7644.8216
2    17596.0966      0.0000       0.0000       0.0000
3        0.0000      0.0000       0.0000   43501.1039
4    21109.3008      0.0000       0.0000       0.0000
5    24639.9179      0.0000       0.0000       0.0000
6        0.0000      0.0000   12367.3911    4134.9277
7        0.0000   7200.0000       0.0000       0.0000
8        0.0000      0.0000       0.0000   41258.8866
9    10758.0753      0.0000    5021.9542       0.0000
10       0.0000      0.0000       0.0000   45661.2767
11       0.0000   5891.8343       0.0000       0.0000
12    8589.7656      0.0000    4685.8372       0.0000
13       0.0000      0.0000       0.0000   47690.8100
14    7143.8626      0.0000    5051.4151       0.0000
15       0.0000   5999.0800       0.0000       0.0000
16   18284.8277      0.0000       0.0000       0.0000
17   10014.0642      0.0000    4297.7895       0.0000
18   10173.6206      0.0000    5267.5657       0.0000
19       0.0000      0.0000       0.0000   38273.5955
20       0.0000   6045.1916       0.0000       0.0000
21    4738.6065      0.0000    4679.6282       0.0000
22       0.0000      0.0000       0.0000   38353.3841
23   17885.2710      0.0000       0.0000       0.0000
24       0.0000      0.0000       0.0000   42017.9162
25    7578.9284      0.0000    3591.3690       0.0000
26       0.0000   5391.6667       0.0000       0.0000
27    1762.8731      0.0000    3591.3690       0.0000
28    9149.1846      0.0000       0.0000       0.0000
29    1860.5398      0.0000       0.0000    9238.0576
30       0.0000      0.0000       0.0000       0.0000
;

beta [*] :=
Cuarto  0.0062
Entero  0.1800
 Medio  0.0420
Octavo  0.0018
;

TInv [*,*] (tr)
:      Cuarto      Entero       Medio        Octavo      :=
1        0.0000      0.0000    3200.2310    6319.0315
2    16234.4556      0.0000       0.0000       0.0000
3        0.0000      0.0000       0.0000   43467.6164
4    21550.6367      0.0000       0.0000       0.0000
5    24836.7671      0.0000       0.0000       0.0000
6        0.0000      0.0000   12325.5317    4202.5395
7        0.0000   7200.0000       0.0000       0.0000
8        0.0000      0.0000       0.0000   41258.8866
9    10714.0138      0.0000    5490.0039       0.0000
10       0.0000      0.0000       0.0000   45638.9863
11       0.0000   5881.9033       0.0000       0.0000
12    8337.4006      0.0000    4981.9814       0.0000
13       0.0000      0.0000       0.0000   47699.9275
14    7157.4263      0.0000    5245.4601       0.0000
15       0.0000   5986.2167       0.0000       0.0000
16   18303.9492      0.0000       0.0000       0.0000
17   10041.1285      0.0000    4590.2832       0.0000
18   10209.9817      0.0000    5455.4385       0.0000
19       0.0000      0.0000       0.0000   38273.5955
20       0.0000   6018.5528       0.0000       0.0000
21    5435.1764      0.0000    5145.8032       0.0000
22       0.0000    134.9711       0.0000   36891.5647
23   17894.8354      0.0000       0.0000       0.0000
24       0.0000      0.0000       0.0000   42045.5967
25    7542.6363      0.0000    3594.9237       0.0000
26       0.0000   5391.6667       0.0000       0.0000
27    2226.3029      0.0000    3631.7877       0.0000
28    8140.4511      0.0000       0.0000       0.0000
29    1662.3662      0.0000       0.0000    9919.6895
30       0.0000      0.0000       0.0000       0.0000
;

beta [*] :=
Cuarto  0.0068
Entero  0.1800
 Medio  0.0420
Octavo  0.0018
;

TInv [*,*] (tr)
:      Cuarto      Entero       Medio        Octavo      :=
1        0.0002      0.0000    3126.1779    4314.1996
2     7021.9614      0.0000       0.0000   14982.7623
3        0.0001      0.0000       0.0000   44342.2302
4    21919.0457      0.0000       0.0000       0.0001
5    25037.2939      0.0000       0.0000       0.0001
6        0.0001      0.0000   14344.6428       0.0002
7        0.0001   7199.9999       0.0000       0.0002
8        0.0000      0.0000       0.0000   40815.8389
9    10595.0646      0.0000    5791.2796       0.0001
10       0.0000      0.0000       0.0000   45136.7963
11       0.0001   5845.5822       0.0000       0.0001
12    8096.1535      0.0000    5175.1416       0.0001
13       0.0000      0.0000       0.0000   47079.5898
14    7156.9230      0.0000    5325.8087       0.0001
15       0.0000   5942.8319       0.0000       0.0001
16   16014.4110      0.0000       0.0000    2452.2682
17    9790.7621      0.0000    4676.6866       0.0001
18   10172.9164      0.0000    5527.7603       0.0001
19       0.0001      0.0001       0.0000   38273.5949
20       0.0000   5938.2888       0.0000       0.0001
21    6413.6121      0.0000    5308.9728       0.0001
22       0.0000      0.0001       0.0000   38083.9877
23   15903.9611    443.3626       0.0000       0.0001
24       0.0000      0.0000       0.0000   42229.4852
25    7432.4465      0.0000    3591.3691       0.0000
26       0.0000   5384.6587       0.0000       0.0000
27    3097.5641      0.0000    3576.5265       0.0000
28    6685.1523     14.0715     663.7515       0.0000
29     692.8678      0.0000       0.0000   16745.7452
30       0.0000      0.0000       0.0000       0.0000
;

beta [*] :=
Cuarto  0.0073
Entero  0.1800
 Medio  0.0420
Octavo  0.0018
;

TInv [*,*] (tr)
:      Cuarto      Entero       Medio        Octavo      :=
1        0.0000      0.0000    3201.1318    3962.3436
2     6600.2597      0.0000       0.0000   14710.2274
3        0.0000      0.0000       0.0000   44674.0676
4    22109.6484      0.0000       0.0000       0.0000
5    25237.3888      0.0000       0.0000       0.0000
6        0.0000      0.0000   14344.6429       0.0000
7        0.0000   7200.0000       0.0000       0.0000
8        0.0000      0.0000       0.0000   38993.4746
9    10730.1101      0.0000    5943.3166       0.0000
10       0.0000      0.0000       0.0000   43384.6451
11       0.0000   5792.0707       0.0000       0.0000
12    8193.6846      0.0000    5279.7223       0.0000
13       0.0000      0.0000       0.0000   44372.7861
14    7447.3337      0.0000    5350.5229       0.0000
15       0.0000   5887.1950       0.0000       0.0000
16    7757.0840      0.0000       0.0000   16313.3457
17    8758.0089      0.0000    4687.5027       0.0000
18    9757.1912      0.0000    5546.4527       0.0000
19       0.0000      0.0000       0.0000   38273.5955
20       0.0000   5802.5558       0.0000       0.0000
21    7021.4510      0.0000    5378.3479       0.0000
22       0.0000      0.0000       0.0000   38083.9888
23   13666.4331    942.5606       0.0000       0.0000
24       0.0000      0.0000       0.0000   42542.8669
25    7266.7253      0.0000    3591.3690       0.0000
26       0.0000   5333.6743       0.0000       0.0000
27    3979.6237      0.0000    3500.5973       0.0000
28    5562.7190      0.0000    1145.6805       0.0000
29       0.0000      0.0000       0.0000   22014.9858
30       0.0000      0.0000       0.0000       0.0000
;

beta [*] :=
Cuarto  0.0078
Entero  0.1800
 Medio  0.0420
Octavo  0.0018
;

TInv [*,*] (tr)
:      Cuarto      Entero       Medio        Octavo      :=
1        0.0000      0.0000    3289.5558    4024.9577
2     6048.6578      0.0000       0.0000   16369.9281
3        0.0000      0.0000       0.0000   44837.9544
4    23005.7186      0.0000       0.0000       0.0000
5    25815.1590      0.0000       0.0000       0.0000
6        0.0000      0.0000   14344.6428       0.0000
7        0.0000   7200.0000       0.0000       0.0000
8        0.0001      0.0001       0.0001   36239.1608
9    11404.6769      0.0000    5968.1732       0.0000
10       0.0001      0.0000       0.0001   40647.2229
11       0.0000   5744.4197       0.0000       0.0000
12    9399.2877      0.0000    5300.2098       0.0000
13       0.0001      0.0000       0.0000   40028.0828
14    9018.1230      0.0000    5352.4173       0.0000
15       0.0000   5830.0205       0.0000       0.0000
16       0.0001      0.0000       0.0000   38972.0735
17    7807.3704      0.0000    4695.0495       0.0000
18    9834.2756      0.0000    5551.1359       0.0000
19       0.0001      0.0000       0.0000   38337.4535
20       0.0000   5674.7765       0.0000       0.0000
21    7158.0066      0.0000    5389.2637       0.0000
22       0.0000      0.0000       0.0000   38096.2533
23   11738.2430   1371.7656       0.0000       0.0000
24       0.0000      0.0000       0.0000   42726.6848
25    7196.5582      0.0000    3591.3690       0.0000
26       0.0000   5297.0839       0.0000       0.0000
27    4179.4385      0.0000    3458.1436       0.0000
28    7746.4114    225.0403       0.0000       0.0000
29       0.0000      0.0000       0.0000   20573.8708
30       0.0000      0.0000       0.0000       0.0000
;

beta [*] :=
Cuarto  0.0083
Entero  0.1800
 Medio  0.0420
Octavo  0.0018
;

TInv [*,*] (tr)
:      Cuarto      Entero       Medio        Octavo      :=
1        0.0000      0.0000    3368.2477    4082.0281
2     5560.1384      0.0000       0.0000   17768.6611
3        0.0000      0.0000       0.0000   45085.7152
4    23037.2691      0.0000       0.0000       0.0000
5    25887.4737      0.0000       0.0000       0.0000
6        0.0000      0.0000   14344.6548       0.0000
7        0.0000   7200.0000       0.0000       0.0000
8        0.0000      0.0000       0.0000   36239.2101
9    11541.0299      0.0000    5992.1591       0.0000
10       0.0000      0.0000       0.0000   40210.5128
11       0.0000   5705.0139       0.0000       0.0000
12    9788.7625      0.0000    5313.0734       0.0000
13       0.0000      0.0000       0.0000   39173.0785
14    9755.3253      0.0000    5351.6368       0.0000
15       0.0000   5791.9580       0.0000       0.0000
16       0.0000      0.0000       0.0000   38557.2657
17    7515.3687      0.0000    4691.1157       0.0000
18    9832.5144      0.0000    5557.2192       0.0000
19       0.0000      0.0000       0.0000   38316.8825
20       0.0000   5571.2541       0.0000       0.0000
21    7173.3488      0.0000    5413.8087       0.0000
22       0.0000      0.0000       0.0000   38110.4983
23   10056.7566   1745.2445       0.0000       0.0000
24       0.0000      0.0000       0.0000   42906.3049
25    7174.4291      0.0000    3591.3690       0.0000
26       0.0000   5248.8892       0.0000       0.0000
27    4663.8229      0.0000    3360.1683       0.0000
28    7185.9854    288.4907       0.0000       0.0000
29       0.0000      0.0000       0.0000   20094.2921
30       0.0000      0.0000       0.0000       0.0000
;

beta [*] :=
Cuarto  0.0088
Entero  0.1800
 Medio  0.0420
Octavo  0.0018
;

TInv [*,*] (tr)
:      Cuarto      Entero       Medio        Octavo      :=
1        0.0000      0.0000    3452.0437    4150.8366
2     5125.4509      0.0000       0.0000   19176.0921
3        0.0000      0.0000       0.0000   45138.3478
4    23074.0912      0.0000       0.0000       0.0000
5    25922.6207      0.0000       0.0000       0.0000
6        0.0000      0.0000   14346.6476       0.0000
7        0.0000   7200.0000       0.0000       0.0000
8        0.0000      0.0000       0.0000   36239.1573
9    11590.4767      0.0000    5995.1215       0.0000
10       0.0000      0.0000       0.0000   40099.3100
11       0.0000   5657.3223       0.0000       0.0000
12    9905.1304      0.0000    5314.1489       0.0000
13       0.0000      0.0000       0.0000   39053.4258
14    9928.1204      0.0000    5354.4754       0.0000
15       0.0000   5749.3489       0.0000       0.0000
16       0.0000      0.0000       0.0000   38541.5855
17    7536.6089      0.0000    4691.0953       0.0000
18    9857.7079      0.0000    5556.6483       0.0000
19       0.0000      0.0000       0.0000   38317.4640
20       0.0000   5425.7355       0.0000       0.0000
21    7190.3300      0.0000    5412.3934       0.0000
22       0.0000      0.0000       0.0000   38110.2590
23    7658.3337   2238.2691       0.0000       0.0000
24       0.0000      0.0000       0.0000   42957.5986
25    6619.4581      0.0000    3591.3690       0.0000
26       0.0000   4944.4130       0.0000       0.0000
27    5251.3862      0.0000    3328.5755       0.0000
28    6355.6381    478.2929       0.0000       0.0000
29       0.0000      0.0000       0.0000   19660.0873
30       0.0000      0.0000       0.0000       0.0000
;

beta [*] :=
Cuarto  0.0094
Entero  0.1800
 Medio  0.0420
Octavo  0.0018
;

TInv [*,*] (tr)
:      Cuarto      Entero       Medio        Octavo      :=
1        0.0000      0.0000    3501.8495    4180.4544
2     4733.2479      0.0000       0.0000   20477.3575
3        0.0000      0.0000       0.0000   45226.0223
4    23832.5855      0.0000       0.0000       0.0000
5    26407.6189      0.0000       0.0000       0.0000
6        0.0000      0.0000   13981.0458       0.0000
7        0.0000   7200.0000       0.0000       0.0000
8        0.0000      0.0000       0.0000   36206.9456
9    12349.7897      0.0000    5650.8291       0.0000
10       0.0000      0.0000       0.0000   40017.5737
11       0.0000   5657.6825       0.0000       0.0000
12   11313.2257      0.0000    4724.0133       0.0000
13       0.0000      0.0000       0.0000   38980.0780
14   11203.9547      0.0000    4863.3705       0.0000
15       0.0000   5749.4144       0.0000       0.0000
16       0.0000      0.0000       0.0000   38496.8993
17   10041.8280      0.0000    3632.9288       0.0000
18   11523.9933      0.0000    4824.3444       0.0000
19       0.0000      0.0000       0.0000   38273.5995
20       0.0000   5361.8062       0.0000       0.0000
21   10638.7082      0.0000    3678.0694       0.0000
22       0.0000      0.0000       0.0000   37845.8484
23       0.0000   2493.2795    3451.8265       0.0000
24       0.0000      0.0000       0.0000   42728.1062
25    6911.7164      0.0000    3566.2025       0.0000
26       0.0000   4850.3523       0.0000     680.5928
27    5679.3976      0.0000    3259.9075       0.0000
28    5769.1501    577.9325       0.0000       0.0000
29       0.0000      0.0000       0.0000   19243.9106
30       0.0000      0.0000       0.0000       0.0000
;

beta [*] :=
Cuarto  0.0099
Entero  0.1800
 Medio  0.0420
Octavo  0.0018
;

TInv [*,*] (tr)
:      Cuarto      Entero       Medio        Octavo      :=
1        0.0000      0.0000    3559.1273    4223.5019
2     4380.2277      0.0000       0.0000   21648.9637
3        0.0000      0.0000       0.0000   45237.8075
4    23857.1862      0.0000       0.0000       0.0000
5    26423.0511      0.0000       0.0000       0.0000
6        0.0000      0.0000   13981.0460       0.0000
7        0.0000   7200.0000       0.0000       0.0000
8        0.0000      0.0000       0.0000   36206.9422
9    12352.6668      0.0000    5646.8227       0.0000
10       0.0000      0.0000       0.0000   40012.8448
11       0.0000   5656.9539       0.0000       0.0000
12   11348.2885      0.0000    4717.7479       0.0000
13       0.0000      0.0000       0.0000   38980.2236
14   11238.1423      0.0000    4866.3190       0.0000
15       0.0000   5749.1185       0.0000       0.0000
16       0.0000      0.0000       0.0000   38496.4135
17   10104.5819      0.0000    3636.7082       0.0000
18   11550.4484      0.0000    4826.9410       0.0000
19       0.0000      0.0000       0.0000   38273.7985
20       0.0000   5361.8062       0.0000       0.0000
21   10735.9059      0.0000    3667.3799       0.0000
22       0.0000      0.0000       0.0000   37319.2015
23       0.0000   2492.8501    3453.0414       0.0000
24       0.0000      0.0000       0.0000   42083.7805
25    7177.8593      0.0000    3516.9940       0.0000
26       0.0000   4523.4820       0.0000    2265.3942
27    6194.8108      0.0000    3252.6473       0.0000
28    5006.4798    764.2432       0.0000       0.0000
29       0.0000      0.0000       0.0000   18844.6394
30       0.0000      0.0000       0.0000       0.0000
;

beta [*] :=
Cuarto  0.0104
Entero  0.1800
 Medio  0.0420
Octavo  0.0018
;

TInv [*,*] (tr)
:      Cuarto      Entero       Medio        Octavo      :=
1        0.0000      0.0000    3583.1464    4229.1694
2     4058.1808      0.0000       0.0000   22736.8867
3        0.0000      0.0000       0.0000   45180.9044
4    23684.7153      0.1084      51.4139       0.0000
5    26432.5108      0.0000       0.0000       0.0000
6        0.0000      0.0000   13981.0460       0.0000
7        0.0000   7200.0000       0.0000       0.0000
8        0.0000      0.0000       0.0000   36206.9422
9    12315.2223      0.0000    5645.9559       0.0000
10       0.0000      0.0000       0.0000   40014.1798
11       0.0000   5659.6492       0.0000       0.0000
12   11338.8856      0.0000    4744.2857       0.0000
13       0.0000      0.0000       0.0000   38970.6437
14   11245.0008      0.0000    4868.7467       0.0000
15       0.0000   5746.8042       0.0000       0.0000
16       0.0000      0.0000       0.0000   38446.8588
17   10123.2027      0.0000    3647.4236       0.0000
18   11541.4855      0.0000    4827.7286       0.0000
19       0.0000      0.0000       0.0000   38291.7476
20       0.0000   5361.8062       0.0000       0.0000
21   10753.9103      0.0000    3670.8391       0.0000
22       0.0000      0.0000       0.0000   36930.9131
23       0.0000   2491.9064    3452.7819       0.0000
24       0.0000      0.0000       0.0000   41603.7929
25    7178.9663      0.0000    3479.4941       0.0000
26       0.0000   4185.0488       0.0000    3448.8304
27    6677.8017      0.0000    3256.7319       0.0000
28    4291.5892    948.3976       0.0000       0.0000
29       0.0000      0.0000       0.0000   18461.2749
30       0.0000      0.0000       0.0000       0.0000
;

beta [*] :=
Cuarto  0.0109
Entero  0.1800
 Medio  0.0420
Octavo  0.0018
;

TInv [*,*] (tr)
:      Cuarto      Entero       Medio        Octavo      :=
1        0.0000      0.0000    3447.1195    4049.0472
2     3755.3792      0.0000       0.0000   23803.6439
3        0.0000      0.0000       0.0000   45166.3049
4    15755.5469   1750.5106     169.9962       0.0000
5    26293.9119      0.0000       0.0000       0.0000
6        0.0000      0.0000   13961.9048       0.0000
7        0.0000   7200.0000       0.0000       0.0000
8        0.0000      0.0000       0.0000   36206.9422
9    12003.5927      0.0000    5625.0105       0.0000
10       0.0000      0.0000       0.0000   40113.5666
11       0.0000   5740.1603       0.0000       0.0000
12   10947.2843      0.0000    4739.5468       0.0000
13       0.0000      0.0000       0.0000   39160.9778
14   11006.1911      0.0000    4860.0754       0.0000
15       0.0000   5797.0380       0.0000       0.0000
16       0.0000      0.0000       0.0000   38667.1345
17    9813.4873      0.0000    3643.8779       0.0000
18   11337.0389      0.0000    4807.5597       0.0000
19       0.0000      0.0000       0.0000   38267.1284
20       0.0000   5414.8267       0.0000       0.0000
21   10751.6120      0.0000    3588.7762       0.0000
22       0.0000      0.0000       0.0000   36589.6095
23       0.0000   2314.2631    3710.8957       0.0000
24       0.0000      0.0000       0.0000   41099.1032
25    7179.9679      0.0000    3445.6562       0.0000
26       0.0000   3886.5273       0.0000    4475.7938
27    7107.0790      0.0000    3259.1725       0.0000
28    3660.2082   1108.5764       0.0000       0.0000
29       0.0000      0.0000       0.0000   18092.8763
30       0.0000      0.0000       0.0000       0.0000
;

beta [*] :=
Cuarto  0.0114
Entero  0.1800
 Medio  0.0420
Octavo  0.0018
;

TInv [*,*] (tr)
:      Cuarto      Entero       Medio        Octavo      :=
1        0.0000      0.0000    3702.2573    4332.8556
2     3501.1408      0.0000       0.0000   24564.3479
3        0.0000      0.0000       0.0000   45148.5761
4        0.0000   6374.4091       0.0000       0.0000
5    25214.6635      0.0000       0.0000       0.0000
6        0.0000      0.0000   13961.9048       0.0000
7        0.0000   7200.0000       0.0000       0.0000
8        0.0000      0.0000       0.0000   36206.9424
9    10456.2465      0.0000    5627.2299       0.0000
10       0.0000      0.0000       0.0000   40074.5318
11       0.0000   6259.3030       0.0000       0.0000
12    8869.2406      0.0000    4703.9884       0.0000
13       0.0000      0.0000       0.0000   39085.5780
14    9559.5009      0.0000    4845.3068       0.0000
15       0.0000   6243.2401       0.0000       0.0000
16       0.0000      0.0000       0.0000   38598.6349
17    7468.2314      0.0000    3602.6710       0.0000
18    9809.3388      0.0000    4800.2955       0.0000
19       0.0000      0.0000       0.0000   38259.6355
20       0.0000   5996.3938       0.0000       0.0000
21    7996.4873      0.0000    3591.1415       0.0000
22       0.0000      0.0000       0.0000   36034.5382
23    5577.2732      0.0000    4780.3527       0.0000
24       0.0000      0.0000       0.0000   40232.8689
25    7395.5803      0.0000    3582.8744       0.0000
26       0.0000   3597.3646       0.0000    6137.9132
27    7876.1309      0.0000    3238.8437       0.0000
28    2916.8625   1278.7555       0.0000       0.0000
29       0.0000      0.0000       0.0000   17738.5805
30       0.0000      0.0000       0.0000       0.0000
;

beta [*] :=
Cuarto  0.0120
Entero  0.1800
 Medio  0.0420
Octavo  0.0018
;

TInv [*,*] (tr)
:      Cuarto      Entero       Medio        Octavo      :=
1        0.0000      0.0000    3689.5762    4303.6983
2     3253.0529      0.0000       0.0000   25398.5630
3        0.0000      0.0000       0.0000   45202.6789
4        0.0000   6443.7153       0.0000       0.0000
5    24743.5892      0.0000       0.0000       0.0000
6        0.0000      0.0000   13961.9048       0.0000
7        0.0000   7200.0000       0.0000       0.0000
8        0.0000      0.0000       0.0000   36206.9422
9    10400.1741      0.0000    5624.5244       0.0000
10       0.0000      0.0000       0.0000   40030.4891
11       0.0000   6293.3094       0.0000       0.0000
12    8811.0282      0.0000    4689.3339       0.0000
13       0.0000      0.0000       0.0000   39003.2850
14    9565.0552      0.0000    4841.8159       0.0000
15       0.0000   6274.6384       0.0000       0.0000
16       0.0000      0.0000       0.0000   38513.2596
17    7776.4834      0.0000    3593.8400       0.0000
18   10011.9100      0.0000    4798.4613       0.0000
19       0.0000      0.0000       0.0000   38271.8285
20       0.0000   6076.8052       0.0000       0.0000
21    8547.7726      0.0000    3591.3744       0.0000
22       0.0000      0.0000       0.0000   35118.9815
23    4365.5469      0.0000    5905.2249       0.0000
24       0.0000      0.0000       0.0000   39113.9325
25    7759.8527      0.0000    3845.0265       0.0000
26       0.0000   2883.7067       0.0000    8886.6429
27    8384.1700      0.0000    3516.7026       0.0000
28    2005.0881   1673.9639       0.0000       0.0000
29       0.0000      0.0000       0.0000   17398.0855
30       0.0000      0.0000       0.0000       0.0000
;

beta [*] :=
Cuarto  0.0125
Entero  0.1800
 Medio  0.0420
Octavo  0.0018
;

TInv [*,*] (tr)
:      Cuarto      Entero       Medio        Octavo      :=
1        0.0000      0.0000    3363.7012    2536.4855
2     7158.7224   1326.7360       0.0000    5527.9912
3        0.0000      0.0000       0.0000   40071.1697
4        0.0000      0.0000    6049.4918   21391.6795
5    25681.9671      0.0000       0.0000       0.0000
6        0.0000      0.0000   14082.9145       0.0000
7        0.0000   7200.0000       0.0000       0.0000
8        0.0000      0.0000       0.0000   36206.9422
9    11037.8042      0.0000    5878.3704       0.0000
10       0.0000      0.0000       0.0000   40025.8026
11       0.0000   5886.8502       0.0000       0.0000
12    9640.2279      0.0000    5042.1011       0.0000
13       0.0000      0.0000       0.0000   39006.5854
14   10218.3361      0.0000    5047.2355       0.0000
15       0.0000   5742.5377       0.0000       0.0000
16       0.0000      0.0000       0.0000   38523.5293
17    9101.2821      0.0000    3817.6735       0.0000
18   11011.1622      0.0000    4910.7121       0.0000
19       0.0000      0.0000       0.0000   38268.7172
20       0.0000   5222.4172       0.0000       0.0000
21   10614.7142      0.0000    3803.1263       0.0000
22       0.0000      0.0000       0.0000   34686.5660
23       0.0000   2999.6488    2610.8115       0.0000
24       0.0000      0.0000       0.0000   38195.3171
25    8197.9388      0.0000    3242.9083       0.0000
26       0.0000   2205.8219       0.0000   10144.8125
27    9175.0287      0.0000    3255.1397       0.0000
28       0.0000   2023.9928       0.0000       0.0000
29       0.0000      0.0000       0.0000   14543.9070
30       0.0000      0.0000       0.0000       0.0000
;

beta [*] :=
Cuarto  0.0130
Entero  0.1800
 Medio  0.0420
Octavo  0.0018
;

TInv [*,*] (tr)
:      Cuarto      Entero       Medio        Octavo      :=
1        0.0000      0.0000    3371.0082    1963.0745
2     6525.3767      0.0000       0.0000   15988.2861
3        0.0000      0.0000       0.0000   40745.1578
4        0.0000      0.0000    6049.4918   22059.5445
5    21704.3002   1050.2601       0.0000       0.0000
6        0.0000      0.0000   14043.0647       0.0000
7        0.0000   7200.0000       0.0000       0.0000
8        0.0000      0.0000       0.0000   36571.7101
9    10606.3628      0.0000    5945.3691       0.0000
10       0.0000      0.0000       0.0000   40319.6474
11       0.0000   5682.7177       0.0000       0.0000
12    9288.3412      0.0000    5186.2089       0.0000
13       0.0000      0.0000       0.0000   39332.4926
14   10029.2112      0.0000    5187.4766       0.0000
15       0.0000   5749.4361       0.0000       0.0000
16       0.0000      0.0000       0.0000   38911.2186
17    9026.2236      0.0000    4121.2159       0.0000
18   10960.5800      0.0000    5135.5097       0.0000
19       0.0000      0.0000       0.0000   38273.2293
20       0.0000   5222.4172       0.0000       0.0000
21   10718.9333      0.0000    4169.7401       0.0000
22       0.0000      0.0000       0.0000   34686.5660
23       0.0000   3038.7183    2694.1181       0.0000
24       0.0000      0.0000       0.0000   38200.5025
25    8365.3200      0.0000    3242.9083       0.0000
26       0.0000   2205.8219       0.0000   10153.3525
27    9295.9501      0.0000    3255.1397       0.0000
28       0.0000   2023.9944       0.0000       0.0000
29       0.0000      0.0000       0.0000   15388.1463
30       0.0000      0.0000       0.0000       0.0000
;

beta [*] :=
Cuarto  0.0135
Entero  0.1800
 Medio  0.0420
Octavo  0.0018
;

TInv [*,*] (tr)
:      Cuarto      Entero       Medio        Octavo      :=
1        0.0000      0.0000    3401.0003    2060.7192
2     6010.5007      0.0000       0.0000   17344.7842
3        0.0000      0.0000       0.0000   40877.0570
4        0.0000      0.0000    6049.4918   22170.2752
5    18492.0135   1898.8346       0.0000       0.0000
6        0.0000      0.0000   14042.0628       0.0000
7        0.0000   7200.0000       0.0000       0.0000
8        0.0000      0.0000       0.0000   36671.4077
9    10201.7665      0.0000    5960.9555       0.0000
10       0.0000      0.0000       0.0000   40396.6652
11       0.0000   5700.0994       0.0000       0.0000
12    8993.3488      0.0000    5217.5609       0.0000
13       0.0000      0.0000       0.0000   39411.0268
14    9870.2602      0.0000    5205.5029       0.0000
15       0.0000   5746.9478       0.0000       0.0000
16       0.0000      0.0000       0.0000   38974.2357
17    8967.9707      0.0000    4147.9420       0.0000
18   10919.7298      0.0000    5157.8929       0.0000
19       0.0000      0.0000       0.0000   38274.2842
20       0.0000   5222.4172       0.0000       0.0000
21   10754.3255      0.0000    4181.2021       0.0000
22       0.0000      0.0000       0.0000   34686.5214
23       0.0000   3049.2111    2656.1515       0.0000
24       0.0000      0.0000       0.0000   38184.9741
25    8524.1594      0.0000    3242.9119       0.0000
26       0.0000   2205.8024       0.0000   10152.7876
27    9501.9756      0.0000    3255.1457       0.0000
28       0.0000   2024.1297       0.0000       0.0000
29       0.0000      0.0000       0.0000   16188.9628
30       0.0000      0.0000       0.0000       0.0000
;

beta [*] :=
Cuarto  0.0140
Entero  0.1800
 Medio  0.0420
Octavo  0.0018
;

TInv [*,*] (tr)
:      Cuarto      Entero       Medio        Octavo      :=
1        0.0000      0.0000    3428.9113    2152.5086
2     5537.7822      0.0000       0.0000   18686.7023
3        0.0000      0.0000       0.0000   41059.2604
4        0.0000      0.0000    5948.6154   22257.4063
5    12908.3846   3391.1220       0.0000       0.0000
6        0.0000      0.0000   13967.7405       0.0000
7        0.0000   7200.0000       0.0000       0.0000
8        0.0000      0.0000       0.0000   36734.0235
9     9576.4904      0.0000    5863.2175       0.0000
10       0.0000      0.0000       0.0000   40451.1138
11       0.0000   5846.8263       0.0000       0.0000
12    8674.5726      0.0000    5040.8022       0.0000
13       0.0000      0.0000       0.0000   39462.3949
14    9655.9511      0.0000    5055.7230       0.0000
15       0.0000   5853.7051       0.0000       0.0000
16       0.0000      0.0000       0.0000   39025.6964
17    8893.7195      0.0000    3828.0079       0.0000
18   10861.4304      0.0000    4951.3868       0.0000
19       0.0000      0.0000       0.0000   38275.7734
20       0.0000   5440.7781       0.0000       0.0000
21   10758.0786      0.0000    3668.2495       0.0000
22       0.0000      0.0000       0.0000   34686.5217
23       0.0000   2341.9435    3687.1519       0.0000
24       0.0000      0.0000       0.0000   38196.8219
25    8577.6781      0.0000    3242.9119       0.0000
26       0.0000   2205.8027       0.0000   10150.1491
27    9581.5467      0.0000    3255.1456       0.0000
28       0.0000   2024.0245       0.0000       0.0000
29       0.0000      0.0000       0.0000   16291.8753
30       0.0000      0.0000       0.0000       0.0000
;

beta [*] :=
Cuarto  0.0146
Entero  0.1800
 Medio  0.0420
Octavo  0.0018
;

TInv [*,*] (tr)
:      Cuarto      Entero       Medio        Octavo      :=
1        0.0000      0.0000    3454.9481    2238.9461
2     5102.2355      0.0000       0.0000   19939.1046
3        0.0000      0.0000       0.0000   41253.2076
4        0.0000      0.0000    5923.5902   22357.3993
5    11327.1513   3853.2888       0.0000       0.0000
6        0.0000      0.0000   13954.1080       0.0000
7        0.0000   7200.0000       0.0000       0.0000
8        0.0000      0.0000       0.0000   36822.2176
9     9572.8880      0.0000    5835.3561       0.0000
10       0.0000      0.0000       0.0000   40519.5633
11       0.0000   5902.7193       0.0000       0.0000
12    8681.2506      0.0000    4986.3616       0.0000
13       0.0000      0.0000       0.0000   39530.2837
14    9658.6319      0.0000    5013.3522       0.0000
15       0.0000   5882.5808       0.0000       0.0000
16       0.0000      0.0000       0.0000   39075.8126
17    8897.1286      0.0000    3758.8144       0.0000
18   10856.4167      0.0000    4908.3316       0.0000
19       0.0000      0.0000       0.0000   38274.6277
20       0.0000   5496.5543       0.0000       0.0000
21   10759.5999      0.0000    3591.6022       0.0000
22       0.0000      0.0000       0.0000   34686.0446
23       0.0000   2158.9614    3961.5396       0.0000
24       0.0000      0.0000       0.0000   38154.5609
25    8579.9038      0.0000    3242.9553       0.0000
26       0.0000   2205.5613       0.0000   10151.6541
27    9571.0010      0.0000    3255.2361       0.0000
28       0.0000   2023.8227       0.0000       0.0000
29       0.0000      0.0000       0.0000   16066.3109
30       0.0000      0.0000       0.0000       0.0000
;

beta [*] :=
Cuarto  0.0151
Entero  0.1800
 Medio  0.0420
Octavo  0.0018
;

TInv [*,*] (tr)
:      Cuarto      Entero       Medio        Octavo      :=
1        0.0000      0.0000    3479.2912    2320.3641
2     4699.6326      0.0000       0.0000   21092.0199
3        0.0000      0.0000       0.0000   41398.0169
4        0.0000      0.0000    5923.5902   22432.3395
5     9691.1722   4331.3560       0.0000       0.0000
6        0.0000      0.0000   13952.3028       0.0000
7        0.0000   7200.0000       0.0000       0.0000
8        0.0000      0.0000       0.0000   36880.2535
9     9572.1219      0.0000    5833.6719       0.0000
10       0.0000      0.0000       0.0000   40567.3235
11       0.0000   5966.7412       0.0000       0.0000
12    8687.4669      0.0000    4981.4215       0.0000
13       0.0000      0.0000       0.0000   39574.5582
14    9664.8359      0.0000    5013.8699       0.0000
15       0.0000   5946.6354       0.0000       0.0000
16       0.0000      0.0000       0.0000   39118.4105
17    8900.6054      0.0000    3759.4778       0.0000
18   10859.1547      0.0000    4908.9625       0.0000
19       0.0000      0.0000       0.0000   38274.8882
20       0.0000   5589.3398       0.0000       0.0000
21   10764.3130      0.0000    3591.4893       0.0000
22       0.0000      0.0000       0.0000   34409.1230
23       0.0000   1851.3305    4804.9059       0.0000
24       0.0000      0.0000       0.0000   37764.1998
25    8581.9761      0.0000    3545.6198       0.0000
26       0.0000   2329.7161       0.0000   10997.6739
27    9574.3970      0.0000    3211.7923       0.0000
28       0.0000   1986.3925       0.0000       0.0000
29       0.0000      0.0000       0.0000   15856.8953
30       0.0000      0.0000       0.0000       0.0000
;

beta [*] :=
Cuarto  0.0156
Entero  0.1800
 Medio  0.0420
Octavo  0.0018
;

TInv [*,*] (tr)
:      Cuarto      Entero       Medio        Octavo      :=
1        0.0001      0.0000    3502.0992    2397.2211
2     4326.3720      0.0000       0.0000   22157.2435
3        0.0001      0.0000       0.0000   41572.1822
4        0.0001      0.0000    5923.5902   22515.2873
5     8115.6178   4791.7389       0.0000       0.0000
6        0.0001      0.0000   13953.6061       0.0001
7        0.0000   7200.0000       0.0000       0.0000
8        0.0000      0.0000       0.0000   36950.2152
9     9572.0620      0.0000    5832.5262       0.0000
10       0.0000      0.0000       0.0000   40621.2872
11       0.0000   6028.2560       0.0000       0.0000
12    8693.2692      0.0001    4974.6847       0.0003
13       0.0000      0.0000       0.0000   39625.5680
14    9666.1528      0.0001    5008.2079       0.0002
15       0.0000   5995.0632       0.0000       0.0000
16       0.0000      0.0000       0.0000   39160.3757
17    8903.2216      0.0000    3752.2509       0.0001
18   10860.9357      0.0000    4906.6129       0.0001
19       0.0000      0.0000       0.0000   38274.6890
20       0.0000   5670.8242       0.0000       0.0000
21   10765.0275      0.0000    3591.4307       0.0000
22       0.0000      0.0000       0.0000   34137.0189
23       0.0000   1522.1518    5742.8327       0.0000
24       0.0000      0.0000       0.0000   37369.6401
25    8583.9102      0.0000    3826.8409       0.0000
26       0.0000   2117.1086       0.0001   11813.2242
27    9575.5690      0.0000    3555.8495       0.0000
28       0.0000   2136.2645       0.0000       0.0000
29       0.0000      0.0000       0.0000   15661.9139
30       0.0000      0.0000       0.0000       0.0000
;

beta [*] :=
Cuarto  0.0161
Entero  0.1800
 Medio  0.0420
Octavo  0.0018
;

TInv [*,*] (tr)
:      Cuarto      Entero       Medio        Octavo      :=
1        0.0000      0.0000    3523.5117    2469.8750
2     3979.3564      0.0000       0.0000   23167.8852
3        0.0000      0.0000       0.0000   41706.1005
4        0.0000      0.0000    5923.5902   22564.0412
5     7451.3159   4994.3246       0.0000       0.0000
6        0.0000      0.0000   13955.1209       0.0000
7        0.0000   7200.0000       0.0000       0.0000
8        0.0000      0.0000       0.0000   37015.3915
9     9572.8598      0.0000    5833.7911       0.0000
10       0.0000      0.0000       0.0000   40660.3991
11       0.0000   6037.8579       0.0000       0.0000
12    8795.9115      0.0000    4992.8920       0.0000
13       0.0000      0.0000       0.0000   39655.5226
14    9755.3570      0.0000    5017.5060       0.0000
15       0.0000   5994.7807       0.0000       0.0000
16       0.0000      0.0000       0.0000   39174.0939
17    9013.7678      0.0000    3767.4273       0.0000
18   10936.2051      0.0000    4908.1457       0.0000
19       0.0000      0.0000       0.0000   38264.6725
20       0.0000   5659.2529       0.0000       0.0000
21   10839.5753      0.0000    3590.0641       0.0000
22       0.0000      0.0000       0.0000   34137.0192
23       0.0000    225.6491    9145.0869       0.0000
24       0.0000      0.0000       0.0000   37360.1284
25    5366.5795      0.0000    2598.0621       0.0000
26       0.0000   2117.1086       0.0000   11812.0697
27    9569.1152      0.0000    3587.0733       0.0000
28       0.0000   2143.9158       0.0000       0.0000
29       0.0000      0.0000       0.0000   15479.9466
30       0.0000      0.0000       0.0000       0.0000
;

beta [*] :=
Cuarto  0.0166
Entero  0.1800
 Medio  0.0420
Octavo  0.0018
;

TInv [*,*] (tr)
:      Cuarto      Entero       Medio        Octavo      :=
1        0.0000      0.0000    3543.6518    2538.6346
2     3655.9148      0.0000       0.0000   24078.1107
3        0.0000      0.0000       0.0000   41867.4963
4        0.0000      0.0000    5923.5902   22649.3985
5     6953.7400   5160.6073       0.0000       0.0000
6        0.0000      0.0000   13957.5534       0.0000
7        0.0000   7200.0000       0.0000       0.0000
8        0.0000      0.0000       0.0000   37086.9185
9     9573.7079      0.0000    5835.1002       0.0000
10       0.0000      0.0000       0.0000   40717.5653
11       0.0000   6039.3540       0.0000       0.0000
12    8807.2636      0.0000    4982.0508       0.0000
13       0.0000      0.0000       0.0000   39712.2830
14    9771.3783      0.0000    5007.5701       0.0000
15       0.0000   5993.7211       0.0000       0.0000
16       0.0000      0.0000       0.0000   39232.6644
17    9054.5379      0.0000    3753.3033       0.0000
18   10958.3295      0.0000    4906.6609       0.0000
19       0.0000      0.0000       0.0000   38274.2939
20       0.0000   5782.5724       0.0000       0.0000
21   10862.8905      0.0000    3591.3995       0.0000
22       0.0000      0.0000       0.0000   34137.0192
23       0.0000    185.1654    9285.8742       0.0000
24       0.0000      0.0000       0.0000   37327.0234
25    5357.8813      0.0000    3095.2337       0.0000
26       0.0000   2117.1086       0.0000   11807.1382
27    9583.9310      0.0000    3590.0977       0.0000
28       0.0000   2143.9158       0.0000       0.0000
29       0.0000      0.0000       0.0000   15309.7501
30       0.0000      0.0000       0.0000       0.0000
;

beta [*] :=
Cuarto  0.0172
Entero  0.1800
 Medio  0.0420
Octavo  0.0018
;

TInv [*,*] (tr)
:      Cuarto      Entero       Medio        Octavo      :=
1        0.0000      0.0000    3562.6290    2603.7919
2     3353.7254      0.0000       0.0000   25194.5773
3        0.0000      0.0000       0.0000   42262.6058
4        0.0000      0.0000    5923.5902   22690.8926
5     6891.6377   5181.7064       0.0000       0.0000
6        0.0000      0.0000   13945.5462       0.0000
7        0.0000   7200.0000       0.0000       0.0000
8        0.0000      0.0000       0.0000   37565.1312
9     9574.5047      0.0000    5834.0739       0.0000
10       0.0000      0.0000       0.0000   41036.9532
11       0.0000   5999.0805       0.0000       0.0000
12    9421.5326      0.0000    5025.5768       0.0000
13       0.0000      0.0000       0.0000   40020.1953
14   10275.0318      0.0000    5018.7349       0.0000
15       0.0000   5941.8756       0.0000       0.0000
16       0.0000      0.0000       0.0000   39372.5791
17    9757.5421      0.0000    3786.1457       0.0000
18   11496.9611      0.0000    4902.4431       0.0000
19       0.0000      0.0000       0.0000   38200.7935
20       0.0000   5626.3476       0.0000       0.0000
21   11560.5328      0.0000    3572.0894       0.0000
22       0.0000    765.5596       0.0000   24129.5102
23       0.0000      0.0000   10381.3107       0.0000
24       0.0000      0.0000       0.0000   33325.6997
25       0.0000   4270.7158     574.8541       0.0000
26       0.0000      0.0000       0.0000   35853.7316
27    9346.1189      0.0000    2676.9464       0.0000
28       0.0000   2297.0857    1561.6641       0.0000
29       0.0000      0.0000       0.0000   20172.5595
30       0.0000      0.0000       0.0000       0.0000
;

beta [*] :=
Cuarto  0.0177
Entero  0.1800
 Medio  0.0420
Octavo  0.0018
;

TInv [*,*] (tr)
:      Cuarto      Entero       Medio        Octavo      :=
1        0.0000      0.0000    3580.5405    2665.6127
2     3070.7626      0.0000       0.0000   25818.0302
3        0.0000      0.0000       0.0000   42195.4364
4        0.0000      0.0000    5901.7564   22736.9127
5     6375.0551   5354.2756       0.0000       0.0000
6        0.0000      0.0000   13933.9981       0.0000
7        0.0000   7200.0000       0.0000       0.0000
8        0.0000      0.0000       0.0000   37378.1417
9     9575.2545      0.0000    5806.5130       0.0000
10       0.0000      0.0000       0.0000   40922.6908
11       0.0000   6018.2297       0.0000       0.0000
12    9426.7817      0.0000    4955.2263       0.0000
13       0.0000      0.0000       0.0000   39912.8208
14   10318.5161      0.0000    4976.8331       0.0000
15       0.0000   5960.0401       0.0000       0.0000
16       0.0000      0.0000       0.0000   39343.2641
17    9956.4889      0.0000    3694.3659       0.0000
18   11613.6889      0.0000    4863.7673       0.0000
19       0.0000      0.0000       0.0000   38243.2846
20       0.0000   5645.8437       0.0000       0.0000
21   11750.5130      0.0000    3383.7452       0.0000
22       0.0000    618.4816       0.0000   24191.9056
23       0.0000      0.0000   10381.3107       0.0000
24       0.0000      0.0000       0.0000   33040.8782
25       0.0000   4270.7158     682.8555       0.0000
26       0.0000      0.0000       0.0000   35640.7838
27    9520.4696      0.0000    2664.6737       0.0000
28       0.0000   2311.1265    1110.5313       0.0000
29       0.0000      0.0000       0.0000   19493.3710
30       0.0000      0.0000       0.0000       0.0000
;

beta [*] :=
Cuarto  0.0182
Entero  0.1800
 Medio  0.0420
Octavo  0.0018
;

TInv [*,*] (tr)
:      Cuarto      Entero       Medio        Octavo      :=
1        0.0000      0.0000    3597.4730    2724.3387
2     2805.2510      0.0000       0.0000   26517.3174
3        0.0000      0.0000       0.0000   42224.8283
4        0.0000      0.0000    5879.5542   22798.9042
5     5884.2108   5518.2438       0.0000       0.0000
6        0.0000      0.0000   13919.3980       0.0000
7        0.0000   7200.0000       0.0000       0.0000
8        0.0000      0.0000       0.0000   37291.4083
9     9575.9615      0.0000    5776.8951       0.0000
10       0.0000      0.0000       0.0000   40869.0891
11       0.0000   6041.2363       0.0000       0.0000
12    9431.7308      0.0000    4900.2835       0.0000
13       0.0000      0.0000       0.0000   39853.1114
14   10341.7305      0.0000    4946.4719       0.0000
15       0.0000   5983.6190       0.0000       0.0000
16       0.0000      0.0000       0.0000   39333.9227
17   10035.8255      0.0000    3640.9441       0.0000
18   11672.6533      0.0000    4832.5131       0.0000
19       0.0000      0.0000       0.0000   38269.4690
20       0.0000   5692.5932       0.0000       0.0000
21   11889.4091      0.0000    3166.2385       0.0000
22       0.0000    464.6303       0.0000   24246.9244
23       0.0000      0.0000   10381.3162       0.0000
24       0.0000      0.0000       0.0000   32891.3442
25       0.0000   4270.7206     758.1741       0.0000
26       0.0000      0.0000       0.0000   35663.2487
27    9575.9615      0.0000    2658.2432       0.0000
28       0.0000   2318.5684     821.3154       0.0000
29       0.0000      0.0000       0.0000   18927.1605
30       0.0000      0.0000       0.0000       0.0000
;

beta [*] :=
Cuarto  0.0187
Entero  0.1800
 Medio  0.0420
Octavo  0.0018
;

TInv [*,*] (tr)
:      Cuarto      Entero       Medio        Octavo      :=
1        0.0000      0.0000    3613.5042    2780.1896
2     2555.6270      0.0000       0.0000   27225.2272
3        0.0000      0.0000       0.0000   42301.9408
4        0.0000      0.0000    5879.5519   22849.7377
5     5503.9046   5645.3464       0.0000       0.0000
6        0.0000      0.0000   13920.3483       0.0000
7        0.0000   7200.0000       0.0000       0.0000
8        0.0000      0.0000       0.0000   37304.3065
9     9576.6293      0.0000    5773.7510       0.0000
10       0.0000      0.0000       0.0000   40884.3093
11       0.0000   6051.8784       0.0000       0.0000
12    9436.4049      0.0000    4891.1202       0.0000
13       0.0000      0.0000       0.0000   39863.2626
14   10346.2244      0.0000    4945.0224       0.0000
15       0.0000   5992.2931       0.0000       0.0000
16       0.0000      0.0000       0.0000   39354.0772
17   10041.5665      0.0000    3639.4918       0.0000
18   11682.7812      0.0000    4833.1254       0.0000
19       0.0000      0.0000       0.0000   38274.0035
20       0.0000   5703.8428       0.0000       0.0000
21   11930.4231      0.0000    3150.6936       0.0000
22       0.0000    439.0212       0.0203   24337.9267
23       0.0000      0.0000   10381.3155       0.0000
24       0.0000      0.0000       0.0001   32806.4981
25       0.0000   4270.7222     775.8942       0.0000
26       0.0000      0.0000       0.0000   35689.3776
27    9576.6293      0.0000    2654.5982       0.0000
28       0.0000   2322.8128     715.3907       0.0000
29       0.0000      0.0000       0.0000   18427.7291
30       0.0000      0.0000       0.0000       0.0000
;

beta [*] :=
Cuarto  0.0192
Entero  0.1800
 Medio  0.0420
Octavo  0.0018
;

TInv [*,*] (tr)
:      Cuarto      Entero       Medio        Octavo      :=
1        0.0000      0.0000    3628.7038    2833.3662
2     2320.5089      0.0000       0.0000   27900.1336
3        0.0000      0.0000       0.0000   42410.6750
4        0.0000      0.0000    5879.5518   22891.5351
5     5575.1211   5621.9234       0.0000       0.0000
6        0.0000      0.0000   13924.0878       0.0000
7        0.0000   7200.0000       0.0000       0.0000
8        0.0000      0.0000       0.0000   37318.7293
9     9577.2609      0.0000    5783.0207       0.0000
10       0.0000      0.0000       0.0000   40891.6761
11       0.0000   5987.2985       0.0000       0.0000
12    9440.8264      0.0000    4912.5423       0.0000
13       0.0000      0.0000       0.0000   39860.2832
14   10355.2712      0.0000    4954.2225       0.0000
15       0.0000   5911.7484       0.0000       0.0000
16       0.0000      0.0000       0.0000   39345.4728
17   10052.4117      0.0000    3650.9565       0.0000
18   11691.2929      0.0000    4832.1959       0.0000
19       0.0000      0.0000       0.0000   38262.7086
20       0.0000   5533.0409       0.0000       0.0000
21   11951.1755      0.0000    3160.5652       0.0000
22       0.0000      0.0000       0.0000   29511.4142
23       0.0000      0.0000   10355.6214       0.0000
24       0.0000      0.0000      60.4991   21478.4602
25       0.0000   4299.9997     740.0880       0.0000
26       0.0000      0.0000       0.0000   33160.1450
27    9577.2609      0.0000    2845.9044       0.0000
28       0.0000   2265.7179       0.0000       0.0000
29       0.0000      0.0000       0.0000   14601.1828
30       0.0000      0.0000       0.0000       0.0000
;

beta [*] :=
Cuarto  0.0198
Entero  0.1800
 Medio  0.0420
Octavo  0.0018
;

TInv [*,*] (tr)
:      Cuarto      Entero       Medio        Octavo      :=
1        0.0000      0.0000    3643.1347    2884.0514
2     2098.6705      0.0000       0.0000   28528.9240
3        0.0000      0.0000       0.0000   42513.2182
4        0.0000      0.0000    5879.5518   22935.7975
5     5193.9838   5749.2684       0.0000       0.0000
6        0.0000      0.0000   13925.3384       0.0000
7        0.0000   7200.0000       0.0000       0.0000
8        0.0000      0.0000       0.0000   37365.0536
9     9577.8593      0.0000    5796.3504       0.0000
10       0.0000      0.0000       0.0000   40924.0754
11       0.0000   5989.8253       0.0000       0.0000
12    9445.0152      0.0000    4935.9132       0.0000
13       0.0000      0.0000       0.0000   39888.1704
14   10356.5315      0.0000    4969.0439       0.0000
15       0.0000   5911.2794       0.0000       0.0000
16       0.0000      0.0000       0.0000   39371.9435
17   10052.7019      0.0000    3672.6049       0.0000
18   11693.7744      0.0000    4832.5148       0.0000
19       0.0000      0.0000       0.0000   38264.8604
20       0.0000   5494.3492       0.0000       0.0000
21   11958.2307      0.0000    3145.0947       0.0000
22       0.0000      0.0000       0.0000   29310.0338
23       0.0000      0.0000   10340.6454       0.0000
24       0.0000      0.0000     205.5973   21896.9997
25       0.0000   4317.0764     715.7332       0.0000
26       0.0000      0.0000       0.0000   33160.1448
27    9577.8593      0.0000    2845.9045       0.0000
28       0.0000   2265.7179       0.0000       0.0000
29       0.0000      0.0000       0.0000   14482.5824
30       0.0000      0.0000       0.0000       0.0000
;

beta [*] :=
Cuarto  0.0203
Entero  0.1800
 Medio  0.0420
Octavo  0.0018
;

TInv [*,*] (tr)
:      Cuarto      Entero       Medio        Octavo      :=
1        0.0000      0.0000    3644.7208    2549.3665
2     2013.8226      0.0000       0.0000   28635.8098
3        0.0000      0.0000       0.0000   42519.9309
4        0.0000      0.0000    5879.5518   22808.3129
5     4681.4263   5920.4047       0.0000       0.0000
6        0.0000      0.0000   13920.0641       0.0000
7        0.0000   7200.0000       0.0000       0.0000
8        0.0000      0.0000       0.0000   37264.7427
9     9578.4270      0.0000    5806.0055       0.0000
10       0.0000      0.0000       0.0000   40737.9381
11       0.0000   6029.4340       0.0000       0.0000
12    9585.7220      0.0000    5000.7247       0.0000
13       0.0000      0.0000       0.0000   39557.1322
14   10489.3937      0.0000    5010.2904       0.0000
15       0.0000   5951.7058       0.0000       0.0000
16       0.0000      0.0000       0.0000   38446.0807
17   10185.3495      0.0000    3721.2717       0.0000
18   11770.8406      0.0000    4809.9236       0.0000
19       0.0000      0.0000       0.0000   35539.2355
20       0.0000   5563.3257       0.0000       0.0000
21   10243.1387      0.0000    2083.8934       0.0000
22       0.0000      0.0000     277.4857   24202.9252
23       0.0000      0.0000   10375.6507       0.0000
24       0.0000      0.0000       0.0000   24541.8731
25       0.0000   4313.3492     723.4364       0.0000
26       0.0000      0.0000       0.0000   33160.1447
27    9635.8063      0.0000    2845.9045       0.0000
28       0.0000   2265.7179       0.0000       0.0000
29       0.0000      0.0000       0.0000   14214.2805
30       0.0000      0.0000       0.0000       0.0000
;

beta [*] :=
Cuarto  0.0208
Entero  0.1800
 Medio  0.0420
Octavo  0.0018
;

TInv [*,*] (tr)
:      Cuarto      Entero       Medio        Octavo      :=
1        0.0000      0.0000    3657.6663    2589.3641
2     1814.0270      0.0000       0.0000   29264.1391
3        0.0000      0.0000       0.0000   42675.6356
4        0.0000      0.0000    5879.5518   22759.5132
5     4342.1146   6033.7783       0.0000       0.0000
6        0.0000      0.0000   13904.2267       0.0000
7        0.0000   7200.0000       0.0000       0.0000
8        0.0000      0.0000       0.0000   37432.2903
9     9578.9663      0.0000    5814.5615       0.0000
10       0.0000      0.0000       0.0000   40809.3523
11       0.0000   6045.0737       0.0000       0.0000
12    9610.4465      0.0000    5046.6334       0.0000
13       0.0000      0.0000       0.0000   39576.8666
14   10621.1436      0.0000    5040.5411       0.0000
15       0.0000   5972.2258       0.0000       0.0000
16       0.0000      0.0000       0.0000   38292.9515
17   10416.3645      0.0000    3801.7680       0.0000
18   11869.2164      0.0000    4812.6491       0.0000
19       0.0000      0.0000       0.0000   35119.9585
20       0.0000   5607.1957       0.0000       0.0000
21    9973.0713      0.0000    1930.2173       0.0000
22       0.0000      0.0000     137.5028   24176.6781
23       0.0000      0.0000   10396.2133       0.0000
24       0.0000      0.0000       2.9148   24898.0434
25       0.0000   4309.4248     728.3480       0.0000
26       0.0000      0.0000       0.0000   33169.5503
27    9779.4445      0.0000    2835.6278       0.0000
28       0.0000   2270.2907       0.0000       0.0000
29       0.0000      0.0000       0.0000   13718.5767
30       0.0000      0.0000       0.0000       0.0000
;

beta [*] :=
Cuarto  0.0213
Entero  0.1800
 Medio  0.0420
Octavo  0.0018
;

TInv [*,*] (tr)
:      Cuarto      Entero       Medio        Octavo      :=
1        0.0000      0.0000    3670.0061    2627.6999
2     1624.5427      0.0000       0.0000   29705.7496
3        0.0000      0.0000       0.0000   42654.0060
4        0.0000      0.0000    5879.5519   22779.9590
5     3989.6677   6151.5171       0.0000       0.0000
6        0.0000      0.0000   13909.1402       0.0000
7        0.0000   7200.0000       0.0000       0.0000
8        0.0000      0.0000       0.0000   37272.1011
9     9609.8332      0.0000    5805.3542       0.0000
10       0.0000      0.0000       0.0000   40702.0042
11       0.0000   6066.4043       0.0000       0.0000
12    9692.4791      0.0000    4999.0222       0.0000
13       0.0000      0.0000       0.0000   39482.8818
14   10647.4327      0.0000    5000.8170       0.0000
15       0.0000   5991.3668       0.0000       0.0000
16       0.0000      0.0000       0.0000   38320.9387
17   10481.8096      0.0000    3738.3012       0.0000
18   11946.2487      0.0000    4819.9472       0.0000
19       0.0000      0.0000       0.0000   34835.1907
20       0.0000   5660.8319       0.0000       0.0000
21    9840.4357      0.0000    1817.6062       0.0000
22       0.0000      0.0000       0.0000   24220.5531
23       0.0000      0.0000   10329.1757       0.0000
24       0.0000      0.0000     301.7053   25248.9913
25       0.0000   4330.1575     695.9873       0.0000
26       0.0000      0.0000       0.0000   33216.8930
27   10157.7723      0.0000    2824.7574       0.0000
28       0.0000   2275.1281       0.0000       0.0000
29       0.0000      0.0000       0.0000   12476.0811
30       0.0000      0.0000       0.0000       0.0000
;

beta [*] :=
Cuarto  0.0218
Entero  0.1800
 Medio  0.0420
Octavo  0.0018
;

TInv [*,*] (tr)
:      Cuarto      Entero       Medio        Octavo      :=
1        0.0000      0.0000    3669.6279    2272.8163
2     1562.4012      0.0000       0.0000   29841.5974
3        0.0000      0.0000       0.0000   42438.7652
4        0.0000      0.0000    5879.5518   22893.9928
5     7053.2051      0.0000    6769.1506   12020.8898
6        0.0000      0.0000   14061.5481       0.0000
7        0.0000   7200.0000       0.0000       0.0000
8        0.0000      0.0000       0.0000   38845.6787
9    10834.8753      0.0000    6101.7011       0.0000
10       0.0000      0.0000       0.0000   42058.6358
11       0.0000   5280.3720       0.0000       0.0000
12       0.0000   6279.2505       0.0000       0.0000
13       0.0000      0.0000       0.0000   40985.3651
14    9849.0385      0.0000    5075.3144       0.0000
15       0.0000   5888.4861       0.0000       0.0000
16       0.0000      0.0000       0.0000   40248.5010
17   10001.1078      0.0000    3874.8683       0.0000
18   11731.2888      0.0000    4841.7715       0.0000
19       0.0000      0.0000       0.0000   35557.1882
20       0.0000   5578.1488       0.0000       0.0000
21   11954.1029      0.0000    3017.3166       0.0000
22       0.0000      0.0000     205.7728   24896.9916
23       0.0000      0.0000   10312.7035       0.0000
24       0.0000      0.0000     123.7809   31262.3113
25       0.0000   4418.4163     563.6311       0.0000
26       0.0000      0.0000       0.0000   33970.1624
27   10096.0850      0.0000    2638.0818       0.0000
28       0.0000   2358.2437       0.0000       0.0000
29       0.0000      0.0000       0.0000   12723.9084
30       0.0000      0.0000       0.0000       0.0000
;

beta [*] :=
Cuarto  0.0224
Entero  0.1800
 Medio  0.0420
Octavo  0.0018
;

TInv [*,*] (tr)
:      Cuarto      Entero       Medio        Octavo      :=
1        0.0000      0.0000    3681.1162    2313.3110
2     1386.8009      0.0000       0.0000   29864.8603
3        0.0000      0.0000       0.0000   42007.8662
4        0.0000      0.0000    5879.5518   22869.0184
5     7055.0686      0.0000    6768.5193   11905.1978
6        0.0000      0.0000   14091.6733       0.0000
7        0.0000   7200.0000       0.0000       0.0000
8        0.0000      0.0000       0.0000   38399.6040
9    11271.9955      0.0000    6129.0400       0.0000
10       0.0000      0.0000       0.0000   41712.6024
11       0.0000   5131.6532       0.0000       0.0000
12       0.0000   5969.9473       0.0000       0.0000
13       0.0000      0.0000       0.0000   40659.2166
14    9903.7018      0.0000    4958.1233       0.0000
15       0.0000   5999.0361       0.0000       0.0000
16       0.0000      0.0000       0.0000   40022.3704
17   10058.1967      0.0000    3676.5452       0.0000
18   11720.8267      0.0000    4863.1262       0.0000
19       0.0000      0.0000       0.0000   37324.4728
20       0.0000   5757.5853       0.0000       0.0000
21   12001.7225      0.0000    3017.3295       0.0000
22       0.0000      0.0000     377.9592   24896.8372
23       0.0000      0.0000   10445.6695       0.0000
24       0.0000      0.0000     125.9181   31263.0801
25       0.0000   4418.4013     563.0935       0.0000
26       0.0000      0.0000       0.0000   34111.3783
27   10343.4524      0.0000    2638.0443       0.0000
28       0.0000   2358.2600       0.0000       0.0000
29       0.0000      0.0000       0.0000   11890.5030
30       0.0000      0.0000       0.0000       0.0000
;

beta [*] :=
Cuarto  0.0229
Entero  0.1800
 Medio  0.0420
Octavo  0.0018
;

TInv [*,*] (tr)
:      Cuarto      Entero       Medio        Octavo      :=
1        0.0000      0.0000    3692.0994    2352.1355
2     1219.6892      0.0000       0.0000   30306.9889
3        0.0000      0.0000       0.0000   42086.7607
4        0.0000      0.0000    5879.5518   22876.4320
5     7056.8473      0.0000    6772.1214   11832.6386
6        0.0000      0.0000   14083.7302       0.0000
7        0.0000   7200.0000       0.0000       0.0000
8        0.0000      0.0000       0.0000   38583.5200
9    11401.0809      0.0000    6134.9764       0.0000
10       0.0000      0.0000       0.0000   41784.6201
11       0.0000   5131.5932       0.0000       0.0000
12       0.0000   5926.2688       0.0000       0.0000
13       0.0000      0.0000       0.0000   40690.0258
14    9965.9168      0.0000    4964.4505       0.0000
15       0.0000   6012.5229       0.0000       0.0000
16       0.0000      0.0000       0.0000   39950.3939
17   10141.8629      0.0000    3683.2274       0.0000
18   11779.3684      0.0000    4856.8733       0.0000
19       0.0000      0.0000       0.0000   38002.6021
20       0.0000   5786.8007       0.0000       0.0000
21   12036.0513      0.0000    3017.3295       0.0000
22       0.0000      0.0000     389.2485   24896.8372
23       0.0000      0.0000   10444.2682       0.0000
24       0.0000      0.0000     126.2582   31263.0801
25       0.0000   4418.4014     557.4882       0.0000
26       0.0000      0.0000       0.0000   34185.3778
27   10598.8158      0.0000    2638.0443       0.0000
28       0.0000   2358.2600       0.0000       0.0000
29       0.0000      0.0000       0.0000   10987.7119
30       0.0000      0.0000       0.0000       0.0000
;

beta [*] :=
Cuarto  0.0234
Entero  0.1800
 Medio  0.0420
Octavo  0.0018
;

TInv [*,*] (tr)
:      Cuarto      Entero       Medio        Octavo      :=
1        0.0000      0.0000    3702.6101    2389.5090
2     1060.4670      0.0000       0.0000   31065.6256
3        0.0000      0.0000       0.0000   42397.0454
4        0.0000      0.0000    5734.8901   22867.7414
5     7058.5470      0.0000    6689.1566   11734.1518
6        0.0000      0.0000   14005.5299       0.0000
7        0.0000   7200.0000       0.0000       0.0000
8        0.0000      0.0000       0.0000   38977.0037
9    11416.6964      0.0000    6067.1871       0.0000
10       0.0000      0.0000       0.0000   41995.6776
11       0.0000   5091.9018       0.0000       0.0000
12       0.0000   5888.4064       0.0000       0.0000
13       0.0000      0.0000       0.0000   40799.7652
14   10761.6582      0.0000    4780.3550       0.0000
15       0.0000   5974.8482       0.0000       0.0000
16       0.0000      0.0000       0.0000   39874.6143
17   10817.7999      0.0000    2802.3214       0.0000
18       0.0000      0.0000   10820.8344       0.0000
19       0.0000      0.0000       0.0000   38099.1960
20       0.0000   5691.3536       0.0000       0.0000
21   11688.5345      0.0000    3337.8971       0.0000
22     484.5672    449.2665       0.0000   25606.0797
23       0.0000      0.0000   10575.5470       0.0000
24       0.0000      0.0000       0.0000   31930.5627
25    1074.5981   4435.1950       0.0000       0.0000
26       0.0000      0.0000       0.0000   34201.8146
27   10344.1050      0.0000    2617.3075       0.0000
28       0.0000   2367.4990       0.0000       0.0000
29       0.0000      0.0000       0.0000   11831.4785
30       0.0000      0.0000       0.0000       0.0000
;

beta [*] :=
Cuarto  0.0239
Entero  0.1800
 Medio  0.0420
Octavo  0.0018
;

TInv [*,*] (tr)
:      Cuarto      Entero       Medio        Octavo      :=
1        0.0000      0.0000    3712.6777    2425.1643
2      908.5886      0.0000       0.0000   31230.3801
3        0.0000      0.0000       0.0000   42247.3727
4        0.0000      0.0000    5734.8901   22915.3280
5     7060.1728      0.0000    6683.9760   11835.9047
6        0.0000      0.0000   14022.3215       0.0000
7        0.0000   7200.0000       0.0000       0.0000
8        0.0000      0.0000       0.0000   38620.2560
9    11457.4679      0.0000    6055.8924       0.0000
10       0.0000      0.0000       0.0000   41784.7130
11       0.0000   5070.1101       0.0000       0.0000
12       0.0000   5873.1153       0.0000       0.0000
13       0.0000      0.0000       0.0000   40640.8113
14   10816.4142      0.0000    4784.5978       0.0000
15       0.0000   5957.9896       0.0000       0.0000
16       0.0000      0.0000       0.0000   39888.5524
17   11199.1273      0.0000    2802.3214       0.0000
18       0.0000      0.0000   10561.5012       0.0000
19       0.0000      0.0000       0.0000   38323.3066
20       0.0000   5633.0897       0.0000       0.0000
21   11735.1602      0.0000    3860.5983       0.0000
22       0.0010    516.7223       0.0000   25643.6239
23       0.0000      0.0000   10743.5721       0.0000
24       0.0001      0.0000       0.0000   31930.6693
25     985.4147   4467.7805       0.0000       0.0000
26       0.0000      0.0000       0.0000   34272.8911
27   10420.5495      0.0000    2617.2755       0.0000
28       0.0000   2367.5125       0.0000       0.0000
29       0.0000      0.0000       0.0000   11557.1956
30       0.0000      0.0000       0.0000       0.0000
;

beta [*] :=
Cuarto  0.0244
Entero  0.1800
 Medio  0.0420
Octavo  0.0018
;

TInv [*,*] (tr)
:      Cuarto      Entero       Medio        Octavo      :=
1        0.0000      0.0000    3722.3300    2459.5458
2      763.5596      0.0000       0.0000   31607.1213
3        0.0000      0.0000       0.0000   42244.5256
4        0.0000      0.0000    5734.8901   22978.5437
5     7061.7294      0.0000    6682.8934   11903.7970
6        0.0000      0.0000   14026.7796       0.0000
7        0.0000   7200.0000       0.0000       0.0000
8        0.0000      0.0000       0.0000   38447.1165
9    11477.4050      0.0000    6051.7193       0.0000
10       0.0000      0.0000       0.0000   41685.2470
11       0.0000   5069.9870       0.0000       0.0000
12       0.0000   5871.1979       0.0000       0.0000
13       0.0000      0.0000       0.0000   40558.6288
14   10847.3761      0.0000    4786.2642       0.0000
15       0.0000   5957.3817       0.0000       0.0000
16       0.0000      0.0000       0.0000   39897.1829
17   11358.0957      0.0000    2802.3214       0.0000
18       0.0000      0.0000   10518.1211       0.0000
19       0.0000      0.0000       0.0000   38413.8652
20       0.0000   5627.5505       0.0000       0.0000
21   11721.9366      0.0000    4040.5245       0.0000
22       0.0000    515.1579       0.0000   25643.6229
23       0.0000      0.0000   10773.3839       0.0000
24       0.0000      0.0000       0.0000   31930.6695
25     796.4622   4529.8054       0.0000       0.0000
26       0.0000      0.0000       0.0000   34328.2308
27   10494.2454      0.0000    2617.2755       0.0000
28       0.0000   2367.5125       0.0000       0.0000
29       0.0000      0.0000       0.0000   11292.4339
30       0.0000      0.0000       0.0000       0.0000
;

beta [*] :=
Cuarto  0.0250
Entero  0.1800
 Medio  0.0420
Octavo  0.0018
;

TInv [*,*] (tr)
:      Cuarto      Entero       Medio        Octavo      :=
1        0.0001      0.0000    3731.5918    2492.6130
2      624.9273      0.0000       0.0001   31991.0862
3        0.0002      0.0000       0.0000   42231.5431
4        0.0001      0.0000    5734.8900   23111.2972
5     7063.2212      0.0000    6683.0776   11992.8496
6        0.0001      0.0000   14030.6615       0.0002
7        0.0001   7199.9999       0.0001       0.0003
8        0.0001      0.0000       0.0000   38101.1982
9    11491.6390      0.0000    6052.4287       0.0002
10       0.0001      0.0000       0.0000   41434.1751
11       0.0001   5063.1245       0.0001       0.0003
12       0.0001   5863.3842       0.0001       0.0003
13       0.0001      0.0000       0.0000   40336.0926
14   10877.7929      0.0000    4783.9102       0.0002
15       0.0001   5950.5781       0.0001       0.0003
16       0.0001      0.0000       0.0000   39849.7340
17   11534.4367      0.0000    2802.3214       0.0002
18       0.0001      0.0000   10493.1211       0.0002
19       0.0000      0.0000       0.0000   38542.3428
20       0.0001   5616.5312       0.0000       0.0001
21   11770.3305      0.0000    4217.5505       0.0001
22       0.0002    514.5935       0.0001   25643.6239
23       0.0000      0.0000   10790.6777       0.0001
24       0.0001      0.0000       0.0000   31930.6690
25     602.7005   4590.8604       0.0001       0.0001
26       0.0000      0.0000       0.0000   34404.7226
27   10565.2905      0.0000    2617.2755       0.0000
28       0.0000   2367.5125       0.0000       0.0000
29       0.0000      0.0000       0.0000   11037.2768
30       0.0000      0.0000       0.0000       0.0000
;

beta [*] :=
Cuarto  0.0255
Entero  0.1800
 Medio  0.0420
Octavo  0.0018
;

TInv [*,*] (tr)
:      Cuarto      Entero       Medio        Octavo      :=
1        0.0000      0.0000    3740.5310    2525.9305
2      504.9993      0.0000       0.0000   32354.8431
3        0.0000      0.0000       0.0000   42313.6890
4        0.0000      0.0000    5734.8901   23111.8181
5     7081.9071      0.0000    6682.7926   11985.4341
6        0.0000      0.0000   14026.8569       0.0000
7        0.0000   7200.0000       0.0000       0.0000
8        0.0000      0.0000       0.0000   38234.9220
9    11509.3334      0.0000    6051.3484       0.0000
10       0.0000      0.0000       0.0000   41541.6809
11       0.0000   5069.8642       0.0000       0.0000
12       0.0000   5868.8562       0.0000       0.0000
13       0.0000      0.0000       0.0000   40440.9852
14   10956.1289      0.0000    4785.9295       0.0000
15       0.0000   5956.3246       0.0000       0.0000
16       0.0000      0.0000       0.0000   39893.9564
17   11586.5525      0.0000    2769.9806       0.0000
18       0.0000      0.0000   10475.4506       0.0000
19       0.0000      0.0000       0.0000   38496.5442
20       0.0000   5626.7662       0.0000       0.0000
21   11908.6366      0.0000    4122.1566       0.0000
22       0.0000    515.1436       0.0000   25643.6228
23       0.0000      0.0000   10696.2555       0.0000
24       0.0000      0.0000       0.0000   31930.6695
25     165.7290   4631.3588     161.6790       0.0000
26       0.0000      0.0000       0.0000   34402.9911
27   10633.8242      0.0000    2617.2755       0.0000
28       0.0000   2367.5125       0.0000       0.0000
29       0.0000      0.0000       0.0000   10791.2155
30       0.0000      0.0000       0.0000       0.0000
;

beta [*] :=
Cuarto  0.0260
Entero  0.1800
 Medio  0.0420
Octavo  0.0018
;

TInv [*,*] (tr)
:      Cuarto      Entero       Medio        Octavo      :=
1        0.0000      0.0000    3749.3049    2564.1622
2      442.6713      0.0000       0.0000   32592.6524
3        0.0000      0.0000       0.0000   42355.7376
4        0.0000      0.0000    5734.8901   23126.8729
5     7100.5900      0.0000    6681.9307   11996.7832
6        0.0000      0.0000   14027.6410       0.0000
7        0.0000   7200.0000       0.0000       0.0000
8        0.0000      0.0000       0.0000   38280.9467
9    11531.6523      0.0000    6049.0629       0.0000
10       0.0000      0.0000       0.0000   41587.7207
11       0.0000   5070.0579       0.0000       0.0000
12       0.0000   5870.7099       0.0000       0.0000
13       0.0000      0.0000       0.0000   40489.6493
14   10991.2593      0.0000    4787.7306       0.0000
15       0.0000   5958.8453       0.0000       0.0000
16       0.0000      0.0000       0.0000   39929.1908
17   11623.5632      0.0000    2755.6132       0.0000
18       0.0000      0.0000   10462.9367       0.0000
19       0.0000      0.0000       0.0000   38497.1063
20       0.0000   5627.2279       0.0000       0.0000
21   11970.2320      0.0000    4095.9852       0.0000
22       0.0000    515.6336       0.0000   25643.6228
23       0.0000      0.0000   10661.8333       0.0000
24       0.0000      0.0000       0.0000   31930.6695
25       0.0000   4638.7502     233.5679       0.0000
26       0.0000      0.0000       0.0000   34392.3426
27   10699.9763      0.0000    2617.2755       0.0000
28       0.0000   2367.5125       0.0000       0.0000
29       0.0000      0.0000       0.0000   10553.7748
30       0.0000      0.0000       0.0000       0.0000
;

beta [*] :=
Cuarto  0.0265
Entero  0.1800
 Medio  0.0420
Octavo  0.0018
;

TInv [*,*] (tr)
:      Cuarto      Entero       Medio        Octavo      :=
1        0.0002      0.0001    3757.7404    2600.9446
2      382.8730      0.0000       0.0000   32822.3722
3        0.0001      0.0000       0.0000   42401.0290
4        0.0000      0.0000    5734.8901   23141.4397
5     7104.0560      0.0000    6680.9552   12007.4846
6        0.0001      0.0000   14027.1592       0.0002
7        0.0001   7199.9999       0.0001       0.0004
8        0.0001      0.0000       0.0000   38318.0804
9    11535.9308      0.0000    6047.8910       0.0004
10       0.0001      0.0000       0.0000   41623.5811
11       0.0002   5070.1240       0.0001       0.0004
12       0.0002   5871.6128       0.0001       0.0004
13       0.0001      0.0000       0.0000   40522.5141
14   10994.6797      0.0000    4789.1820       0.0001
15       0.0002   5959.9910       0.0001       0.0003
16       0.0001      0.0000       0.0000   39951.5576
17   11626.1629      0.0000    2755.6132       0.0001
18       0.0001      0.0000   10463.1278       0.0002
19       0.0001      0.0000       0.0000   38497.5349
20       0.0001   5627.1662       0.0000       0.0002
21   11976.8587      0.0000    4091.1871       0.0001
22       0.0003    515.4077       0.0001   25643.6499
23       0.0001      0.0000   10661.2115       0.0001
24       0.0001      0.0000       0.0000   31930.6713
25       0.0003   4638.7502     233.5431       0.0002
26       0.0000      0.0000       0.0000   34406.2257
27   10763.8551      0.0000    2617.2748       0.0000
28       0.0001   2367.5127       0.0000       0.0000
29       0.0002      0.0000       0.0000   10324.5577
30       0.0000      0.0000       0.0000       0.0000
;

beta [*] :=
Cuarto  0.0270
Entero  0.1800
 Medio  0.0420
Octavo  0.0018
;

TInv [*,*] (tr)
:      Cuarto      Entero       Medio        Octavo      :=
1        0.0000      0.0000    3765.8570    2636.3574
2      325.4537      0.0000       0.0000   33044.4059
3        0.0000      0.0000       0.0000   42443.5869
4        0.0000      0.0000    5734.8901   23148.6315
5     7107.3857      0.0000    6682.3626   12008.4079
6        0.0000      0.0000   14026.4192       0.0001
7        0.0000   7200.0000       0.0000       0.0001
8        0.0000      0.0000       0.0000   38353.5499
9    11535.3857      0.0000    6050.1482       0.0001
10       0.0000      0.0000       0.0000   41640.5998
11       0.0000   5069.9611       0.0000       0.0001
12       0.0000   5869.7480       0.0000       0.0001
13       0.0000      0.0000       0.0000   40523.7114
14   10997.6345      0.0000    4787.3183       0.0001
15       0.0000   5956.9828       0.0000       0.0001
16       0.0000      0.0000       0.0000   39939.6628
17   11626.8392      0.0000    2755.6132       0.0001
18       0.0000      0.0000   10461.7843       0.0001
19       0.0000      0.0000       0.0000   38490.4662
20       0.0000   5626.4249       0.0000       0.0000
21   11973.8380      0.0000    4081.1299       0.0000
22       0.0000    515.1898       0.0000   25643.6265
23       0.0000      0.0000   10658.3180       0.0000
24       0.0000      0.0000       0.0000   31930.6696
25       0.0000   4638.7502     233.5521       0.0000
26       0.0000      0.0000       0.0000   34403.6447
27   10775.7303      0.0000    2617.2754       0.0000
28       0.0000   2367.5125       0.0000       0.0000
29       0.0000      0.0000       0.0000   10283.3427
30       0.0000      0.0000       0.0000       0.0000
;

beta [*] :=
Cuarto  0.0276
Entero  0.1800
 Medio  0.0420
Octavo  0.0018
;

TInv [*,*] (tr)
:      Cuarto      Entero       Medio        Octavo      :=
1        0.0000      0.0000    3773.6723    2670.4763
2      270.2743      0.0000       0.0000   33256.6244
3        0.0000      0.0000       0.0000   42490.2299
4        0.0000      0.0000    5734.8901   23165.1857
5     7110.5909      0.0000    6681.0726   12021.3654
6        0.0000      0.0000   14026.3373       0.0000
7        0.0000   7200.0000       0.0000       0.0000
8        0.0000      0.0000       0.0000   38394.0820
9    11540.1526      0.0000    6048.6450       0.0000
10       0.0000      0.0000       0.0000   41681.4905
11       0.0000   5070.0742       0.0000       0.0000
12       0.0000   5870.6728       0.0000       0.0000
13       0.0000      0.0000       0.0000   40569.6691
14   11001.0285      0.0000    4789.3603       0.0000
15       0.0000   5957.8839       0.0000       0.0000
16       0.0000      0.0000       0.0000   39978.0193
17   11622.9448      0.0000    2755.6132       0.0000
18       0.0000      0.0000   10462.0937       0.0000
19       0.0000      0.0000       0.0000   38495.2903
20       0.0000   5626.2366       0.0000       0.0000
21   11977.6756      0.0000    4083.4120       0.0000
22       0.0000    515.0594       0.0000   25643.6228
23       0.0000      0.0000   10660.4634       0.0000
24       0.0000      0.0000       0.0000   31930.6695
25       0.0000   4638.7502     233.4795       0.0000
26       0.0000      0.0000       0.0000   34430.5216
27   10776.1883      0.0000    2617.2755       0.0000
28       0.0000   2367.5125       0.0000       0.0000
29       0.0000      0.0000       0.0000   10283.3426
30       0.0000      0.0000       0.0000       0.0000
;

beta [*] :=
Cuarto  0.0281
Entero  0.1800
 Medio  0.0420
Octavo  0.0018
;

TInv [*,*] (tr)
:      Cuarto      Entero       Medio        Octavo      :=
1        0.0000      0.0000    3781.2026    2703.3707
2      217.2064      0.0000       0.0000   33462.3870
3        0.0000      0.0000       0.0000   42542.2689
4        0.0000      0.0000    5734.8901   23154.5064
5     7113.6776      0.0000    6683.4347   12014.0627
6        0.0000      0.0000   14026.5179       0.0000
7        0.0000   7200.0000       0.0000       0.0000
8        0.0000      0.0000       0.0000   38379.5226
9    11538.3529      0.0000    6052.1708       0.0000
10       0.0000      0.0000       0.0000   41632.1994
11       0.0000   5070.0803       0.0000       0.0000
12       0.0000   5868.9102       0.0000       0.0000
13       0.0000      0.0000       0.0000   40506.7253
14   11003.9977      0.0000    4784.9025       0.0000
15       0.0000   5955.8801       0.0000       0.0000
16       0.0000      0.0000       0.0000   39930.4853
17   11633.6261      0.0000    2755.6132       0.0000
18       0.0000      0.0000   10461.5254       0.0000
19       0.0000      0.0000       0.0000   38481.0503
20       0.0000   5626.5857       0.0000       0.0000
21   11973.8264      0.0000    4079.0530       0.0000
22       0.0000    515.4298       0.0000   25643.6228
23       0.0000      0.0000   10657.9377       0.0000
24       0.0000      0.0000       0.0000   31930.6695
25       0.0000   4638.7502     233.4497       0.0000
26       0.0000      0.0000       0.0000   34377.8055
27   10776.6293      0.0000    2617.2755       0.0000
28       0.0000   2367.5125       0.0000       0.0000
29       0.0000      0.0000       0.0000   10283.3426
30       0.0000      0.0000       0.0000       0.0000
;

beta [*] :=
Cuarto  0.0286
Entero  0.1800
 Medio  0.0420
Octavo  0.0018
;

TInv [*,*] (tr)
:      Cuarto      Entero       Medio        Octavo      :=
1        0.0000      0.0000    3788.4634    2735.1052
2      166.1312      0.0000       0.0000   33658.8711
3        0.0000      0.0000       0.0000   42587.1196
4        0.0000      0.0000    5734.8901   23141.3977
5     7116.6521      0.0000    6682.5110   11989.5256
6        0.0000      0.0000   14019.0375       0.0000
7        0.0000   7200.0000       0.0000       0.0000
8        0.0000      0.0000       0.0000   38458.6511
9    11536.9174      0.0000    6051.8165       0.0001
10       0.0000      0.0000       0.0000   41684.4453
11       0.0000   5070.7364       0.0000       0.0000
12       0.0000   5870.4390       0.0000       0.0000
13       0.0000      0.0000       0.0000   40568.3730
14   11006.5795      0.0000    4782.2228       0.0000
15       0.0000   5956.0359       0.0000       0.0000
16       0.0000      0.0000       0.0000   39970.7783
17   11639.3392      0.0000    2755.6132       0.0000
18       0.0000      0.0000   10483.2200       0.0000
19       0.0000      0.0000       0.0000   38450.4353
20       0.0000   5618.6002       0.0000       0.0000
21   11968.1876      0.0000    4103.3091       0.0000
22       0.0000    515.3176       0.0000   25643.6239
23       0.0000      0.0000   10653.5421       0.0000
24       0.0000      0.0000       0.0000   31930.6695
25       0.0000   4638.7502     232.6459       0.0000
26       0.0000      0.0000       0.0000   34372.8373
27   10777.0542      0.0000    2617.2755       0.0000
28       0.0000   2367.5125       0.0000       0.0000
29       0.0000      0.0000       0.0000   10283.3426
30       0.0000      0.0000       0.0000       0.0000
;

beta [*] :=
Cuarto  0.0291
Entero  0.1800
 Medio  0.0420
Octavo  0.0018
;

TInv [*,*] (tr)
:      Cuarto      Entero       Medio        Octavo      :=
1        0.0000      0.0000    3779.3424    2209.2629
2      177.7402      0.0000       0.0000   32916.9347
3        0.0000      0.0000       0.0000   42125.3805
4        0.0000      0.0000    5734.8901   22832.8055
5     7200.0000      0.0000    6684.0004   11752.7052
6        0.0000      0.0000   14020.1663       0.0000
7        0.0000   7200.0000       0.0000       0.0000
8        0.0000      0.0000       0.0000   37681.7251
9    11662.9220      0.0000    6054.9933       0.0000
10       0.0000      0.0000       0.0000   40985.8457
11       0.0000   5071.5866       0.0000       0.0000
12       0.0000   5870.5485       0.0000       0.0000
13       0.0000      0.0000       0.0000   39564.2798
14   11261.8707      0.0000    4781.8102       0.0000
15       0.0000   5956.6208       0.0000       0.0000
16       0.0000      0.0000       0.0000   37462.7413
17    9522.1585      0.0000    1577.5860    6260.1562
18       0.0000      0.0000   10342.5383       0.0000
19       0.0000      0.0000       0.0000   38465.2663
20       0.0000   5627.4796       0.0000       0.0000
21   11990.3849      0.0000    3951.8074       0.0000
22       0.0000    515.7143       0.0000   25643.6228
23       0.0000      0.0000   10577.0473       0.0000
24       0.0000      0.0000       0.0000   31930.6695
25       0.0000   4530.3084     396.6035       0.0000
26       0.0000      0.0000       0.0000   34356.8654
27   10777.4639      0.0000    2617.2755       0.0000
28       0.0000   2367.5125       0.0000       0.0000
29       0.0000      0.0000       0.0000   10283.3426
30       0.0000      0.0000       0.0000       0.0000
;

beta [*] :=
Cuarto  0.0296
Entero  0.1800
 Medio  0.0420
Octavo  0.0018
;

TInv [*,*] (tr)
:      Cuarto      Entero       Medio        Octavo      :=
1        0.0000      0.0000    3744.9102    1364.6887
2      223.1786      0.0000      20.4339   31265.8434
3        0.0000      0.0000       0.0000   41346.2563
4        0.0000      0.0000    5764.2022   22289.4073
5     7200.0000      0.0000    6701.2799   11272.6150
6        0.0000      0.0000   14025.0450       0.0000
7        0.0000   7200.0000       0.0000       0.0000
8        0.0000      0.0000       0.0000   36682.6794
9    11832.0380      0.0000    6069.8942       0.0000
10       0.0000      0.0000       0.0000   40024.4695
11       0.0000   5075.3285       0.0000       0.0000
12       0.0000   5873.8285       0.0000       0.0000
13       0.0000      0.0000       0.0000   38180.8385
14   11676.6277      0.0000    4815.0869       0.0000
15       0.0000   5956.5460       0.0000       0.0000
16       0.0000      0.0000       0.0000   33591.1023
17    6121.3645      0.0000       0.0000   16540.1376
18       0.0000      0.0000   10133.7477       0.0000
19       0.0000      0.0000       0.0000   38312.9981
20       0.0000   5626.1969       0.0000       0.0000
21   11998.1523      0.0000    3711.9886       0.0000
22       0.0000    477.9991       0.0000   26077.7978
23       0.0000      0.0000   10330.8221       0.0000
24       0.0000      0.0000       0.0000   32171.0595
25       0.0000   4099.7707     878.3963       0.0000
26       0.0000      0.0000       0.0000   34603.7537
27   10314.0903      0.0000    2304.6962       0.0000
28       0.0000   2362.4407       0.0000       0.0000
29       0.0000      0.0000       0.0000   10283.3426
30       0.0000      0.0000       0.0000       0.0000
;

beta [*] :=
Cuarto  0.0302
Entero  0.1800
 Medio  0.0420
Octavo  0.0018
;

TInv [*,*] (tr)
:      Cuarto      Entero       Medio        Octavo      :=
1        0.0000      0.0000    3754.3547    1389.5145
2      175.3367      0.0000      16.8413   31471.2819
3        0.0000      0.0000       0.0000   41307.7842
4        0.0000      0.0000    5734.8901   22309.4590
5     7200.0000      0.0000    6683.1232   11295.2722
6        0.0000      0.0000   14025.2919       0.0000
7        0.0000   7200.0000       0.0000       0.0000
8        0.0000      0.0000       0.0000   36473.6748
9    12093.1192      0.0000    6053.6623       0.0000
10       0.0000      0.0000       0.0000   39934.2533
11       0.0000   5070.2490       0.0000       0.0000
12       0.0000   5870.0880       0.0000       0.0000
13       0.0000      0.0000       0.0000   38237.6353
14   12271.6921      0.0000    4783.8945       0.0000
15       0.0000   5956.6412       0.0000       0.0000
16       0.0000      0.0000       0.0000   33344.9088
17       0.0000      0.0000    2884.5634   17643.7494
18       0.0000      0.0000   10521.0362       0.0000
19       0.0000      0.0000       0.0000   38307.3338
20       0.0000   5625.9496       0.0000       0.0000
21   11633.8497      0.0000    4168.5915       0.0000
22       0.0000    514.9460       0.0000   25643.6233
23       0.0000      0.0000   10778.3391       0.0000
24       0.0000      0.0000       0.0000   31966.4536
25     968.7705   4446.1649       0.0000       0.0000
26       0.0000      0.0000       0.0000   34371.7548
27   10695.4672      0.0000    2563.6042       0.0000
28       0.0000   2365.6550       0.0000       0.0000
29       0.0000      0.0000       0.0000   10283.3426
30       0.0000      0.0000       0.0000       0.0000
;

beta [*] :=
Cuarto  0.0307
Entero  0.1800
 Medio  0.0420
Octavo  0.0018
;

TInv [*,*] (tr)
:      Cuarto      Entero       Medio        Octavo      :=
1        0.0000      0.0000    3763.4634    1413.5096
2      129.1449      0.0000      13.2986   31684.7005
3        0.0000      0.0000       0.0000   41345.9063
4        0.0000      0.0000    5734.8901   22325.0255
5     7200.0000      0.0000    6683.7761   11301.1606
6        0.0000      0.0000   14022.5438       0.0000
7        0.0000   7200.0000       0.0000       0.0000
8        0.0000      0.0000       0.0000   36451.0390
9    12102.9766      0.0000    6053.8360       0.0000
10       0.0000      0.0000       0.0000   39924.4535
11       0.0000   5071.5622       0.0000       0.0000
12       0.0000   5870.4739       0.0000       0.0000
13       0.0000      0.0000       0.0000   38252.7348
14   12319.4560      0.0000    4784.1813       0.0000
15       0.0000   5957.1818       0.0000       0.0000
16       0.0000      0.0000       0.0000   33344.9096
17       0.0000      0.0000    2884.5641   17538.4613
18       0.0000      0.0000   10511.7640       0.0000
19       0.0000      0.0000       0.0000   38296.7776
20       0.0000   5629.6409       0.0000       0.0000
21   11657.4320      0.0000    4130.5924       0.0000
22       0.0000    515.9308       0.0000   25643.6288
23       0.0000      0.0000   10748.0023       0.0000
24       0.0000      0.0000       0.0000   31979.6358
25     917.2018   4462.3573       0.0000       0.0000
26       0.0000      0.0000       0.0000   34410.4764
27   10665.3473      0.0000    2543.8354       0.0000
28       0.0000   2364.9715       0.0000       0.0000
29       0.0000      0.0000       0.0000   10283.3426
30       0.0000      0.0000       0.0000       0.0000
;

beta [*] :=
Cuarto  0.0312
Entero  0.1800
 Medio  0.0420
Octavo  0.0018
;

TInv [*,*] (tr)
:      Cuarto      Entero       Medio        Octavo      :=
1        0.0000      0.0000    3772.2645    1436.7175
2       84.5191      0.0000       9.9400   31852.9526
3        0.0000      0.0000       0.0000   41285.7792
4        0.0000      0.0000    5734.8901   22336.5932
5     7200.0000      0.0000    6683.0245   11310.7465
6        0.0000      0.0000   14026.4403       0.0001
7        0.0001   7200.0000       0.0000       0.0001
8        0.0001      0.0000       0.0000   36363.2758
9    12106.2066      0.0000    6051.9651       0.0000
10       0.0001      0.0000       0.0000   39890.7739
11       0.0001   5070.1224       0.0000       0.0001
12       0.0001   5869.4807       0.0000       0.0001
13       0.0000      0.0000       0.0000   38270.9865
14   12337.9225      0.0000    4786.1611       0.0000
15       0.0000   5956.7573       0.0000       0.0001
16       0.0000      0.0000       0.0000   33344.9123
17       0.0000      0.0000    2884.5663   17622.1756
18       0.0000      0.0000   10527.7078       0.0000
19       0.0000      0.0000       0.0000   38286.5292
20       0.0000   5625.7178       0.0000       0.0000
21   11680.3846      0.0000    4166.1338       0.0000
22       0.0001    514.9741       0.0001   25643.6320
23       0.0000      0.0000   10781.2983       0.0000
24       0.0000      0.0000       0.0000   31993.0852
25     846.2768   4477.8034       0.0000       0.0000
26       0.0000      0.0000       0.0000   34479.9048
27   10634.5982      0.0000    2523.6668       0.0001
28       0.0000   2364.2744       0.0000       0.0000
29       0.0000      0.0000       0.0000   10283.3425
30       0.0000      0.0000       0.0000       0.0000
;

