beta [*] :=
Cuarto  0.00520
Entero  0.18000
 Medio  0.04200
Octavo  0.00178
;

TInv [*,*] (tr)
:      Cuarto        Entero       Medio        Octavo       :=
1        0.00000      0.00000   3564.00973    5975.62110
2     9547.46359      0.00000   1907.87794    2011.12158
3        0.00000      0.00000      0.00000   45468.88452
4    19412.25962      0.00000      0.00000       0.00000
5    23888.51692      0.00000      0.00000       0.00000
6    25235.06128      0.00000      0.00000       0.00000
7        0.00000   7200.00000      0.00000       0.00000
8        0.00000      0.00000      0.00000   41258.88662
9    11200.45156      0.00000   4414.45326       0.00000
10       0.00000      0.00000      0.00000   47700.88230
11       0.00000   5708.80111      0.00000       0.00000
12    9953.34881      0.00000   4285.47619       0.00000
13       0.00000      0.00000      0.00000   47891.00990
14    7188.32309      0.00000   4780.07082       0.00000
15       0.00000   5752.83615      0.00000       0.00000
16   17111.73078      0.00000      0.00000       0.00000
17    8950.90480      0.00000   3892.95262       0.00000
18    9569.45344      0.00000   4736.16472       0.00000
19       0.00000      0.00000      0.00000   41304.06424
20       0.00000   6073.51316      0.00000       0.00000
21    3131.98155      0.00000   3986.73344       0.00000
22     693.06159      0.00000   2905.55888   11398.60489
23   18062.32460      0.00000      0.00000       0.00000
24       0.00000      0.00000      0.00000   40796.37612
25    7178.15388      0.00000   3760.63985       0.00000
26       0.00000   3309.67470      0.00000   10563.95006
27    1215.14602      0.00000   3795.23165       0.00000
28   13228.96490      0.00000      0.00000       0.00000
29     414.40515      0.00000      0.00000    4512.32451
30       0.00000      0.00000      0.00000       0.00000
;

beta [*] :=
Cuarto  0.01040
Entero  0.18000
 Medio  0.04200
Octavo  0.00178
;

TInv [*,*] (tr)
:      Cuarto        Entero        Medio        Octavo       :=
1        0.00000      0.00000    3551.40633    3836.43374
2    15688.35500      0.00000       0.00000       0.00000
3        0.00000      0.00000       0.00000   39225.50518
4        0.00000      0.00000       0.00000   49198.21071
5        0.00000      0.00000   13969.94048       0.00000
6    24858.13329      0.00000       0.00000       0.00000
7        0.00000   7200.00000       0.00000       0.00000
8        0.00000      0.00000       0.00000   41917.26272
9    10727.09320      0.00000    5357.50135       0.00000
10       0.00000      0.00000       0.00000   44835.97560
11       0.00000   5606.37594       0.00000       0.00000
12    9017.22442      0.00000    4759.84448       0.00000
13       0.00000      0.00000       0.00000   45587.60956
14    9441.86951      0.00000    4711.84356       0.00000
15       0.00000   5368.82134       0.00000       0.00000
16       0.00000   4485.92232       0.00000    9680.32853
17    7156.67564      0.00000    3802.93079       0.00000
18    9585.29422      0.00000    4782.86425       0.00000
19       0.00000      0.00000       0.00000   38273.59551
20       0.00000   5771.85295       0.00000       0.00000
21    7331.52095      0.00000    3588.33263       0.00000
22       0.00000      0.00000       0.00000   36888.08279
23    6763.73269      0.00000    3863.27163       0.00000
24       0.00000      0.00000       0.00000   41232.57530
25    7178.96635      0.00000    3486.02687       0.00000
26       0.00000   4217.23854       0.00000    3575.73737
27    6661.80360      0.00000    3249.19575       0.00000
28    4369.75819    891.92578       0.00000       0.00000
29       0.00000      0.00000       0.00000   18461.27374
30       0.00000      0.00000       0.00000       0.00000
;

beta [*] :=
Cuarto  0.01560
Entero  0.18000
 Medio  0.04200
Octavo  0.00178
;

TInv [*,*] (tr)
:      Cuarto        Entero        Medio        Octavo       :=
1        0.00000      0.00000    3769.53430    4196.47540
2    16891.78711      0.00000     221.55608       0.00000
3        0.00000      0.00000       0.00000   36899.22988
4        0.00000      0.00000       0.00000   45550.67991
5        0.00000      0.00000   13964.28569       0.00000
6        0.00000   7200.00000       0.00000       0.00000
7        0.00000   7200.00000       0.00000       0.00000
8        0.00000      0.00000       0.00000   38678.90944
9     9560.30910      0.00000    5574.91448       0.00000
10       0.00000      0.00000       0.00000   41823.20866
11       0.00000   6031.44283       0.00000       0.00000
12    8693.26938      0.00000    4752.03499       0.00000
13       0.00000      0.00000       0.00000   40784.56629
14    9688.62110      0.00000    4800.85011       0.00000
15       0.00000   6060.40977       0.00000       0.00000
16       0.00000      0.00000       0.00000   39489.89605
17    8927.69239      0.00000    3594.35586       0.00000
18   10837.93847      0.00000    4792.36326       0.00000
19       0.00000      0.00000       0.00000   38195.45539
20       0.00000   5882.95703       0.00000       0.00000
21   10448.88036      0.00000    3430.20655       0.00000
22       0.00000      0.00000       0.00000   33020.76912
23       0.00000      0.00000    9909.76963       0.00000
24       0.00000      0.00000       0.00000   37475.53430
25    6970.95485      0.00000    3669.62570       0.00000
26       0.00000   2101.41656       0.00000   11914.46080
27    9503.85283      0.00000    3745.35914       0.00000
28       0.00000   2143.91601       0.00000       0.00000
29       0.00000      0.00000       0.00000   18751.79408
30       0.00000      0.00000       0.00000       0.00000
;

beta [*] :=
Cuarto  0.02080
Entero  0.18000
 Medio  0.04200
Octavo  0.00178
;

TInv [*,*] (tr)
:      Cuarto        Entero        Medio        Octavo       :=
1        0.00000      0.00000    3608.92537    3097.39400
2    14385.67575      0.00000     705.16395     300.91912
3        0.00000      0.00000       0.00000   36926.84942
4        0.00000      0.00000       0.00000   44951.85164
5        0.00000      0.00000   13514.28571       0.00000
6        0.00000   7200.00000       0.00000       0.00000
7        0.00000   7200.00000       0.00000       0.00000
8        0.00000      0.00000       0.00000   37535.88783
9    11481.88066      0.00000    5173.35233       0.00000
10       0.00000      0.00000       0.00000   41063.15577
11       0.00000   6157.79718       0.00000       0.00000
12       0.00000      0.00000   10715.22997       0.00000
13       0.00000      0.00000       0.00000   39873.91134
14    9843.02885      0.00000    4785.27502       0.00000
15       0.00000   6073.31660       0.00000       0.00000
16       0.00000      0.00000       0.00000   39255.87602
17   10003.22158      0.00000    3710.15730       0.00000
18   11692.41811      0.00000    4786.98682       0.00000
19       0.00000      0.00000       0.00000   38170.72338
20       0.00000   5967.51662       0.00000       0.00000
21   11977.71934      0.00000    3031.64976       0.00000
22       0.00000      0.00000     588.70900   24788.81517
23       0.00000      0.00000   10332.29265       0.00000
24       0.00000      0.00000       0.00000   32518.21821
25       0.00000   4402.05059     685.73642       0.00000
26       0.00000      0.00000       0.00000   34609.38031
27    9578.96635      0.00000    2642.24684       0.00000
28       0.00000   2337.34826     735.93616       0.00000
29       0.00000      0.00000       0.00000   16729.44271
30       0.00000      0.00000       0.00000       0.00000
;

beta [*] :=
Cuarto  0.02600
Entero  0.18000
 Medio  0.04200
Octavo  0.00178
;

TInv [*,*] (tr)
:      Cuarto        Entero        Medio        Octavo       :=
1        0.00000      0.00000    3773.79805    2040.02354
2      558.52247      0.00000     588.07746   27797.98430
3        0.00000      0.00000       0.00000   38785.84680
4        0.00000      0.00000       0.00000   45842.19062
5        0.00000      0.00000   13330.05953       0.00000
6        0.00000   7200.00000       0.00000       0.00000
7     4087.83866   6178.04033       0.00000       0.00000
8        0.00000      0.00000       0.00000   39310.18966
9    11454.29682      0.00000    4885.43052       0.00000
10       0.00000      0.00000       0.00000   42169.99719
11       0.00000   6014.03219       0.00000       0.00000
12       0.00000      0.00000   10064.60186       0.00000
13       0.00000      0.00000       0.00000   40821.57200
14   10975.96154      0.00000    4787.87523       0.00000
15       0.00000   5909.79005       0.00000       0.00000
16       0.00000      0.00000       0.00000   39350.15772
17   11487.29870      0.00000    2802.25642       0.00000
18       0.00000      0.00000   10621.68402       0.00000
19       0.00000      0.00000       0.00000   38218.30842
20       0.00000   5551.34051       0.00000       0.00000
21   11908.02125      0.00000    3995.29000       0.00000
22       0.00000      0.00000       0.00000   32518.27379
23       0.00000      0.00000   10667.52889       0.00000
24       0.00000      0.00000       0.00000   20859.68490
25       0.00000   4879.27024       0.26031       0.00000
26       0.00000      0.00000       0.00000   32514.47980
27   10738.23555      0.00000    2751.00164       0.00000
28       0.00000   2038.97439       0.00000       0.00000
29       0.00000      0.00000       0.00000    9695.21221
30       0.00000      0.00000       0.00000       0.00000
;

beta [*] :=
Cuarto  0.03120
Entero  0.18000
 Medio  0.04200
Octavo  0.00178
;

TInv [*,*] (tr)
:      Cuarto        Entero        Medio        Octavo       :=
1        0.00000      0.00000    3683.04280    1579.79297
2       90.03544      0.00000     917.10054   26275.19064
3        0.00000      0.00000       0.00000   38731.45307
4        0.00000      0.00000       0.00000   45663.93219
5        0.00000      0.00000   13354.95077       0.00000
6        0.00000   7200.00000       0.00000       0.00000
7     2585.93775   6553.51556       0.00000       0.00000
8        0.00000      0.00000       0.00000   38229.92537
9    11491.95513      0.00000    4930.89797       0.00000
10       0.00000      0.00000       0.00000   41166.99641
11       0.00000   6015.09381       0.00000       0.00000
12       0.00000      0.00000   10120.59880       0.00000
13       0.00000      0.00000       0.00000   39456.76656
14   11258.80189      0.00000    4834.12089       0.00000
15       0.00000   5910.94456       0.00000       0.00000
16       0.00000      0.00000       0.00000   36677.95479
17    8636.02947      0.00000    1208.25084    8804.59212
18       0.00000      0.00000   10323.29990       0.00000
19       0.00000      0.00000       0.00000   38204.48131
20       0.00000   5559.01547       0.00000       0.00000
21   11949.44050      0.00000    3899.45163       0.00000
22       0.00000      0.00000       0.00000   32234.21914
23       0.00000      0.00000   10567.00760       0.00000
24       0.00000      0.00000       0.00000   21455.44087
25       0.00000   4516.88765     417.11555       0.00000
26       0.00000      0.00000       0.00000   32524.65501
27   10096.16567      0.00000    3230.33768       0.00000
28       0.00000   2146.43709       0.00000       0.00000
29       0.00000      0.00000       0.00000    9512.95008
30       0.00000      0.00000       0.00000       0.00000
;

beta [*] :=
Cuarto  0.03640
Entero  0.18000
 Medio  0.04200
Octavo  0.00178
;

TInv [*,*] (tr)
:      Cuarto        Entero        Medio        Octavo       :=
1        0.00000      0.00000    3580.51477    1336.04424
2     2253.53387      0.00000    1199.94614   19760.39948
3        0.00000      0.00000       0.00000   38019.21790
4        0.00000      0.00000       0.00000   45173.15676
5        0.00000      0.00000   13330.05953       0.00000
6        0.00000   7200.00000       0.00000       0.00000
7        0.00000   7200.00000       0.00000       0.00000
8        0.00000      0.00000       0.00000   37079.91819
9    11933.89423      0.00000    4882.11176       0.00000
10       0.00000      0.00000       0.00000   40193.92141
11       0.00000   6044.58401       0.00000       0.00000
12       0.00000      0.00000   10050.96125       0.00000
13       0.00000      0.00000       0.00000   38232.17274
14   12269.79971      0.00000    4791.20373       0.00000
15       0.00000   5941.63239       0.00000       0.00000
16       0.00000      0.00000       0.00000   33085.82093
17       0.00000      0.00000    2480.48371   19477.29956
18       0.00000      0.00000   10512.03275       0.00000
19       0.00000      0.00000       0.00000   38264.79914
20       0.00000   5621.53601       0.00000       0.00000
21   11969.95192      0.00000    4071.98071       0.00000
22       0.00000      0.00000       0.00000   31745.20367
23       0.00000      0.00000   10655.61568       0.00000
24       0.00000      0.00000       0.00000   22444.38307
25       0.00000   4613.41255     271.32869       0.00000
26       0.00000      0.00000       0.00000   31687.95794
27    8128.73261      0.00000    4475.78188       0.00000
28       0.00000   2362.41516       0.00000       0.00000
29       0.00000      0.00000       0.00000   10283.34247
30       0.00000      0.00000       0.00000       0.00000
;

beta [*] :=
Cuarto  0.04160
Entero  0.18000
 Medio  0.04200
Octavo  0.00178
;

TInv [*,*] (tr)
:      Cuarto        Entero        Medio        Octavo       :=
1        0.00000      0.00000    3639.65082    1488.78211
2     1967.47583      0.00000    1167.84875   20994.08756
3        0.00000      0.00000       0.00000   38266.83606
4        0.00000      0.00000       0.00000   45281.51774
5        0.00000      0.00000   13330.05953       0.00000
6        0.00000   7200.00000       0.00000       0.00000
7        0.00000   7200.00000       0.00000       0.00000
8        0.00000      0.00000       0.00000   37155.49011
9    11942.15745      0.00000    4896.29682       0.00000
10       0.00000      0.00000       0.00000   40243.62742
11       0.00000   6054.56370       0.00000       0.00000
12       0.00000      0.00000   10072.98734       0.00000
13       0.00000      0.00000       0.00000   38166.20661
14   12296.87334      0.00000    4788.87991       0.00000
15       0.00000   5943.82144       0.00000       0.00000
16       0.00000      0.00000       0.00000   33085.81804
17       0.00000      0.00000    2480.48113   18558.08377
18       0.00000      0.00000   10422.68567       0.00000
19       0.00000      0.00000       0.00000   38255.06090
20       0.00000   5614.63932       0.00000       0.00000
21   11973.70793      0.00000    3980.15572       0.00000
22       0.00000      0.00000       0.00000   31745.20132
23       0.00000      0.00000   10603.91991       0.00000
24       0.00000      0.00000       0.00000   22439.69343
25       0.00000   4613.41229     272.75537       0.00000
26       0.00000      0.00000       0.00000   31687.95723
27    7298.80204      0.00000    4753.17662       0.00000
28       0.00000   2362.41507       0.00000       0.00000
29       0.00000      0.00000       0.00000   10283.34215
30       0.00000      0.00000       0.00000       0.00000
;

beta [*] :=
Cuarto  0.04680
Entero  0.18000
 Medio  0.04200
Octavo  0.00178
;

TInv [*,*] (tr)
:      Cuarto        Entero        Medio        Octavo       :=
1        0.00000      0.00000    3688.68376    1638.61892
2     1747.80133      0.00000    1166.67255   21792.80029
3        0.00000      0.00000       0.00000   38838.19437
4        0.00000      0.00000       0.00000   45493.74052
5        0.00000      0.00000   13330.05953       0.00000
6        0.00000   7200.00000       0.00000       0.00000
7        0.00000   7200.00000       0.00000       0.00000
8        0.00000      0.00000       0.00000   37615.57023
9    12193.07817      0.00000    4918.78393       0.00000
10       0.00000      0.00000       0.00000   40504.56323
11       0.00000   6050.73562       0.00000       0.00000
12       0.00000      0.00000   10113.03130       0.00000
13       0.00000      0.00000       0.00000   38092.43485
14   12624.80199      0.00000    4788.34799       0.00000
15       0.00000   5943.45023       0.00000       0.00000
16       0.00000      0.00000       0.00000   32478.60210
17       0.00000      0.00000    1533.27950   20567.03190
18       0.00000      0.00000   10276.76937       0.00000
19       0.00000      0.00000       0.00000   38232.48808
20       0.00000   5608.27475       0.00000       0.00000
21   12726.68508      0.00000    3850.78685       0.00000
22       0.00000      0.00000       0.00000   31745.20139
23       0.00000      0.00000   10374.79311       0.00000
24       0.00000      0.00000       0.00000   22418.13509
25       0.00000   4655.07866      54.91191       0.00000
26       0.00000      0.00000       0.00000   25937.60426
27       0.00000      0.00000    9582.73490       0.00000
28       0.00000   1403.44974       0.00000       0.00000
29       0.00000      0.00000       0.00000   18109.04093
30       0.00000      0.00000       0.00000       0.00000
;

beta [*] :=
Cuarto  0.05200
Entero  0.18000
 Medio  0.04200
Octavo  0.00178
;

TInv [*,*] (tr)
:      Cuarto        Entero        Medio        Octavo       :=
1        0.00000      0.00000    3728.20463    1762.10299
2     1572.47057      0.00000    1126.54012   22433.18568
3        0.00000      0.00000       0.00000   39053.23987
4        0.00000      0.00000       0.00000   45578.20419
5        0.00000      0.00000   13208.45390       0.00000
6        0.00000   7200.00000       0.00000       0.00000
7        0.00000   7200.00000       0.00000       0.00000
8        0.00000      0.00000       0.00000   38129.26404
9     7430.08143      0.00000    7213.23867       0.00000
10       0.00000      0.00000       0.00000   40804.59318
11       0.00000   6045.01681       0.00000       0.00000
12       0.00000      0.00000   10223.06713       0.00000
13       0.00000      0.00000       0.00000   38039.61100
14   12451.87455      0.00000    4910.83711       0.00000
15       0.00000   5936.07904       0.00000       0.00000
16       0.00000      0.00000       0.00000   32050.00901
17       0.00000      0.00000    1307.84091   21941.79534
18       0.00000      0.00000   10265.56838       0.00000
19       0.00000      0.00000       0.00000   38053.40764
20       0.00000   5559.06075       0.00000       0.00000
21   12625.42667      0.00000    3870.93894       0.00000
22       0.00000      0.00000       0.00000   31745.20081
23       0.00000      0.00000   10337.26410       0.00000
24       0.00000      0.00000       0.00000   22416.98063
25       0.00000   4684.60329      84.73965       0.00000
26       0.00000      0.00000       0.00000   26132.24035
27       0.00000      0.00000    9579.49188       0.00000
28       0.00000   1396.31208       0.00000       0.00000
29       0.00000      0.00000       0.00000   17629.09652
30       0.00000      0.00000       0.00000       0.00000
;

beta [*] :=
Cuarto  0.05720
Entero  0.18000
 Medio  0.04200
Octavo  0.00178
;

TInv [*,*] (tr)
:      Cuarto        Entero        Medio        Octavo       :=
1        0.00000      0.00000    3732.55470    1763.70348
2     1428.50786      0.00000    1132.12562   22287.91859
3        0.00000      0.00000       0.00000   38662.54777
4        0.00000      0.00000       0.00000   45458.33048
5        0.00000      0.00000   13198.21210       0.00000
6        0.00000   7200.00000       0.00000       0.00000
7        0.00000   7200.00000       0.00000       0.00000
8        0.00000      0.00000       0.00000   37701.39267
9     6544.18650      0.00000    7393.10752       0.00000
10       0.00000      0.00000       0.00000   40571.07332
11       0.00000   6059.25655       0.00000       0.00000
12       0.00000      0.00000   10319.26926       0.00000
13       0.00000      0.00000       0.00000   38084.53996
14   12542.63549      0.00000    4971.60531       0.00000
15       0.00000   5946.37747       0.00000       0.00000
16       0.00000      0.00000       0.00000   31879.73938
17       0.00000      0.00000    1043.27401   22835.08313
18       0.00000      0.00000   10272.24030       0.00000
19       0.00000      0.00000       0.00000   38148.60334
20       0.00000   5626.34644       0.00000       0.00000
21   12795.51686      0.00000    3833.95575       0.00000
22       0.00000      0.00000       0.00000   31745.20036
23       0.00000      0.00000   10406.69238       0.00000
24       0.00000      0.00000       0.00000   22442.23911
25       0.00000   4696.34396     132.06449       0.00000
26       0.00000      0.00000       0.00000   26209.63003
27       0.00000      0.00000    9512.51580       0.00000
28       0.00000   1312.19460       0.00000       0.00000
29       0.00000      0.00000       0.00000   18245.53192
30       0.00000      0.00000       0.00000       0.00000
;

beta [*] :=
Cuarto  0.06240
Entero  0.18000
 Medio  0.04200
Octavo  0.00178
;

TInv [*,*] (tr)
:      Cuarto        Entero        Medio        Octavo       :=
1        0.00000      0.00000    3711.31469    1552.93541
2        0.00000      0.00000    1148.68916   24604.05899
3        0.00000      0.00000       0.00000   38408.39148
4        0.00000      0.00000       0.00000   45325.60630
5        0.00000      0.00000   13163.74335       0.00000
6        0.00000   7200.00000       0.00000       0.00000
7     8181.43364   5154.64159       0.00000       0.00000
8        0.00000      0.00000       0.00000   36797.81351
9        0.00000      0.00000   10842.48776       0.00000
10       0.00000      0.00000       0.00000   40116.97144
11       0.00000   5796.76037       0.00000       0.00000
12       0.00000      0.00000   10804.85591       0.00000
13       0.00000      0.00000       0.00000   38253.93855
14   12886.12926      0.00000    5369.93204       0.00000
15       0.00000   5738.49733       0.00000       0.00000
16       0.00000      0.00000       0.00000   31306.30158
17       0.00000      0.00000    1586.73138   25505.06687
18       0.00000      0.00000   11066.90940       0.00000
19       0.00000      0.00000       0.00000   38321.01735
20       0.00000   4924.50577       0.00000       0.00000
21    5272.72106   3082.74258    1540.32453       0.00000
22       0.00000      0.00000       0.00000   30920.73327
23       0.00000      0.00000    9860.33116       0.00000
24       0.00000      0.00000       0.00000   32313.52131
25       0.00000   4794.44444       0.00000       0.00000
26       0.00000      0.00000       0.00000   21429.75991
27       0.00000      0.00000    9582.73809       0.00000
28       0.00000   1075.02956       0.00000       0.00000
29       0.00000      0.00000       0.00000   15513.30386
30       0.00000      0.00000       0.00000       0.00000
;

beta [*] :=
Cuarto  0.06760
Entero  0.18000
 Medio  0.04200
Octavo  0.00178
;

TInv [*,*] (tr)
:      Cuarto        Entero        Medio        Octavo       :=
1        0.00000      0.00000    3711.31437    1552.95667
2        0.00000      0.00000    1159.04946   24681.09788
3        0.00000      0.00000       0.00000   38510.06404
4        0.00000      0.00000       0.00000   45352.52008
5        0.00000      0.00000   13111.81319       0.00000
6        0.00000   7200.00000       0.00000       0.00000
7     7588.01164   5302.99709       0.00000       0.00000
8        0.00000      0.00000       0.00000   36948.58670
9        0.00000      0.00000   10792.28139       0.00000
10       0.00000      0.00000       0.00000   40170.47801
11       0.00000   5839.42174       0.00000       0.00000
12       0.00000      0.00000   10852.04851       0.00000
13       0.00000      0.00000       0.00000   38258.66298
14   13086.76883      0.00000    5361.63520       0.00000
15       0.00000   5673.92175       0.00000       0.00000
16       0.00000   2195.62441       0.00000   11382.36495
17       0.00000      0.00000       0.00000   37728.55187
18       0.00000      0.00000    9582.73810       0.00000
19       0.00000      0.00000       0.00000   38301.79431
20       0.00000   5267.06293       0.00000       0.00000
21       0.00000      0.00000    9556.84524       0.00000
22       0.00000      0.00000       0.00000   31238.02185
23       0.00000      0.00000   10499.70108       0.00000
24       0.00000      0.00000       0.00000   23480.36600
25       0.00000   4639.17294       0.00000       0.00000
26    1248.70281      0.00000       0.00000   26232.92825
27       0.00000      0.00000    9582.73810       0.00000
28       0.00000   1077.49526       0.00000       0.00000
29       0.00000      0.00000       0.00000   15557.28713
30       0.00000      0.00000       0.00000       0.00000
;

beta [*] :=
Cuarto  0.07280
Entero  0.18000
 Medio  0.04200
Octavo  0.00178
;

TInv [*,*] (tr)
:      Cuarto        Entero        Medio        Octavo       :=
1        0.00005      0.00002    3711.31472    1552.93605
2        0.00008      0.00002    1151.95075   24626.57507
3        0.00007      0.00002       0.00002   38410.96757
4        0.00007      0.00002       0.00002   45312.55977
5        0.00014      0.00003   13111.81307       0.00013
6        0.00008   7199.99996       0.00002       0.00008
7     7022.51346   5444.37161       0.00002       0.00009
8        0.00008      0.00002       0.00002   36904.17706
9        0.00016      0.00003   10774.56142       0.00013
10       0.00008      0.00002       0.00001   40130.62901
11       0.00010   5852.64836       0.00001       0.00008
12       0.00015      0.00003   10855.90981       0.00012
13       0.00009      0.00001       0.00001   38276.35826
14   13153.09719      0.00001    5382.75733       0.00007
15       0.00011   5607.65452       0.00002       0.00009
16       0.00023   2053.47618       0.00002   11810.78409
17       0.00011      0.00001       0.00001   35644.32306
18       0.00031      0.00009    9582.73789       0.00025
19       0.00009      0.00001       0.00001   38289.97940
20       0.00008   5643.57086       0.00001       0.00007
21       0.00038      0.00009    9556.84492       0.00013
22       0.00017      0.00001       0.00002   31181.39734
23       0.00030      0.00004   10707.43789       0.00012
24       0.00019      0.00001       0.00002   23596.19100
25      44.69354   4751.69671       0.00001       0.00010
26    1123.56541      0.00000       0.00000   26483.52183
27       0.00001      0.00000    9582.73772       0.00001
28       0.00001   1079.59379       0.00003       0.00002
29       0.00000      0.00000       0.00000   15595.09040
30       0.00000      0.00000       0.00000       0.00000
;

beta [*] :=
Cuarto  0.07800
Entero  0.18000
 Medio  0.04200
Octavo  0.00178
;

TInv [*,*] (tr)
:      Cuarto        Entero        Medio        Octavo       :=
1        0.00003      0.00001    3711.31470    1552.93561
2        0.00005      0.00001    1151.42680   24625.88350
3        0.00005      0.00001       0.00002   38397.07937
4        0.00005      0.00001       0.00002   45307.96905
5        0.00008      0.00002   13111.81311       0.00010
6        0.00006   7199.99996       0.00002       0.00008
7     6535.18769   5566.20306       0.00002       0.00009
8        0.00005      0.00001       0.00002   36899.20633
9        0.00008      0.00002   10772.24673       0.00009
10       0.00004      0.00001       0.00001   40123.18403
11       0.00005   5864.25505       0.00002       0.00007
12       0.00005      0.00001   10856.14501       0.00008
13       0.00003      0.00001       0.00001   38278.70849
14   13215.97318      0.00001    5386.48136       0.00006
15       0.00004   5616.98302       0.00001       0.00006
16       0.00006   2013.76431       0.00002   12180.84767
17       0.00004      0.00001       0.00001   35251.16400
18       0.00008      0.00003    9582.73804       0.00008
19       0.00003      0.00001       0.00001   38286.46463
20       0.00003   5655.10267       0.00001       0.00004
21       0.00008      0.00003    9556.84516       0.00005
22       0.00005      0.00001       0.00001   31131.22448
23       0.00006      0.00001   10753.92177       0.00005
24       0.00004      0.00000       0.00001   23696.89250
25       0.00046   4794.44433       0.00002       0.00004
26     826.04144      0.00000       0.00001   27070.84042
27       0.00001      0.00000    9582.73793       0.00002
28       0.00001   1081.45011       0.00001       0.00002
29       0.00000      0.00000       0.00000   15628.26295
30       0.00000      0.00000       0.00000       0.00000
;

beta [*] :=
Cuarto  0.08320
Entero  0.18000
 Medio  0.04200
Octavo  0.00178
;

TInv [*,*] (tr)
:      Cuarto        Entero        Medio        Octavo       :=
1        0.00000      0.00000    3711.31469    1552.93538
2        0.00000      0.00000    1172.76281   24649.58396
3        0.00000      0.00000       0.00000   38578.04451
4        0.00000      0.00000       0.00000   45379.92297
5        0.00000      0.00000   13111.81319       0.00000
6        0.00000   7200.00000       0.00000       0.00000
7     6111.00864   5672.24784       0.00000       0.00000
8        0.00000      0.00000       0.00000   37066.86345
9        0.00000      0.00000   10796.88556       0.00000
10       0.00000      0.00000       0.00000   40196.68864
11       0.00000   5886.30999       0.00000       0.00000
12       0.00000      0.00000   10865.94453       0.00000
13       0.00000      0.00000       0.00000   38257.21436
14   13286.12757      0.00000    5383.09048       0.00000
15       0.00000   5649.68018       0.00000       0.00000
16       0.00000   1996.96122       0.00000   12502.83436
17       0.00000      0.00000       0.00000   35207.15738
18       0.00000      0.00000    9582.73810       0.00000
19       0.00000      0.00000       0.00000   38284.97665
20       0.00000   5639.00214       0.00000       0.00000
21       0.00000      0.00000    9556.84524       0.00000
22       0.00000      0.00000       0.00000   31087.53741
23       0.00000      0.00000   10759.31600       0.00000
24       0.00000      0.00000       0.00000   23770.80949
25       0.00000   4794.44444       0.00000       0.00000
26     380.61351      0.00000       0.00000   28647.67242
27       0.00000      0.00000    9550.44663       0.00000
28       0.00000   1232.95156       0.00000       0.00000
29       0.00000      0.00000       0.00000   16184.01258
30       0.00000      0.00000       0.00000       0.00000
;

beta [*] :=
Cuarto  0.08840
Entero  0.18000
 Medio  0.04200
Octavo  0.00178
;

TInv [*,*] (tr)
:      Cuarto        Entero        Medio        Octavo       :=
1        0.00001      0.00000    3711.31469    1552.93542
2        0.00001      0.00000    1155.87155   24626.87450
3        0.00001      0.00000       0.00000   38468.74622
4        0.00001      0.00000       0.00000   45330.39564
5        0.00002      0.00000   13111.81317       0.00002
6        0.00001   7199.99999       0.00000       0.00001
7     5738.46268   5765.38433       0.00000       0.00001
8        0.00001      0.00000       0.00000   36965.03279
9        0.00002      0.00000   10777.46248       0.00002
10       0.00001      0.00000       0.00000   40148.89592
11       0.00001   5884.21094       0.00000       0.00001
12       0.00002      0.00000   10858.93919       0.00001
13       0.00001      0.00000       0.00000   38273.03870
14   13339.25941      0.00000    5386.98101       0.00001
15       0.00001   5642.36064       0.00000       0.00001
16       0.00003   1946.21173       0.00000   12785.53712
17       0.00001      0.00000       0.00000   35176.06515
18       0.00003      0.00001    9582.73808       0.00002
19       0.00001      0.00000       0.00000   38288.25563
20       0.00001   5668.69997       0.00000       0.00001
21       0.00003      0.00000    9556.84521       0.00001
22       0.00002      0.00000       0.00000   31049.15666
23       0.00003      0.00000   10770.29138       0.00001
24       0.00002      0.00000       0.00000   23854.65668
25       0.00010   4794.44442       0.00000       0.00001
26       0.00009      0.00000       0.00000   30053.14268
27       0.00000      0.00000    9503.98689       0.00001
28       0.00000   1404.13312       0.00000       0.00000
29       0.00000      0.00000       0.00000   16733.17777
30       0.00000      0.00000       0.00000       0.00000
;

beta [*] :=
Cuarto  0.09360
Entero  0.18000
 Medio  0.04200
Octavo  0.00178
;

TInv [*,*] (tr)
:      Cuarto        Entero        Medio        Octavo       :=
1        0.00000      0.00000    3711.31469    1552.93538
2        0.00000      0.00000    1155.75798   24626.31388
3        0.00000      0.00000       0.00000   38465.57669
4        0.00000      0.00000       0.00000   45328.78423
5        0.00000      0.00000   13111.81319       0.00000
6        0.00000   7200.00000       0.00000       0.00000
7     5408.67357   5847.83161       0.00000       0.00000
8        0.00000      0.00000       0.00000   36962.01375
9        0.00000      0.00000   10776.98717       0.00000
10       0.00000      0.00000       0.00000   40147.19554
11       0.00000   5890.11558       0.00000       0.00000
12       0.00000      0.00000   10858.63202       0.00000
13       0.00000      0.00000       0.00000   38273.30666
14   13345.34988      0.00000    5387.08428       0.00000
15       0.00000   5649.41116       0.00000       0.00000
16       0.00000   1917.24297       0.00000   13035.72705
17       0.00000      0.00000       0.00000   35185.89371
18       0.00000      0.00000    9582.73809       0.00000
19       0.00000      0.00000       0.00000   38288.25676
20       0.00000   5673.25221       0.00000       0.00000
21       0.00000      0.00000    9556.84524       0.00000
22       0.00000      0.00000       0.00000   31015.17246
23       0.00000      0.00000   10770.63579       0.00000
24       0.00000      0.00000       0.00000   23922.83975
25       0.00000   4794.44444       0.00000       0.00000
26       0.00000      0.00000       0.00000   30000.79823
27       0.00000      0.00000    9494.75155       0.00000
28       0.00000   1410.27728       0.00000       0.00000
29       0.00000      0.00000       0.00000   16712.57541
30       0.00000      0.00000       0.00000       0.00000
;

beta [*] :=
Cuarto  0.09880
Entero  0.18000
 Medio  0.04200
Octavo  0.00178
;

TInv [*,*] (tr)
:      Cuarto       Entero        Medio        Octavo       :=
1       0.00031      0.00012    3711.31478    1552.93747
2       0.00049      0.00015    1153.73939   24652.26203
3       0.00047      0.00014       0.00027   38432.55811
4       0.00049      0.00014       0.00019   45322.30428
5     875.73612      0.00048   12513.90929       0.00202
6       0.00063   7199.99957       0.00022       0.00111
7       0.00067   7199.99956       0.00021       0.00110
8       0.00051      0.00016       0.00019   36946.14270
9    5472.24797    641.27807    6527.99035       0.00233
10      0.00051      0.00015       0.00018   40125.16291
11      0.00062   6084.56144       0.00021       0.00100
12      0.00107      0.00040    9556.84421       0.00146
13      0.00049      0.00013       0.00017   38275.81230
14      0.00100      0.00033   10776.62429       0.00119
15      0.00059   5973.73373       0.00020       0.00078
16   7634.81085      0.00043       0.00027   14246.65924
17      0.00070      0.00019       0.00020   35246.99970
18      0.00102      0.00032    9582.73739       0.00097
19      0.00058      0.00014       0.00017   38281.24196
20      0.00043   5705.27774       0.00014       0.00056
21      0.00113      0.00035    9556.84404       0.00075
22      0.00062      0.00013       0.00015   31220.55256
23      0.00081      0.00015   10776.62450       0.00060
24      0.00056      0.00006       0.00013   23517.16822
25      0.00065   4738.74550       0.00014       0.00044
26    874.79481      0.00004       0.00011   26982.77925
27      0.00013      0.00003    9556.51845       0.00026
28      0.00018   1098.37585       0.00016       0.00026
29      0.00006      0.00001       0.00002   15590.97579
30      0.00000      0.00000       0.00000       0.00000
;

beta [*] :=
Cuarto  0.10400
Entero  0.18000
 Medio  0.04200
Octavo  0.00178
;

TInv [*,*] (tr)
:      Cuarto        Entero        Medio        Octavo       :=
1        0.00000      0.00000    3711.31301    1552.98019
2        0.00000      0.00000    1175.38709   24821.72615
3        0.00000      0.00000       0.00000   38759.27078
4        0.00000      0.00000       0.00000   45448.06785
5      773.33778      0.00000   12804.58319       0.00000
6        0.00000   7200.00000       0.00000       0.00000
7        9.44119   7197.63970       0.00000       0.00000
8        0.00000      0.00000       0.00000   37280.05037
9    11757.79920      0.00000    5373.75516       0.00000
10       0.00000      0.00000       0.00000   40325.27878
11       0.00000   6023.21598       0.00000       0.00000
12       0.00000      0.00000    9556.84524       0.00000
13       0.00000      0.00000       0.00000   38179.20703
14       0.00000      0.00000   10771.02302       0.00000
15       0.00000   5902.61922       0.00000       0.00000
16       0.00000      0.00000       0.00000   30342.24438
17       0.00000      0.00000       0.00000   37972.04382
18       0.00000      0.00000    9582.73810       0.00000
19       0.00000      0.00000       0.00000   39736.25224
20       0.00000   5507.45039       0.00000       0.00000
21       0.00000      0.00000    9556.84525       0.00000
22       0.00000      0.00000       0.00000   33329.77705
23       0.00000      0.00000   10772.33799       0.00000
24     635.17401      0.00000       0.00000   18135.63840
25       0.00000   4762.24692       0.00000       0.00000
26     833.21171      0.00000       0.00000   27066.16668
27       0.00000      0.00000    9549.31861       0.00000
28       0.00000   1102.54810       0.00000       0.00000
29       0.00000      0.00000       0.00000   15572.27114
30       0.00000      0.00000       0.00000       0.00000
;

beta [*] :=
Cuarto  0.10920
Entero  0.18000
 Medio  0.04200
Octavo  0.00178
;

TInv [*,*] (tr)
:      Cuarto        Entero        Medio        Octavo       :=
1        0.00000      0.00000    3711.31469    1552.93538
2        0.00000      0.00000    1103.10434   24507.50647
3        0.00000      0.00000       0.00000   37697.75519
4        0.00000      0.00000       0.00000   45054.31219
5      753.07722      0.00000   12774.53263       0.00000
6        0.00000   7200.00000       0.00000       0.00000
7        0.00000   7200.00000       0.00000       0.00000
8        0.00000      0.00000       0.00000   36173.55925
9    11253.08056      0.00000    5570.28557       0.00000
10       0.00000      0.00000       0.00000   39741.86213
11       0.00000   6021.75334       0.00000       0.00000
12       0.00000      0.00000    9556.84524       0.00000
13       0.00000      0.00000       0.00000   38518.41745
14       0.00000      0.00000   10786.81359       0.00000
15       0.00000   5908.71052       0.00000       0.00000
16       0.00000      0.00000       0.00000   30325.35051
17       0.00000      0.00000       0.00000   38629.94326
18       0.00000      0.00000    9582.73810       0.00000
19       0.00000      0.00000       0.00000   39531.34874
20       0.00000   5582.98494       0.00000       0.00000
21       0.00000      0.00000    9556.84524       0.00000
22       0.00000      0.00000       0.00000   35005.60379
23       0.00000      0.00000   10787.08766       0.00000
24     588.00971      0.00000       0.00000   18416.75655
25       0.00000   4760.99446       0.00000       0.00000
26     795.40097      0.00000       0.00000   27141.98940
27       0.00000      0.00000    9542.79437       0.00000
28       0.00000   1106.33481       0.00000       0.00000
29       0.00000      0.00000       0.00000   15555.42745
30       0.00000      0.00000       0.00000       0.00000
;

beta [*] :=
Cuarto  0.11440
Entero  0.18000
 Medio  0.04200
Octavo  0.00178
;

TInv [*,*] (tr)
:      Cuarto        Entero        Medio        Octavo       :=
1        0.00015      0.00005    3711.31474    1552.93679
2        0.00098      0.00004    1123.76644   24617.34201
3        0.00035      0.00003       0.00007   38010.04633
4        0.00034      0.00004       0.00006   45213.13068
5      725.50995      0.00002   12750.91113       0.00013
6        0.00069   7199.99977       0.00005       0.00020
7        0.00084   7199.99973       0.00005       0.00020
8        0.00010      0.00004       0.00005   36585.02429
9    10791.32500      0.00004    5734.65069       0.00015
10       0.00012      0.00004       0.00004   39985.34687
11       0.00011   6026.06491       0.00003       0.00015
12       0.00028      0.00012    9556.84499       0.00029
13       0.00012      0.00003       0.00003   38409.77783
14       0.00029      0.00010   10783.43868       0.00024
15       0.00012   5908.14181       0.00004       0.00013
16       0.00039      0.00022       0.00007   30309.98290
17       0.00037      0.00017       0.00006   38575.96388
18       0.00036      0.00011    9582.73794       0.00020
19       0.00034      0.00011       0.00005   39636.49716
20       0.00009   5544.66199       0.00003       0.00011
21       0.00028      0.00006    9556.84505       0.00017
22       0.00019      0.00003       0.00004   34569.47382
23       0.00020      0.00001   10784.16369       0.00015
24     545.04451      0.00002       0.00005   18465.18659
25       0.00111   4759.83806       0.00006       0.00020
26     760.87049      0.00001       0.00002   27211.23198
27       0.00002      0.00001    9536.85354       0.00004
28       0.00004   1109.78113       0.00004       0.00005
29       0.00001      0.00000       0.00000   15540.07511
30       0.00000      0.00000       0.00000       0.00000
;

beta [*] :=
Cuarto  0.11960
Entero  0.18000
 Medio  0.04200
Octavo  0.00178
;

TInv [*,*] (tr)
:      Cuarto        Entero        Medio        Octavo       :=
1        0.00000      0.00000    3711.31469    1552.93540
2        0.00001      0.00000    1144.58087   24624.70106
3        0.00000      0.00000       0.00000   38198.74214
4        0.00000      0.00000       0.00000   45291.47105
5      699.84484      0.00000   12729.26687       0.00001
6        0.00001   7200.00000       0.00000       0.00001
7        0.00001   7200.00000       0.00000       0.00001
8        0.00000      0.00000       0.00000   36789.00692
9    10365.94540      0.00000    5881.07372       0.00001
10       0.00000      0.00000       0.00000   40088.07573
11       0.00000   6021.81120       0.00000       0.00001
12       0.00001      0.00000    9556.84523       0.00001
13       0.00000      0.00000       0.00000   38330.54257
14       0.00001      0.00000   10779.50473       0.00001
15       0.00000   5902.40513       0.00000       0.00000
16       0.00001      0.00000       0.00000   30295.96437
17       0.00001      0.00000       0.00000   38502.11363
18       0.00001      0.00000    9582.73809       0.00001
19       0.00001      0.00000       0.00000   39655.01281
20       0.00000   5542.04534       0.00000       0.00000
21       0.00001      0.00000    9556.84523       0.00000
22       0.00000      0.00000       0.00000   34216.34208
23       0.00000      0.00000   10779.99159       0.00000
24     505.84118      0.00000       0.00000   18498.40205
25       0.00001   4758.78493       0.00000       0.00000
26     729.21684      0.00000       0.00000   27274.70604
27       0.00000      0.00000    9531.42142       0.00000
28       0.00000   1112.93300       0.00000       0.00000
29       0.00000      0.00000       0.00000   15526.05281
30       0.00000      0.00000       0.00000       0.00000
;

beta [*] :=
Cuarto  0.12480
Entero  0.18000
 Medio  0.04200
Octavo  0.00178
;

TInv [*,*] (tr)
:      Cuarto       Entero        Medio        Octavo       :=
1       0.00009      0.00004    3711.31472    1552.93639
2       0.00020      0.00004    1143.14786   24624.25990
3       0.00014      0.00004       0.00006   38233.11930
4       0.00014      0.00004       0.00005   45306.92711
5     675.88953      0.00004   12709.36391       0.00019
6       0.00016   7199.99990       0.00005       0.00020
7       0.00017   7199.99990       0.00005       0.00020
8       0.00009      0.00004       0.00004   36841.96986
9    9972.79800      0.00010    6020.62417       0.00024
10      0.00010      0.00004       0.00004   40120.54654
11      0.00010   6023.50452       0.00004       0.00017
12      0.00019      0.00012    9556.84503       0.00030
13      0.00010      0.00003       0.00004   38322.23184
14      0.00020      0.00010   10779.35035       0.00024
15      0.00010   5904.32102       0.00004       0.00014
16      0.00026      0.00023       0.00007   30283.11193
17      0.00025      0.00018       0.00007   38474.99487
18      0.00022      0.00009    9582.73804       0.00020
19      0.00022      0.00011       0.00006   39662.49131
20      0.00008   5542.80907       0.00003       0.00011
21      0.00015      0.00005    9556.84508       0.00015
22      0.00015      0.00003       0.00004   34175.32442
23      0.00012      0.00001   10779.73289       0.00013
24    469.89706      0.00002       0.00005   18560.16969
25      0.00046   4757.81563       0.00005       0.00016
26    700.08898      0.00001       0.00002   27333.11400
27      0.00002      0.00001    9526.43568       0.00005
28      0.00004   1115.82636       0.00004       0.00006
29      0.00001      0.00000       0.00000   15513.19952
30      0.00000      0.00000       0.00000       0.00000
;

beta [*] :=
Cuarto  0.13000
Entero  0.18000
 Medio  0.04200
Octavo  0.00178
;

TInv [*,*] (tr)
:      Cuarto       Entero        Medio        Octavo       :=
1       0.00000      0.00000    3711.31469    1552.93541
2       0.00000      0.00000    1150.08456   24626.36353
3       0.00000      0.00000       0.00000   38325.13095
4       0.00000      0.00000       0.00000   45335.53046
5     653.48763      0.00000   12690.99886       0.00001
6       0.00000   7200.00000       0.00000       0.00001
7       0.00000   7200.00000       0.00000       0.00001
8       0.00000      0.00000       0.00000   36916.58947
9    9608.35817      0.00001    6147.22161       0.00001
10      0.00000      0.00000       0.00000   40157.15337
11      0.00000   6024.99852       0.00000       0.00001
12      0.00001      0.00000    9556.84523       0.00001
13      0.00000      0.00000       0.00000   38296.47341
14      0.00001      0.00000   10778.09705       0.00001
15      0.00000   5906.02620       0.00000       0.00000
16      0.00001      0.00001       0.00000   30271.29616
17      0.00001      0.00001       0.00000   38468.83709
18      0.00001      0.00000    9582.73809       0.00001
19      0.00001      0.00000       0.00000   39724.73606
20      0.00000   5538.78927       0.00000       0.00000
21      0.00001      0.00000    9556.84523       0.00001
22      0.00000      0.00000       0.00000   34213.53646
23      0.00000      0.00000   10778.25754       0.00000
24    436.83907      0.00000       0.00000   18597.41002
25      0.00001   4756.92424       0.00000       0.00000
26    673.20008      0.00000       0.00000   27387.03220
27      0.00000      0.00000    9521.84342       0.00000
28      0.00000   1118.49189       0.00000       0.00000
29      0.00000      0.00000       0.00000   15501.37212
30      0.00000      0.00000       0.00000       0.00000
;

beta [*] :=
Cuarto  0.13520
Entero  0.18000
 Medio  0.04200
Octavo  0.00178
;

TInv [*,*] (tr)
:      Cuarto       Entero        Medio        Octavo       :=
1       0.00002      0.00001    3711.31469    1552.93581
2       0.00003      0.00001    1163.71265   24637.28650
3       0.00003      0.00001       0.00002   38432.73459
4       0.00003      0.00001       0.00001   45366.98383
5     632.49535      0.00002   12673.99989       0.00009
6       0.00003   7199.99998       0.00001       0.00006
7       0.00003   7199.99998       0.00001       0.00006
8       0.00002      0.00001       0.00001   36993.36468
9    9269.58777      0.00013    6265.50447       0.00015
10      0.00002      0.00001       0.00001   40184.58291
11      0.00002   6021.33858       0.00001       0.00005
12      0.00004      0.00004    9556.84517       0.00009
13      0.00002      0.00001       0.00001   38242.00352
14      0.00004      0.00003   10776.27434       0.00007
15      0.00003   5900.72723       0.00001       0.00004
16      0.00004      0.00008       0.00002   30260.38918
17      0.00004      0.00006       0.00002   38441.63796
18      0.00004      0.00003    9582.73807       0.00006
19      0.00004      0.00003       0.00002   39728.02758
20      0.00002   5528.21276       0.00001       0.00003
21      0.00003      0.00002    9556.84518       0.00005
22      0.00003      0.00001       0.00001   34062.48965
23      0.00003      0.00000   10774.79974       0.00004
24    406.32359      0.00001       0.00001   18604.88531
25      0.00008   4756.09967       0.00002       0.00004
26    648.29929      0.00000       0.00001   27436.96320
27      0.00001      0.00000    9517.59977       0.00002
28      0.00001   1120.95542       0.00001       0.00002
29      0.00000      0.00000       0.00000   15490.45400
30      0.00000      0.00000       0.00000       0.00000
;

beta [*] :=
Cuarto  0.14040
Entero  0.18000
 Medio  0.04200
Octavo  0.00178
;

TInv [*,*] (tr)
:      Cuarto       Entero        Medio        Octavo       :=
1       0.00000      0.00000    3711.31466    1552.93573
2       0.00001      0.00000    1155.92251   24630.65398
3       0.00001      0.00000       0.00000   38426.44998
4       0.00001      0.00000       0.00000   45318.21173
5     612.78737      0.00000   12658.21985       0.00002
6       0.00001   7200.00000       0.00000       0.00001
7       0.00001   7200.00000       0.00000       0.00001
8       0.00001      0.00000       0.00000   36920.52618
9    8953.86932      0.00001    6380.10000       0.00002
10      0.00001      0.00000       0.00000   40126.81890
11      0.00001   6018.81310       0.00000       0.00001
12      0.00001      0.00000    9556.84523       0.00001
13      0.00001      0.00000       0.00000   38269.43258
14      0.00001      0.00000   10776.48278       0.00001
15      0.00000   5899.19502       0.00000       0.00001
16      0.00002      0.00001       0.00000   30250.29411
17      0.00002      0.00000       0.00000   38285.77143
18      0.00002      0.00000    9582.73809       0.00001
19      0.00001      0.00000       0.00000   39601.13188
20      0.00000   5539.59500       0.00000       0.00000
21      0.00002      0.00000    9556.84523       0.00001
22      0.00001      0.00000       0.00000   33842.16677
23      0.00002      0.00000   10776.33256       0.00001
24    378.07292      0.00000       0.00000   18646.10262
25      0.00000   4755.33571       0.00000       0.00000
26    625.17502      0.00000       0.00000   27483.33162
27      0.00000      0.00000    9513.66652       0.00000
28      0.00000   1123.23911       0.00000       0.00000
29      0.00000      0.00000       0.00000   15480.34344
30      0.00000      0.00000       0.00000       0.00000
;

beta [*] :=
Cuarto  0.14560
Entero  0.18000
 Medio  0.04200
Octavo  0.00178
;

TInv [*,*] (tr)
:      Cuarto       Entero        Medio        Octavo       :=
1       0.00000      0.00000    3711.31469    1552.93538
2       0.00000      0.00000    1143.37026   24625.09350
3       0.00000      0.00000       0.00000   38363.73714
4       0.00000      0.00000       0.00000   45329.59113
5     594.25154      0.00000   12643.53281       0.00000
6       0.00000   7200.00000       0.00000       0.00000
7       0.00000   7200.00000       0.00000       0.00000
8       0.00000      0.00000       0.00000   36939.71956
9    8658.92589      0.00000    6484.57262       0.00000
10      0.00000      0.00000       0.00000   40164.43838
11      0.00000   6023.75286       0.00000       0.00000
12      0.00000      0.00000    9556.84513       0.00000
13      0.00000      0.00000       0.00000   38299.26199
14      0.00000      0.00000   10778.40332       0.00000
15      0.00000   5904.99778       0.00000       0.00000
16      0.00000      0.00000       0.00000   30240.92170
17      0.00000      0.00000       0.00000   38322.54108
18      0.00000      0.00000    9582.73810       0.00000
19      0.00000      0.00000       0.00000   39629.01790
20      0.00000   5542.59198       0.00000       0.00000
21      0.00000      0.00000    9556.84524       0.00000
22      0.00000      0.00000       0.00000   33985.37747
23      0.00000      0.00000   10778.10754       0.00000
24    351.84256      0.00000       0.00000   18721.09398
25      0.00000   4754.62559       0.00000       0.00000
26    603.64340      0.00000       0.00000   27526.50614
27      0.00000      0.00000    9510.01080       0.00000
28      0.00000   1125.36192       0.00000       0.00000
29      0.00000      0.00000       0.00000   15470.95424
30      0.00000      0.00000       0.00000       0.00000
;

beta [*] :=
Cuarto  0.15080
Entero  0.18000
 Medio  0.04200
Octavo  0.00178
;

TInv [*,*] (tr)
:      Cuarto       Entero        Medio        Octavo       :=
1       0.00000      0.00000    3711.31469    1552.93538
2       0.00000      0.00000    1143.84274   24624.70631
3       0.00000      0.00000       0.00000   38360.65067
4       0.00000      0.00000       0.00000   45326.45343
5     575.73609      0.00000   12637.86941       0.00000
6       0.00000   7200.00000       0.00000       0.00000
7       0.00000   7200.00000       0.00000       0.00000
8       0.00000      0.00000       0.00000   36930.34055
9    8366.89979      0.00001    6600.21618       0.00001
10      0.00000      0.00000       0.00000   40156.85525
11      0.00000   6022.49183       0.00000       0.00000
12      0.00000      0.00000    9556.03709       0.00000
13      0.00000      0.00000       0.00000   38297.39515
14      0.00000      0.00000   10778.32248       0.00000
15      0.00000   5903.31736       0.00000       0.00000
16      0.00000      0.00000       0.00000   30232.19749
17      0.00000      0.00000       0.00000   38314.83267
18      0.00000      0.00000    9582.73809       0.00000
19      0.00000      0.00000       0.00000   39617.59850
20      0.00000   5542.38035       0.00000       0.00000
21      0.00000      0.00000    9556.84524       0.00000
22      0.00000      0.00000       0.00000   33955.06573
23      0.00000      0.00000   10778.07554       0.00000
24    327.42309      0.00000       0.00000   18769.39337
25      0.00000   4753.96381       0.00000       0.00000
26    583.54544      0.00000       0.00000   27566.80568
27      0.00000      0.00000    9506.60424       0.00000
28      0.00000   1127.34030       0.00000       0.00000
29      0.00000      0.00000       0.00000   15462.21187
30      0.00000      0.00000       0.00000       0.00000
;

beta [*] :=
Cuarto  0.15600
Entero  0.18000
 Medio  0.04200
Octavo  0.00178
;

TInv [*,*] (tr)
:      Cuarto       Entero        Medio        Octavo       :=
1       0.00000      0.00000    3711.31469    1552.93538
2       0.00000      0.00000    1140.72904   24624.92484
3       0.00000      0.00000       0.00000   38334.71546
4       0.00000      0.00000       0.00000   45335.71414
5     558.08134      0.00000   12634.58537       0.00000
6       0.00000   7200.00000       0.00000       0.00000
7       0.00000   7200.00000       0.00000       0.00000
8       0.00000      0.00000       0.00000   36947.48039
9    8090.15113      0.00001    6710.68035       0.00000
10      0.00000      0.00000       0.00000   40182.90445
11      0.00000   6024.46097       0.00000       0.00000
12      0.00000      0.00000    9555.69844       0.00000
13      0.00000      0.00000       0.00000   38312.64390
14      0.00000      0.00000   10779.07418       0.00000
15      0.00000   5905.46072       0.00000       0.00000
16      0.00000      0.00000       0.00000   30224.05656
17      0.00000      0.00000       0.00000   38332.07539
18      0.00000      0.00000    9582.73810       0.00000
19      0.00000      0.00000       0.00000   39625.57608
20      0.00000   5542.65673       0.00000       0.00000
21      0.00000      0.00000    9556.84524       0.00000
22      0.00000      0.00000       0.00000   33999.66088
23      0.00000      0.00000   10778.70184       0.00000
24    304.63354      0.00000       0.00000   18828.10247
25      0.00000   4753.34565       0.00000       0.00000
26    564.74259      0.00000       0.00000   27604.50809
27      0.00000      0.00000    9503.42221       0.00000
28      0.00000   1129.18849       0.00000       0.00000
29      0.00000      0.00000       0.00000   15454.05166
30      0.00000      0.00000       0.00000       0.00000
;

beta [*] :=
Cuarto  0.16120
Entero  0.18000
 Medio  0.04200
Octavo  0.00178
;

TInv [*,*] (tr)
:      Cuarto       Entero        Medio        Octavo       :=
1       0.00000      0.00000    3711.31469    1552.93538
2       0.00000      0.00000    1140.02924   24625.01070
3       0.00000      0.00000       0.00000   38322.11002
4       0.00000      0.00000       0.00000   45341.66467
5     541.47050      0.00000   12631.55056       0.00000
6       0.00000   7200.00000       0.00000       0.00000
7       0.00000   7200.00000       0.00000       0.00000
8       0.00000      0.00000       0.00000   36957.37753
9    7831.09840      0.00001    6813.77611       0.00000
10      0.00000      0.00000       0.00000   40197.14887
11      0.00000   6024.90131       0.00000       0.00000
12      0.00000      0.00000    9555.42465       0.00000
13      0.00000      0.00000       0.00000   38320.13025
14      0.00000      0.00000   10779.35292       0.00000
15      0.00000   5905.76415       0.00000       0.00000
16      0.00000      0.00000       0.00000   30216.44231
17      0.00000      0.00000       0.00000   38339.88698
18      0.00000      0.00000    9582.73810       0.00000
19      0.00000      0.00000       0.00000   39625.67744
20      0.00000   5542.64460       0.00000       0.00000
21      0.00000      0.00000    9556.84524       0.00000
22      0.00000      0.00000       0.00000   34004.77946
23      0.00000      0.00000   10778.90841       0.00000
24    283.31596      0.00000       0.00000   18879.26593
25      0.00000   4752.76693       0.00000       0.00000
26    547.11358      0.00000       0.00000   27639.85658
27      0.00000      0.00000    9500.44322       0.00000
28      0.00000   1130.91895       0.00000       0.00000
29      0.00000      0.00000       0.00000   15446.41734
30      0.00000      0.00000       0.00000       0.00000
;

beta [*] :=
Cuarto  0.16640
Entero  0.18000
 Medio  0.04200
Octavo  0.00178
;

TInv [*,*] (tr)
:      Cuarto       Entero        Medio        Octavo       :=
1       0.00000      0.00000    3711.31469    1552.93538
2       0.00000      0.00000    1140.32186   24625.11607
3       0.00000      0.00000       0.00000   38318.05844
4       0.00000      0.00000       0.00000   45345.22957
5     525.81426      0.00000   12628.73831       0.00000
6       0.00000   7200.00000       0.00000       0.00000
7       0.00000   7200.00000       0.00000       0.00000
8       0.00000      0.00000       0.00000   36963.83651
9    7588.09835      0.00000    6910.68345       0.00000
10      0.00000      0.00000       0.00000   40203.16101
11      0.00000   6024.87130       0.00000       0.00000
12      0.00000      0.00000    9555.23546       0.00000
13      0.00000      0.00000       0.00000   38323.17143
14      0.00000      0.00000   10779.39160       0.00000
15      0.00000   5905.69434       0.00000       0.00000
16      0.00000      0.00000       0.00000   30209.30521
17      0.00000      0.00000       0.00000   38341.07180
18      0.00000      0.00000    9582.73810       0.00000
19      0.00000      0.00000       0.00000   39621.50206
20      0.00000   5542.60596       0.00000       0.00000
21      0.00000      0.00000    9556.84524       0.00000
22      0.00000      0.00000       0.00000   33990.53315
23      0.00000      0.00000   10778.88527       0.00000
24    263.33220      0.00000       0.00000   18923.57639
25      0.00000   4752.22398       0.00000       0.00000
26    530.55182      0.00000       0.00000   27673.06492
27      0.00000      0.00000    9497.64843       0.00000
28      0.00000   1132.54256       0.00000       0.00000
29      0.00000      0.00000       0.00000   15439.25966
30      0.00000      0.00000       0.00000       0.00000
;

beta [*] :=
Cuarto  0.17160
Entero  0.18000
 Medio  0.04200
Octavo  0.00178
;

TInv [*,*] (tr)
:      Cuarto       Entero        Medio        Octavo       :=
1       0.00004      0.00002    3711.31468    1552.93584
2       0.00004      0.00003    1139.64802   24625.18922
3       0.00004      0.00003       0.00003   38310.95182
4       0.00004      0.00003       0.00002   45350.86433
5     511.03272      0.00051   12626.12806       0.00060
6       0.00004   7199.99996       0.00002       0.00013
7       0.00004   7199.99996       0.00002       0.00013
8       0.00005      0.00003       0.00003   36974.09043
9    7359.69899      0.00939    7001.66422       0.00121
10      0.00005      0.00003       0.00003   40214.04338
11      0.00005   6025.29314       0.00003       0.00011
12      0.00010      0.00018    9555.09655       0.00028
13      0.00005      0.00002       0.00003   38328.39885
14      0.00011      0.00014   10779.57728       0.00021
15      0.00005   5906.17078       0.00003       0.00009
16      0.00010      0.00027       0.00005   30202.59937
17      0.00009      0.00020       0.00005   38346.90891
18      0.00005      0.00004    9582.73892       0.00011
19      0.00010      0.00011       0.00004   39621.05561
20      0.00005   5542.67150       0.00002       0.00007
21      0.00006      0.00004    9556.84515       0.00010
22      0.00008      0.00003       0.00003   33990.30778
23      0.00006      0.00001   10778.93142       0.00008
24    244.55927      0.00001       0.00003   18967.66053
25      0.00009   4751.71330       0.00003       0.00008
26    514.96299      0.00001       0.00002   27704.32216
27      0.00002      0.00000    9495.02124       0.00004
28      0.00003   1134.06892       0.00002       0.00004
29      0.00001      0.00000       0.00000   15432.53542
30      0.00000      0.00000       0.00000       0.00000
;

beta [*] :=
Cuarto  0.17680
Entero  0.18000
 Medio  0.04200
Octavo  0.00178
;

TInv [*,*] (tr)
:      Cuarto       Entero        Medio        Octavo       :=
1       0.00000      0.00000    3711.31467    1552.93596
2       0.00000      0.00000    1140.72988   24625.36151
3       0.00000      0.00000       0.00000   38314.15508
4       0.00000      0.00000       0.00000   45351.75018
5     497.05630      0.00000   12623.69347       0.00000
6       0.00000   7200.00000       0.00000       0.00000
7       0.00000   7200.00000       0.00000       0.00000
8       0.00000      0.00000       0.00000   36976.29066
9    7144.64439      0.00001    7087.92472       0.00000
10      0.00000      0.00000       0.00000   40214.23531
11      0.00000   6024.96952       0.00000       0.00000
12      0.00000      0.00000    9555.38183       0.00000
13      0.00000      0.00000       0.00000   38327.80139
14      0.00000      0.00000   10779.42194       0.00000
15      0.00000   5905.85956       0.00000       0.00000
16      0.00000      0.00000       0.00000   30196.29354
17      0.00000      0.00000       0.00000   38343.27871
18      0.00000      0.00000    9582.73858       0.00000
19      0.00000      0.00000       0.00000   39615.13783
20      0.00000   5542.56717       0.00000       0.00000
21      0.00000      0.00000    9556.84524       0.00000
22      0.00000      0.00000       0.00000   33965.61216
23      0.00000      0.00000   10778.75841       0.00000
24    226.89314      0.00000       0.00000   19002.81287
25      0.00000   4751.23264       0.00000       0.00000
26    500.26446      0.00000       0.00000   27733.79427
27      0.00000      0.00000    9492.54714       0.00000
28      0.00000   1135.50653       0.00000       0.00000
29      0.00000      0.00000       0.00000   15426.20626
30      0.00000      0.00000       0.00000       0.00000
;

beta [*] :=
Cuarto  0.18200
Entero  0.18000
 Medio  0.04200
Octavo  0.00178
;

TInv [*,*] (tr)
:      Cuarto       Entero        Medio        Octavo       :=
1       0.00000      0.00000    3711.31469    1552.93538
2       0.00000      0.00000    1142.82677   24625.46088
3       0.00000      0.00000       0.00000   38324.39476
4       0.00000      0.00000       0.00000   45349.81064
5     483.81932      0.00000   12621.42626       0.00000
6       0.00000   7200.00000       0.00000       0.00000
7       0.00000   7200.00000       0.00000       0.00000
8       0.00000      0.00000       0.00000   36970.75322
9    6941.76460      0.00019    7169.77457       0.00001
10      0.00000      0.00000       0.00000   40205.45545
11      0.00000   6024.19495       0.00000       0.00000
12      0.00000      0.00000    9555.79047       0.00000
13      0.00000      0.00000       0.00000   38322.44611
14      0.00000      0.00000   10779.03120       0.00000
15      0.00000   5905.10517       0.00000       0.00000
16      0.00000      0.00000       0.00000   30190.34686
17      0.00000      0.00000       0.00000   38331.44473
18      0.00000      0.00000    9582.74030       0.00000
19      0.00000      0.00000       0.00000   39603.35386
20      0.00000   5542.42121       0.00000       0.00000
21      0.00000      0.00000    9556.84524       0.00000
22      0.00000      0.00000       0.00000   33919.94985
23      0.00000      0.00000   10778.45254       0.00000
24    210.23936      0.00000       0.00000   19029.10044
25      0.00000   4750.77944       0.00000       0.00000
26    486.38157      0.00000       0.00000   27761.63076
27      0.00000      0.00000    9490.21296       0.00000
28      0.00000   1136.86291       0.00000       0.00000
29      0.00000      0.00000       0.00000   15420.23823
30      0.00000      0.00000       0.00000       0.00000
;

beta [*] :=
Cuarto  0.18720
Entero  0.18000
 Medio  0.04200
Octavo  0.00178
;

TInv [*,*] (tr)
:      Cuarto       Entero        Medio        Octavo       :=
1       0.00000      0.00000    3711.31469    1552.93538
2       0.00000      0.00000    1144.20656   24625.52437
3       0.00000      0.00000       0.00000   38333.24994
4       0.00000      0.00000       0.00000   45347.52943
5     471.19763      0.00000   12619.94821       0.00000
6       0.00000   7200.00000       0.00000       0.00000
7       0.00000   7200.00000       0.00000       0.00000
8       0.00000      0.00000       0.00000   36966.08502
9    6749.06009      0.00087    7248.64782       0.00001
10      0.00000      0.00000       0.00000   40197.66756
11      0.00000   6023.75054       0.00000       0.00000
12      0.00000      0.00000    9556.83319       0.00000
13      0.00000      0.00000       0.00000   38317.92906
14      0.00000      0.00000   10779.29480       0.00000
15      0.00000   5904.72336       0.00000       0.00000
16      0.00000      0.00000       0.00000   30184.73124
17      0.00000      0.00000       0.00000   38319.71706
18      0.00000      0.00000    9583.00493       0.00000
19      0.00000      0.00000       0.00000   39592.92799
20      0.00000   5542.35408       0.00000       0.00000
21      0.00000      0.00000    9556.84524       0.00000
22      0.00000      0.00000       0.00000   33880.88548
23      0.00000      0.00000   10778.22760       0.00000
24    194.51005      0.00000       0.00000   19052.19400
25      0.00000   4750.35091       0.00000       0.00000
26    473.24834      0.00000       0.00000   27787.96401
27      0.00000      0.00000    9488.00726       0.00000
28      0.00000   1138.14474       0.00000       0.00000
29      0.00000      0.00000       0.00000   15414.60157
30      0.00000      0.00000       0.00000       0.00000
;

beta [*] :=
Cuarto  0.19240
Entero  0.18000
 Medio  0.04200
Octavo  0.00178
;

TInv [*,*] (tr)
:      Cuarto       Entero        Medio        Octavo       :=
1       0.00000      0.00000    3711.31468    1552.93561
2       0.00000      0.00000    1144.97385   24625.49247
3       0.00000      0.00000       0.00000   38339.90766
4       0.00000      0.00000       0.00000   45345.73058
5     459.12607      0.00000   12619.43327       0.00000
6       0.00000   7200.00000       0.00000       0.00000
7       0.00000   7200.00000       0.00000       0.00000
8       0.00000      0.00000       0.00000   36963.02008
9    6565.46321      0.00040    7324.64135       0.00000
10      0.00000      0.00000       0.00000   40192.01753
11      0.00000   6023.55021       0.00000       0.00000
12      0.00000      0.00000    9558.66966       0.00000
13      0.00000      0.00000       0.00000   38314.99277
14      0.00000      0.00000   10780.41437       0.00000
15      0.00000   5904.58255       0.00000       0.00000
16      0.00000      0.00000       0.00000   30179.41985
17      0.00000      0.00000       0.00000   38309.76290
18      0.00000      0.00000    9583.58167       0.00000
19      0.00000      0.00000       0.00000   39584.53277
20      0.00000   5542.35536       0.00000       0.00000
21      0.00000      0.00000    9556.84524       0.00000
22      0.00000      0.00000       0.00000   33852.60506
23      0.00000      0.00000   10778.04051       0.00000
24    179.63102      0.00000       0.00000   19075.01496
25      0.00000   4749.94520       0.00000       0.00000
26    460.80566      0.00000       0.00000   27812.91251
27      0.00000      0.00000    9485.91968       0.00000
28      0.00000   1139.35803       0.00000       0.00000
29      0.00000      0.00000       0.00000   15409.26946
30      0.00000      0.00000       0.00000       0.00000
;

beta [*] :=
Cuarto  0.19760
Entero  0.18000
 Medio  0.04200
Octavo  0.00178
;

TInv [*,*] (tr)
:      Cuarto       Entero        Medio        Octavo       :=
1       0.00000      0.00000    3711.31469    1552.93538
2       0.00000      0.00000    1145.54314   24625.42089
3       0.00000      0.00000       0.00000   38345.32194
4       0.00000      0.00000       0.00000   45344.01232
5     447.65403      0.00000   12618.96809       0.00000
6       0.00000   7200.00000       0.00000       0.00000
7       0.00000   7200.00000       0.00000       0.00000
8       0.00000      0.00000       0.00000   36960.14111
9    6391.49304      0.00000    7396.69011       0.00000
10      0.00000      0.00000       0.00000   40187.38806
11      0.00000   6023.43442       0.00000       0.00000
12      0.00000      0.00000    9560.65406       0.00000
13      0.00000      0.00000       0.00000   38312.72423
14      0.00000      0.00000   10781.58716       0.00000
15      0.00000   5904.50738       0.00000       0.00000
16      0.00000      0.00000       0.00000   30174.38867
17      0.00000      0.00000       0.00000   38300.51310
18      0.00000      0.00000    9584.12186       0.00000
19      0.00000      0.00000       0.00000   39576.94499
20      0.00000   5542.35890       0.00000       0.00000
21      0.00000      0.00000    9556.84524       0.00000
22      0.00000      0.00000       0.00000   33827.87720
23      0.00000      0.00000   10777.96239       0.00000
24    165.53729      0.00000       0.00000   19096.66292
25      0.00000   4749.56089       0.00000       0.00000
26    449.00051      0.00000       0.00000   27836.58266
27      0.00000      0.00000    9483.94099       0.00000
28      0.00000   1140.50808       0.00000       0.00000
29      0.00000      0.00000       0.00000   15404.21742
30      0.00000      0.00000       0.00000       0.00000
;

beta [*] :=
Cuarto  0.20280
Entero  0.18000
 Medio  0.04200
Octavo  0.00178
;

TInv [*,*] (tr)
:      Cuarto       Entero        Medio        Octavo       :=
1       0.00002      0.00001    3711.31354    1552.95534
2       0.00003      0.00001    1151.84743   24630.67288
3       0.00003      0.00001       0.00002   38401.30185
4       0.00004      0.00001       0.00001   45324.17668
5     436.61360      0.00010   12619.82182       0.00026
6       0.00005   7199.99997       0.00002       0.00009
7       0.00005   7199.99997       0.00002       0.00009
8       0.00004      0.00001       0.00001   36932.10428
9    6225.46157      9.38918    7342.66056       0.00031
10      0.00004      0.00001       0.00001   40146.90322
11      0.00005   6020.21359       0.00002       0.00008
12      0.00011      0.00005    9589.16396       0.00015
13      0.00004      0.00001       0.00001   38274.25440
14      0.00011      0.00004   10789.57801       0.00011
15      0.00005   5901.00024       0.00002       0.00006
16      0.00016      0.00005       0.00002   30169.62193
17      0.00014      0.00004       0.00002   38251.16784
18      0.00008      0.00002    9584.10120       0.00007
19      0.00010      0.00002       0.00002   39539.37165
20      0.00003   5539.70292       0.00001       0.00004
21      0.00008      0.00002    9556.84527       0.00006
22      0.00006      0.00001       0.00001   33641.19634
23      0.00006      0.00001   10778.31720       0.00004
24    152.15598      0.00001       0.00001   19067.64120
25      0.00003   4749.19432       0.00001       0.00003
26    437.78457      0.00000       0.00001   27859.07197
27      0.00001      0.00000    9482.06308       0.00002
28      0.00001   1141.60127       0.00001       0.00002
29      0.00001      0.00000       0.00000   15399.43485
30      0.00000      0.00000       0.00000       0.00000
;

beta [*] :=
Cuarto  0.20800
Entero  0.18000
 Medio  0.04200
Octavo  0.00178
;

TInv [*,*] (tr)
:      Cuarto       Entero        Medio        Octavo       :=
1       0.00000      0.00000    3711.31469    1552.93540
2       0.00000      0.00000    1149.83559   24629.17497
3       0.00000      0.00000       0.00000   38402.28697
4       0.00000      0.00000       0.00000   45338.38895
5     425.88743      0.00000   12622.88800       0.00000
6       0.00000   7200.00000       0.00000       0.00000
7       0.00000   7200.00000       0.00000       0.00000
8       0.00000      0.00000       0.00000   36958.60737
9    6066.06678     34.68723    7448.92618       0.00000
10      0.00000      0.00000       0.00000   40166.70298
11      0.00000   6022.24168       0.00000       0.00000
12      0.00000      0.00000    9569.77487       0.00000
13      0.00000      0.00000       0.00000   38273.38058
14      0.00000      0.00000   10782.35738       0.00000
15      0.00000   5903.15340       0.00000       0.00000
16      0.00000      0.00000       0.00000   30165.08255
17      0.00000      0.00000       0.00000   38240.94210
18      0.00000      0.00000    9584.79070       0.00000
19      0.00000      0.00000       0.00000   39539.80353
20      0.00000   5539.41281       0.00000       0.00000
21      0.00000      0.00000    9556.84524       0.00000
22      0.00000      0.00000       0.00000   33666.78065
23      0.00000      0.00000   10779.42281       0.00000
24    139.46423      0.00000       0.00000   19090.35541
25      0.00000   4748.84916       0.00000       0.00000
26    427.11629      0.00000       0.00000   27880.46181
27      0.00000      0.00000    9480.27788       0.00000
28      0.00000   1142.63740       0.00000       0.00000
29      0.00000      0.00000       0.00000   15394.87088
30      0.00000      0.00000       0.00000       0.00000
;

beta [*] :=
Cuarto  0.21320
Entero  0.18000
 Medio  0.04200
Octavo  0.00178
;

TInv [*,*] (tr)
:      Cuarto       Entero        Medio        Octavo       :=
1       0.00000      0.00000    3711.31469    1552.93538
2       0.00000      0.00000    1145.72454   24625.68695
3       0.00000      0.00000       0.00000   38383.86805
4       0.00000      0.00000       0.00000   45340.82475
5     415.67706      0.00000   12625.78976       0.00000
6       0.00000   7200.00000       0.00000       0.00000
7       0.00000   7200.00000       0.00000       0.00000
8       0.00000      0.00000       0.00000   36964.78623
9    5914.59956     58.68071    7498.51675       0.00001
10      0.00000      0.00000       0.00000   40175.75118
11      0.00000   6022.81814       0.00000       0.00000
12      0.00000      0.00000    9560.13848       0.00000
13      0.00000      0.00000       0.00000   38289.53297
14      0.00000      0.00000   10783.08905       0.00000
15      0.00000   5903.69402       0.00000       0.00000
16      0.00000      0.00000       0.00000   30160.77066
17      0.00000      0.00000       0.00000   38254.68628
18      0.00000      0.00000    9584.92582       0.00000
19      0.00000      0.00000       0.00000   39552.91154
20      0.00000   5541.17202       0.00000       0.00000
21      0.00000      0.00000    9556.84524       0.00000
22      0.00000      0.00000       0.00000   33719.06893
23      0.00000      0.00000   10778.90443       0.00000
24    127.38250      0.00000       0.00000   19121.47418
25      0.00000   4748.51913       0.00000       0.00000
26    416.95509      0.00000       0.00000   27900.83552
27      0.00000      0.00000    9478.57923       0.00000
28      0.00000   1143.62487       0.00000       0.00000
29      0.00000      0.00000       0.00000   15390.53908
30      0.00000      0.00000       0.00000       0.00000
;

beta [*] :=
Cuarto  0.21840
Entero  0.18000
 Medio  0.04200
Octavo  0.00178
;

TInv [*,*] (tr)
:      Cuarto       Entero        Medio        Octavo       :=
1       0.00000      0.00000    3711.31469    1552.93538
2       0.00000      0.00000    1144.92139   24626.07470
3       0.00000      0.00000       0.00000   38378.79257
4       0.00000      0.00000       0.00000   45343.14210
5     405.94408      0.00000   12628.56437       0.00001
6       0.00000   7200.00000       0.00000       0.00000
7       0.00000   7200.00000       0.00000       0.00000
8       0.00000      0.00000       0.00000   36968.33699
9    5770.49482     81.46830    7521.41070       0.00001
10      0.00000      0.00000       0.00000   40179.56937
11      0.00000   6022.76698       0.00000       0.00000
12      0.00000      0.00000    9561.31276       0.00000
13      0.00000      0.00000       0.00000   38295.60780
14      0.00000      0.00000   10783.73847       0.00000
15      0.00000   5903.56037       0.00000       0.00000
16      0.00000      0.00000       0.00000   30156.66452
17      0.00000      0.00000       0.00000   38260.83017
18      0.00000      0.00000    9585.08843       0.00000
19      0.00000      0.00000       0.00000   39556.87387
20      0.00000   5540.98625       0.00000       0.00000
21      0.00000      0.00000    9556.84524       0.00000
22      0.00000      0.00000       0.00000   33733.69283
23      0.00000      0.00000   10778.45977       0.00000
24    115.87648      0.00000       0.00000   19147.34093
25      0.00000   4748.20467       0.00000       0.00000
26    407.26612      0.00000       0.00000   27920.26240
27      0.00000      0.00000    9476.96081       0.00000
28      0.00000   1144.56579       0.00000       0.00000
29      0.00000      0.00000       0.00000   15386.41356
30      0.00000      0.00000       0.00000       0.00000
;

beta [*] :=
Cuarto  0.22360
Entero  0.18000
 Medio  0.04200
Octavo  0.00178
;

TInv [*,*] (tr)
:      Cuarto       Entero        Medio        Octavo       :=
1       0.00000      0.00000    3711.31397    1552.95142
2       0.00000      0.00000    1154.53433   24621.32385
3       0.00000      0.00000       0.00000   38409.56873
4       0.00000      0.00000       0.00000   45306.76928
5     396.65653      0.00000   12631.21104       0.00000
6       0.00000   7200.00000       0.00000       0.00000
7       0.00000   7200.00000       0.00000       0.00000
8       0.00000      0.00000       0.00000   36903.17918
9    5633.22944     98.63042    7422.93755       0.00000
10      0.00000      0.00000       0.00000   40115.62109
11      0.00000   6021.44455       0.00000       0.00000
12      0.00000      0.00000    9582.13881       0.00000
13      0.00000      0.00000       0.00000   38272.21716
14      0.00000      0.00000   10787.93651       0.00000
15      0.00000   5905.53708       0.00000       0.00000
16      0.00000      0.00000       0.00000   30152.75532
17      0.00000      0.00000       0.00000   38196.90310
18      0.00000      0.00000    9584.81027       0.00000
19      0.00000      0.00000       0.00000   39514.09016
20      0.00000   5545.93231       0.00000       0.00000
21      0.00000      0.00000    9556.84526       0.00000
22      0.00000      0.00000       0.00000   33584.26995
23      0.00000      0.00000   10777.19844       0.00000
24    104.89790      0.00000       0.00000   19133.09050
25      0.00000   4747.90337       0.00000       0.00000
26    398.01721      0.00000       0.00000   27938.80641
27      0.00000      0.00000    9475.41743       0.00000
28      0.00000   1145.46521       0.00000       0.00000
29      0.00000      0.00000       0.00000   15382.49320
30      0.00000      0.00000       0.00000       0.00000
;

beta [*] :=
Cuarto  0.22880
Entero  0.18000
 Medio  0.04200
Octavo  0.00178
;

TInv [*,*] (tr)
:      Cuarto       Entero        Medio        Octavo       :=
1       0.00000      0.00000    3711.31469    1552.93550
2       0.00000      0.00000    1147.26209   24624.26430
3       0.00000      0.00000       0.00000   38385.24855
4       0.00000      0.00000       0.00000   45317.44837
5     387.78429      0.00000   12633.74152       0.00000
6       0.00000   7200.00000       0.00000       0.00000
7       0.00000   7200.00000       0.00000       0.00000
8       0.00000      0.00000       0.00000   36935.38949
9    5502.33033    123.43825    7548.35824       0.00000
10      0.00000      0.00000       0.00000   40149.94773
11      0.00000   6021.89571       0.00000       0.00000
12      0.00000      0.00000    9565.78671       0.00000
13      0.00000      0.00000       0.00000   38294.94390
14      0.00000      0.00000   10784.20256       0.00000
15      0.00000   5903.88749       0.00000       0.00000
16      0.00000      0.00000       0.00000   30149.01324
17      0.00000      0.00000       0.00000   38218.92030
18      0.00000      0.00000    9585.38905       0.00000
19      0.00000      0.00000       0.00000   39532.80862
20      0.00000   5542.04771       0.00000       0.00000
21      0.00000      0.00000    9556.84524       0.00000
22      0.00000      0.00000       0.00000   33678.60624
23      0.00000      0.00000   10777.42028       0.00000
24     94.43444      0.00000       0.00000   19167.00454
25      0.00000   4747.61824       0.00000       0.00000
26    389.17261      0.00000       0.00000   27957.66533
27      0.00000      0.00000    9473.87964       0.00000
28      0.00000   1146.61560       0.00000       0.00000
29      0.00000      0.00000       0.00000   15379.80245
30      0.00000      0.00000       0.00000       0.00000
;

beta [*] :=
Cuarto  0.23400
Entero  0.18000
 Medio  0.04200
Octavo  0.00178
;

TInv [*,*] (tr)
:      Cuarto       Entero        Medio        Octavo       :=
1       0.00000      0.00000    3711.31469    1552.93538
2       0.00000      0.00000    1145.31819   24625.45842
3       0.00000      0.00000       0.00000   38376.87535
4       0.00000      0.00000       0.00000   45330.87201
5     379.30028      0.00000   12636.16079       0.00001
6       0.00000   7200.00000       0.00000       0.00000
7       0.00000   7200.00000       0.00000       0.00000
8       0.00000      0.00000       0.00000   36958.99164
9    5377.36394    143.42762    7582.09570       0.00001
10      0.00000      0.00000       0.00000   40171.76253
11      0.00000   6022.92529       0.00000       0.00000
12      0.00000      0.00000    9562.78226       0.00000
13      0.00000      0.00000       0.00000   38304.29081
14      0.00000      0.00000   10784.87721       0.00000
15      0.00000   5904.47522       0.00000       0.00000
16      0.00000      0.00000       0.00000   30145.44314
17      0.00000      0.00000       0.00000   38236.22711
18      0.00000      0.00000    9585.54793       0.00000
19      0.00000      0.00000       0.00000   39543.64613
20      0.00000   5540.58467       0.00000       0.00000
21      0.00000      0.00000    9556.84524       0.00000
22      0.00000      0.00000       0.00000   33712.81889
23      0.00000      0.00000   10777.48390       0.00000
24     84.42906      0.00000       0.00000   19192.97041
25      0.00000   4747.34448       0.00000       0.00000
26    380.58574      0.00000       0.00000   27983.10943
27      0.00000      0.00000    9472.03419       0.00000
28      0.00000   1149.37200       0.00000       0.00000
29      0.00000      0.00000       0.00000   15382.83765
30      0.00000      0.00000       0.00000       0.00000
;

beta [*] :=
Cuarto  0.23920
Entero  0.18000
 Medio  0.04200
Octavo  0.00178
;

TInv [*,*] (tr)
:      Cuarto       Entero        Medio        Octavo       :=
1       0.00000      0.00000    3711.31469    1552.93538
2       0.00000      0.00000    1146.54055   24626.46916
3       0.00000      0.00000       0.00000   38381.01376
4       0.00000      0.00000       0.00000   45335.96271
5     371.17956      0.00000   12638.47652       0.00000
6       0.00000   7200.00000       0.00000       0.00000
7       0.00000   7200.00000       0.00000       0.00000
8       0.00000      0.00000       0.00000   36964.67055
9    5257.93705    162.20119    7600.38260       0.00000
10      0.00000      0.00000       0.00000   40175.27214
11      0.00000   6022.39840       0.00000       0.00000
12      0.00000      0.00000    9564.86217       0.00000
13      0.00000      0.00000       0.00000   38302.85423
14      0.00000      0.00000   10785.32216       0.00000
15      0.00000   5903.60735       0.00000       0.00000
16      0.00000      0.00000       0.00000   30142.02855
17      0.00000      0.00000       0.00000   38239.47084
18      0.00000      0.00000    9585.67024       0.00000
19      0.00000      0.00000       0.00000   39541.88755
20      0.00000   5540.08768       0.00000       0.00000
21      0.00000      0.00000    9556.84524       0.00000
22      0.00000      0.00000       0.00000   33697.72479
23      0.00000      0.00000   10777.24187       0.00000
24     74.85879      0.00000       0.00000   19212.14883
25      0.00000   4747.08249       0.00000       0.00000
26    372.34759      0.00000       0.00000   28009.68338
27      0.00000      0.00000    9470.14840       0.00000
28      0.00000   1152.55621       0.00000       0.00000
29      0.00000      0.00000       0.00000   15387.68427
30      0.00000      0.00000       0.00000       0.00000
;

beta [*] :=
Cuarto  0.24440
Entero  0.18000
 Medio  0.04200
Octavo  0.00178
;

TInv [*,*] (tr)
:      Cuarto       Entero        Medio        Octavo       :=
1       0.00007      0.00003    3711.31467    1552.93594
2       0.00009      0.00003    1143.99729   24625.26255
3       0.00009      0.00003       0.00006   38367.54688
4       0.00010      0.00003       0.00004   45340.33343
5     363.39925      0.00001   12640.69512       0.00081
6       0.00015   7199.99989       0.00005       0.00031
7       0.00016   7199.99989       0.00005       0.00030
8       0.00010      0.00003       0.00004   36976.61817
9    5143.68725    179.64940    7615.83151       0.00177
10      0.00011      0.00003       0.00004   40189.70479
11      0.00017   6023.30820       0.00006       0.00027
12      0.00021      0.00004    9566.79248       0.00044
13      0.00011      0.00003       0.00004   38313.66302
14      0.00023      0.00004   10786.28165       0.00032
15      0.00017   5904.59273       0.00006       0.00018
16      0.00026      0.00005       0.00009   30138.75857
17      0.00025      0.00005       0.00008   38247.68397
18      0.00010      0.00001    9585.78536       0.00017
19      0.00023      0.00004       0.00007   39545.69157
20      0.00013   5541.60936       0.00004       0.00014
21      0.00008      0.00001    9556.84535       0.00013
22      0.00016      0.00002       0.00005   33725.12456
23      0.00007      0.00001   10777.35484       0.00011
24     65.69564      0.00002       0.00005   19238.45931
25      0.00007   4746.83149       0.00004       0.00009
26    364.45785      0.00002       0.00003   28035.16533
27      0.00004      0.00001    9468.34028       0.00007
28      0.00005   1155.61333       0.00003       0.00007
29      0.00002      0.00000       0.00000   15392.35083
30      0.00000      0.00000       0.00000       0.00000
;

beta [*] :=
Cuarto  0.24960
Entero  0.18000
 Medio  0.04200
Octavo  0.00178
;

TInv [*,*] (tr)
:      Cuarto       Entero        Medio        Octavo       :=
1       0.00000      0.00000    3711.31469    1552.93540
2       0.00000      0.00000    1148.25535   24632.10271
3       0.00000      0.00000       0.00000   38399.10418
4       0.00000      0.00000       0.00000   45351.41881
5     355.93838      0.00000   12642.82341       0.00002
6       0.00000   7200.00000       0.00000       0.00001
7       0.00000   7200.00000       0.00000       0.00001
8       0.00000      0.00000       0.00000   36994.33629
9    5034.29328    195.42552    7616.25391       0.00004
10      0.00000      0.00000       0.00000   40193.96960
11      0.00000   6023.41383       0.00000       0.00001
12      0.00001      0.00000    9577.13171       0.00001
13      0.00000      0.00000       0.00000   38288.88662
14      0.00001      0.00000   10786.45500       0.00001
15      0.00000   5903.89849       0.00000       0.00000
16      0.00001      0.00000       0.00000   30135.62690
17      0.00001      0.00000       0.00000   38247.21528
18      0.00000      0.00000    9586.01388       0.00000
19      0.00000      0.00000       0.00000   39543.54095
20      0.00000   5537.78966       0.00000       0.00000
21      0.00000      0.00000    9556.84524       0.00000
22      0.00000      0.00000       0.00000   33672.06748
23      0.00000      0.00000   10777.38574       0.00000
24     56.91532      0.00000       0.00000   19244.78252
25      0.00000   4746.59100       0.00000       0.00000
26    356.89637      0.00000       0.00000   28059.55612
27      0.00000      0.00000    9466.60872       0.00000
28      0.00000   1158.53586       0.00000       0.00000
29      0.00000      0.00000       0.00000   15396.79537
30      0.00000      0.00000       0.00000       0.00000
;

beta [*] :=
Cuarto  0.25480
Entero  0.18000
 Medio  0.04200
Octavo  0.00178
;

TInv [*,*] (tr)
:      Cuarto       Entero        Medio        Octavo       :=
1       0.00000      0.00000    3711.31469    1552.93539
2       0.00000      0.00000    1150.24989   24632.14997
3       0.00000      0.00000       0.00000   38417.55413
4       0.00000      0.00000       0.00000   45355.82107
5     348.77769      0.00000   12644.86607       0.00001
6       0.00000   7200.00000       0.00000       0.00000
7       0.00000   7200.00000       0.00000       0.00000
8       0.00000      0.00000       0.00000   37001.08578
9    4929.44522    211.27351    7631.15670       0.00002
10      0.00000      0.00000       0.00000   40193.01217
11      0.00000   6023.18240       0.00000       0.00000
12      0.00000      0.00000    9578.56197       0.00001
13      0.00000      0.00000       0.00000   38274.04985
14      0.00000      0.00000   10786.59191       0.00000
15      0.00000   5903.51858       0.00000       0.00000
16      0.00000      0.00000       0.00000   30132.62241
17      0.00000      0.00000       0.00000   38245.15202
18      0.00000      0.00000    9586.14951       0.00000
19      0.00000      0.00000       0.00000   39539.19126
20      0.00000   5537.58351       0.00000       0.00000
21      0.00000      0.00000    9556.84524       0.00000
22      0.00000      0.00000       0.00000   33635.68759
23      0.00000      0.00000   10777.39349       0.00000
24     48.49328      0.00000       0.00000   19254.02004
25      0.00000   4746.36020       0.00000       0.00000
26    349.64192      0.00000       0.00000   28082.96733
27      0.00000      0.00000    9464.94653       0.00000
28      0.00000   1161.34229       0.00000       0.00000
29      0.00000      0.00000       0.00000   15401.06715
30      0.00000      0.00000       0.00000       0.00000
;

beta [*] :=
Cuarto  0.26000
Entero  0.18000
 Medio  0.04200
Octavo  0.00178
;

TInv [*,*] (tr)
:      Cuarto       Entero        Medio        Octavo       :=
1       0.00000      0.00000    3711.31469    1552.93538
2       0.00000      0.00000    1150.98800   24631.17062
3       0.00000      0.00000       0.00000   38426.33790
4       0.00000      0.00000       0.00000   45354.82988
5     341.89940      0.00000   12646.82841       0.00000
6       0.00000   7200.00000       0.00000       0.00000
7       0.00000   7200.00000       0.00000       0.00000
8       0.00000      0.00000       0.00000   36998.17087
9    4828.86821    226.19072    7647.09384       0.00000
10      0.00000      0.00000       0.00000   40186.87013
11      0.00000   6022.95449       0.00000       0.00000
12      0.00000      0.00000    9579.26283       0.00000
13      0.00000      0.00000       0.00000   38265.24601
14      0.00000      0.00000   10786.78695       0.00000
15      0.00000   5903.27766       0.00000       0.00000
16      0.00000      0.00000       0.00000   30129.73831
17      0.00000      0.00000       0.00000   38240.30131
18      0.00000      0.00000    9586.26776       0.00000
19      0.00000      0.00000       0.00000   39532.10754
20      0.00000   5538.35551       0.00000       0.00000
21      0.00000      0.00000    9556.84524       0.00000
22      0.00000      0.00000       0.00000   33607.83340
23      0.00000      0.00000   10777.40274       0.00000
24     40.40837      0.00000       0.00000   19264.94265
25      0.00000   4746.13857       0.00000       0.00000
26    342.67652      0.00000       0.00000   28105.44384
27      0.00000      0.00000    9463.35035       0.00000
28      0.00000   1164.03646       0.00000       0.00000
29      0.00000      0.00000       0.00000   15405.16578
30      0.00000      0.00000       0.00000       0.00000
;

beta [*] :=
Cuarto  0.26520
Entero  0.18000
 Medio  0.04200
Octavo  0.00178
;

TInv [*,*] (tr)
:      Cuarto       Entero        Medio        Octavo       :=
1       0.00000      0.00000    3711.31469    1552.93538
2       0.00000      0.00000    1150.40647   24628.61146
3       0.00000      0.00000       0.00000   38421.54548
4       0.00000      0.00000       0.00000   45347.31961
5     335.28715      0.00000   12648.71510       0.00000
6       0.00000   7200.00000       0.00000       0.00000
7       0.00000   7200.00000       0.00000       0.00000
8       0.00000      0.00000       0.00000   36982.59098
9    4732.30685    242.07142    7662.36239       0.00000
10      0.00000      0.00000       0.00000   40174.33739
11      0.00000   6022.55294       0.00000       0.00000
12      0.00000      0.00000    9579.97506       0.00000
13      0.00000      0.00000       0.00000   38262.86872
14      0.00000      0.00000   10787.13137       0.00000
15      0.00000   5903.27020       0.00000       0.00000
16      0.00000      0.00000       0.00000   30126.96748
17      0.00000      0.00000       0.00000   38230.85137
18      0.00000      0.00000    9586.36530       0.00000
19      0.00000      0.00000       0.00000   39520.94023
20      0.00000   5540.23378       0.00000       0.00000
21      0.00000      0.00000    9556.84524       0.00000
22      0.00000      0.00000       0.00000   33586.42255
23      0.00000      0.00000   10777.52496       0.00000
24     32.64070      0.00000       0.00000   19277.90175
25      0.00000   4745.92556       0.00000       0.00000
26    335.98325      0.00000       0.00000   28127.04029
27      0.00000      0.00000    9461.81636       0.00000
28      0.00000   1166.62490       0.00000       0.00000
29      0.00000      0.00000       0.00000   15409.10139
30      0.00000      0.00000       0.00000       0.00000
;

