apren [*] :=
 p1  0.00007
p10  0.00007
 p2  0.00007
 p3  0.00007
 p4  0.00007
 p5  0.00007
 p6  0.00007
 p7  0.00007
 p8  0.00007
 p9  0.00007
;

TInv [*,*] (tr)
:      Cuarto        Entero       Medio        Octavo       :=
1        0.00000      0.00000   3564.00973    5975.62110
2     9547.46359      0.00000   1907.87794    2011.12158
3        0.00000      0.00000      0.00000   45468.88452
4    19412.25962      0.00000      0.00000       0.00000
5    23888.51692      0.00000      0.00000       0.00000
6    25235.06128      0.00000      0.00000       0.00000
7        0.00000   7200.00000      0.00000       0.00000
8        0.00000      0.00000      0.00000   41258.88662
9    11200.45156      0.00000   4414.45326       0.00000
10       0.00000      0.00000      0.00000   47700.88230
11       0.00000   5708.80111      0.00000       0.00000
12    9953.34881      0.00000   4285.47619       0.00000
13       0.00000      0.00000      0.00000   47891.00990
14    7188.32309      0.00000   4780.07082       0.00000
15       0.00000   5752.83615      0.00000       0.00000
16   17111.73078      0.00000      0.00000       0.00000
17    8950.90480      0.00000   3892.95262       0.00000
18    9569.45344      0.00000   4736.16472       0.00000
19       0.00000      0.00000      0.00000   41304.06424
20       0.00000   6073.51316      0.00000       0.00000
21    3131.98155      0.00000   3986.73344       0.00000
22     693.06159      0.00000   2905.55888   11398.60489
23   18062.32460      0.00000      0.00000       0.00000
24       0.00000      0.00000      0.00000   40796.37612
25    7178.15388      0.00000   3760.63985       0.00000
26       0.00000   3309.67470      0.00000   10563.95006
27    1215.14602      0.00000   3795.23165       0.00000
28   13228.96490      0.00000      0.00000       0.00000
29     414.40515      0.00000      0.00000    4512.32451
30       0.00000      0.00000      0.00000       0.00000
;

apren [*] :=
 p1  0.00007
p10  0.00007
 p2  0.00007
 p3  0.00007
 p4  0.00007
 p5  0.00017
 p6  0.00007
 p7  0.00007
 p8  0.00007
 p9  0.00007
;

TInv [*,*] (tr)
:      Cuarto        Entero       Medio        Octavo       :=
1        0.00000      0.00000   3517.70806    7346.12948
2    15607.59039      0.00000      0.00000       0.00000
3        0.00000      0.00000      0.00000   45127.19101
4    19671.85924      0.00000      0.00000       0.00000
5    23631.98710      0.00000      0.00000       0.00000
6    25186.40858      0.00000      0.00000       0.00000
7        0.00000   6297.93188   1804.13624       0.00000
8        0.00000      0.00000      0.00000   41258.88662
9    11232.83109      0.00000   4748.48934       0.00000
10       0.00000      0.00000      0.00000   46732.22179
11       0.00000   5830.28265      0.00000       0.00000
12    9201.11194      0.00000   4285.47619       0.00000
13       0.00000      0.00000      0.00000   47768.36370
14    7259.84695      0.00000   4775.99645       0.00000
15       0.00000   5964.15491      0.00000       0.00000
16   17216.11900      0.00000      0.00000       0.00000
17    9124.34744      0.00000   3898.36131       0.00000
18    9607.07925      0.00000   4927.33196       0.00000
19       0.00000      0.00000      0.00000   41234.83289
20       0.00000   6020.93466      0.00000       0.00000
21    3161.63643      0.00000   4324.07611       0.00000
22     328.06418      0.00000   2876.95203   11515.09225
23   17902.60644      0.00000      0.00000       0.00000
24       0.00000      0.00000      0.00000   41441.84641
25    7162.73110      0.00000   3835.70449       0.00000
26       0.00000   3182.74772      0.00000   12325.94132
27       0.00000      0.00000   3717.29392    1454.22731
28   14974.13256      0.00000      0.00000       0.00000
29    1147.87334      0.00000      0.00000    4365.39157
30       0.00000      0.00000      0.00000       0.00000
;

apren [*] :=
 p1  0.00007
p10  0.00007
 p2  0.00007
 p3  0.00007
 p4  0.00007
 p5  0.00027
 p6  0.00007
 p7  0.00007
 p8  0.00007
 p9  0.00007
;

TInv [*,*] (tr)
:      Cuarto        Entero       Medio        Octavo       :=
1        0.00000      0.00000   3343.85651    7107.63779
2    15710.70076      0.00000      0.00000       0.00000
3        0.00000      0.00000      0.00000   45127.17374
4    19641.20034      0.00000      0.00000       0.00000
5    23302.05527      0.00000      0.00000       0.00000
6    25146.87572      0.00000      0.00000       0.00000
7        0.00000   6208.45532   1983.08937       0.00000
8        0.00000      0.00000      0.00000   41258.91100
9    11211.78709      0.00000   4779.46421       0.00000
10       0.00000      0.00000      0.00000   45848.00675
11       0.00000   5815.05744      0.00000       0.00000
12    8693.51628      0.00000   4285.47619       0.00000
13       0.00000      0.00000      0.00000   47738.48758
14    7264.29021      0.00000   4782.03870       0.00000
15       0.00000   5966.73209      0.00000       0.00000
16   17257.79019      0.00000      0.00000       0.00000
17    9295.40101      0.00000   3898.82467       0.00000
18    9615.06903      0.00000   4998.54116       0.00000
19       0.00000      0.00000      0.00000   41228.67892
20       0.00000   6031.03357      0.00000       0.00000
21    3188.37667      0.00000   4320.29970       0.00000
22     392.28629      0.00000   2875.28563   11467.42864
23   17883.51308      0.00000      0.00000       0.00000
24       0.00000      0.00000      0.00000   41668.52564
25    7161.53984      0.00000   3946.67663       0.00000
26       0.00000   3138.27879      0.00000   12923.25484
27       0.00000      0.00000   4026.16575     460.41549
28   14357.93083      0.00000      0.00000       0.00000
29       0.00000      0.00000      0.00000   18522.11515
30       0.00000      0.00000      0.00000       0.00000
;

apren [*] :=
 p1  0.00007
p10  0.00007
 p2  0.00007
 p3  0.00007
 p4  0.00007
 p5  0.00037
 p6  0.00007
 p7  0.00007
 p8  0.00007
 p9  0.00007
;

TInv [*,*] (tr)
:      Cuarto        Entero       Medio        Octavo       :=
1        0.00000      0.00000   3192.58939    6432.48835
2    15351.17181      0.00000      0.00000       0.00001
3        0.00000      0.00000      0.00000   45127.19101
4    19567.22946      0.00000      0.00000       0.00001
5    23177.76135      0.00000      0.00000       0.00000
6    25103.81067      0.00000      0.00000       0.00000
7        0.00000   6130.69010   2138.61981       0.00000
8        0.00000      0.00000      0.00000   41258.88661
9    11157.52262      0.00000   4784.40797       0.00000
10       0.00000      0.00000      0.00000   45738.28609
11       0.00000   5809.29515      0.00000       0.00000
12    8551.68047      0.00000   4285.47619       0.00000
13       0.00000      0.00000      0.00000   47787.38706
14    7244.20610      0.00000   4785.23437       0.00000
15       0.00000   5964.69230      0.00000       0.00000
16   17190.15853      0.00000      0.00000       0.00000
17    9249.64879      0.00000   3897.49296       0.00001
18    9595.09414      0.00000   5005.32088       0.00000
19       0.00000      0.00000      0.00000   41245.94790
20       0.00000   6032.56907      0.00000       0.00000
21    3150.51686      0.00000   4302.85697       0.00000
22     329.70606      0.00000   2882.47895   11421.50125
23   17881.33222      0.00000      0.00000       0.00000
24       0.00000      0.00000      0.00000   41667.85759
25    7174.17315      0.00000   3946.70658       0.00000
26       0.00000   3138.35013      0.00000   12955.64620
27       0.00000      0.00000   4107.21710     461.24770
28   14357.93261      0.00000      0.00000       0.00000
29       0.00000      0.00000      0.00000   18522.00657
30       0.00000      0.00000      0.00000       0.00000
;

apren [*] :=
 p1  0.00007
p10  0.00007
 p2  0.00007
 p3  0.00007
 p4  0.00007
 p5  0.00047
 p6  0.00007
 p7  0.00007
 p8  0.00007
 p9  0.00007
;

TInv [*,*] (tr)
:      Cuarto        Entero       Medio        Octavo       :=
1        0.00000      0.00000   3094.02762    5862.11712
2    14991.21470      0.00000      0.00000       0.00000
3        0.00000      0.00000      0.00000   45127.19101
4    19536.92020      0.00000      0.00000       0.00000
5    23125.15170      0.00000      0.00000       0.00000
6    25094.69281      0.00000      0.00000       0.00000
7        0.00000   6080.06845   2239.86310       0.00000
8        0.00000      0.00000      0.00000   41258.88662
9    11141.82449      0.00000   4783.26958       0.00000
10       0.00000      0.00000      0.00000   45600.77343
11       0.00000   5806.46538      0.00000       0.00000
12    8502.45758      0.00000   4285.47619       0.00000
13       0.00000      0.00000      0.00000   47791.63790
14    7221.11367      0.00000   4784.61419       0.00000
15       0.00000   5963.06994      0.00000       0.00000
16   17169.29283      0.00000      0.00000       0.00000
17    9255.38921      0.00000   3896.27329       0.00000
18    9581.51876      0.00000   5008.52999       0.00000
19       0.00000      0.00000      0.00000   41261.55957
20       0.00000   6031.87403      0.00000       0.00000
21    3144.85707      0.00000   4300.84746       0.00000
22     335.00833      0.00000   2888.93799   11370.47322
23   17879.64886      0.00000      0.00000       0.00000
24       0.00000      0.00000      0.00000   41654.84329
25    7174.98568      0.00000   3945.06049       0.00000
26       0.00000   3140.90603      0.00000   12983.98626
27       0.00000      0.00000   4125.99840     395.69095
28   14300.24245      0.00000      0.00000       0.00000
29       0.00000      0.00000      0.00000   18535.38961
30       0.00000      0.00000      0.00000       0.00000
;

apren [*] :=
 p1  0.00007
p10  0.00007
 p2  0.00007
 p3  0.00007
 p4  0.00007
 p5  0.00057
 p6  0.00007
 p7  0.00007
 p8  0.00007
 p9  0.00007
;

TInv [*,*] (tr)
:      Cuarto        Entero       Medio        Octavo       :=
1        0.00000      0.00000   2915.56702    5244.96596
2    14573.86408      0.00000      0.00000       0.00000
3        0.00000      0.00000      0.00000   45127.19101
4    19501.26363      0.00000      0.00000       0.00000
5    23109.93897      0.00000      0.00000       0.00000
6    25093.79567      0.00000      0.00000       0.00000
7        0.00000   5762.38676   2875.22648       0.00000
8        0.00000      0.00000      0.00000   42105.43103
9    11134.97090      0.00000   4783.83723       0.00000
10       0.00000      0.00000      0.00000   45335.93147
11       0.00000   5723.46398      0.00000       0.00000
12    8483.08724      0.00000   4285.47619       0.00000
13       0.00000      0.00000      0.00000   48316.86026
14    7160.48947      0.00000   4783.34972       0.00000
15       0.00000   5885.21692      0.00000       0.00000
16   16477.67877      0.00000      0.00000       0.00000
17    8907.70726      0.00000   4302.10341       0.00000
18    9068.39636      0.00000   5319.44895       0.00000
19    8061.16213      0.00000      0.00000   21620.17230
20       0.00000   5883.18145      0.00000       0.00000
21    5948.04164      0.00000   5143.53649       0.00000
22       0.00000      0.00000      0.00000   40763.64366
23   13261.58770      0.00000    553.23007       0.00000
24       0.00000      0.00000      0.00000   45850.44657
25       0.00000      0.00000   3417.28582       0.00000
26       0.00000   2349.30693      0.00000       0.00000
27       0.00000     60.78206   3829.61549       0.00000
28   13839.40851      0.00000      0.00000       0.00000
29       0.00000      0.00000      0.00000   17800.76145
30       0.00000      0.00000      0.00000       0.00000
;

apren [*] :=
 p1  0.00007
p10  0.00007
 p2  0.00007
 p3  0.00007
 p4  0.00007
 p5  0.00067
 p6  0.00007
 p7  0.00007
 p8  0.00007
 p9  0.00007
;

TInv [*,*] (tr)
:      Cuarto        Entero       Medio        Octavo       :=
1        0.00000      0.00000   2889.47231    5023.99485
2    14415.16604      0.00000      0.00000       0.00000
3        0.00000      0.00000      0.00000   45127.19088
4    19537.35447      0.00000      0.00000       0.00000
5    23152.42752      0.00000      0.00000       0.00000
6    25109.87732      0.00000      0.00000       0.00000
7        0.00000   5746.15313   2907.69375       0.00000
8        0.00000      0.00000      0.00000   42114.53006
9    11150.58501      0.00000   4779.11139       0.00000
10       0.00000      0.00000      0.00000   46054.37421
11       0.00000   5728.91656      0.00000       0.00000
12    8527.43968      0.00000   4285.47619       0.00000
13       0.00000      0.00000      0.00000   48358.34062
14    7154.74716      0.00000   4781.66430       0.00000
15       0.00000   5892.19597      0.00000       0.00000
16   16468.58002      0.00000      0.00000       0.00000
17    8916.19703      0.00000   4294.75629       0.00000
18    8666.06452      0.00000   5314.65310       0.00000
19    7772.58559      0.00000      0.00000   21507.92737
20       0.00000   5904.64573      0.00000       0.00000
21    6894.21704      0.00000   5123.25325       0.00000
22       0.00000      0.00000      0.00000   40763.64376
23   13199.31633      0.00000    578.02163       0.00000
24       0.00000      0.00000      0.00000   45843.08453
25       0.00000      0.00000   3407.69193       0.00000
26       0.00000   2345.58775      0.00000       0.00000
27       0.00000    176.84125   3688.19725       0.00000
28   13774.74271      0.00000      0.00000       0.00000
29       0.00000      0.00000      0.00000   17814.30237
30       0.00000      0.00000      0.00000       0.00000
;

apren [*] :=
 p1  0.00007
p10  0.00007
 p2  0.00007
 p3  0.00007
 p4  0.00007
 p5  0.00077
 p6  0.00007
 p7  0.00007
 p8  0.00007
 p9  0.00007
;

TInv [*,*] (tr)
:      Cuarto        Entero       Medio        Octavo       :=
1        0.00000      0.00000   2880.41482    4904.99605
2    14319.94607      0.00000      0.00000       0.00000
3        0.00000      0.00000      0.00000   45127.19007
4    19671.32754      0.00000      0.00000       0.00000
5    23228.89027      0.00000      0.00000       0.00000
6    25127.09580      0.00000      0.00000       0.00000
7        0.00000   5739.13198   2921.73604       0.00000
8        0.00000      0.00000      0.00000   42093.56838
9    11170.44022      0.00000   4772.53453       0.00000
10       0.00000      0.00000      0.00000   46145.60125
11       0.00000   5725.69000      0.00000       0.00000
12    8625.49987      0.00000   4285.47619       0.00000
13       0.00000      0.00000      0.00000   48343.45519
14    7144.86146      0.00000   4778.43391       0.00000
15       0.00000   5889.16026      0.00000       0.00000
16   16489.54334      0.00000      0.00000       0.00000
17    8916.63256      0.00000   4289.92457       0.00000
18    8628.78964      0.00000   5320.14339       0.00000
19    7557.78613      0.00000      0.00000   21654.21810
20       0.00000   5900.50047      0.00000       0.00000
21    7051.30735      0.00000   5142.64193       0.00000
22       0.00000      0.00000      0.00000   40763.64433
23   13160.66251      0.00000    596.95833       0.00000
24       0.00000      0.00000      0.00000   45810.72072
25       0.00000      0.00000   3399.66913       0.00000
26       0.00000   2350.70936      0.00000       0.00000
27       0.00000    170.61611   3796.70910       0.00000
28   13735.48340      0.00000      0.00000       0.00000
29       0.00000      0.00000      0.00000   17826.25043
30       0.00000      0.00000      0.00000       0.00000
;

apren [*] :=
 p1  0.00007
p10  0.00007
 p2  0.00007
 p3  0.00007
 p4  0.00007
 p5  0.00087
 p6  0.00007
 p7  0.00007
 p8  0.00007
 p9  0.00007
;

TInv [*,*] (tr)
:      Cuarto        Entero       Medio        Octavo       :=
1        0.00000      0.00000   2974.28948    4984.98481
2    14331.56140      0.00000      0.00000       0.00000
3        0.00000      0.00000      0.00000   45127.18652
4    19811.28603      0.00000      0.00000       0.00000
5    23318.59184      0.00000      0.00000       0.00000
6    25150.66833      0.00000      0.00000       0.00000
7        0.00000   5966.45725   2467.08550       0.00000
8        0.00000      0.00000      0.00000   42062.16616
9    11194.86857      0.00000   4759.99740       0.00000
10       0.00000      0.00000      0.00000   46138.15240
11       0.00000   5744.07392      0.00000       0.00000
12    8736.05600      0.00000   4285.47619       0.00000
13       0.00000      0.00000      0.00000   48259.96976
14    7132.04090      0.00000   4773.31013       0.00000
15       0.00000   5915.27410      0.00000       0.00000
16   16520.95444      0.00000      0.00000       0.00000
17    8913.24895      0.00000   4329.71557       0.00000
18    8650.75506      0.00000   5357.95377       0.00000
19    7331.66448      0.00000      0.00000   21897.05214
20       0.00000   5924.08077      0.00000       0.00000
21    7091.02871      0.00000   5234.40957       0.00000
22       0.00000      0.00000      0.00000   40763.64586
23   13937.48614      0.00000    439.14690       0.00000
24       0.00000      0.00000      0.00000   45747.93293
25       0.00000    801.28719   2996.20684       0.00000
26   13480.52287      0.00000      0.00000       0.00000
27       0.00000   2359.17093   3191.00775       0.00000
28   14357.93246      0.00000      0.00000       0.00000
29       0.00000      0.00000      0.00000   18596.14722
30       0.00000      0.00000      0.00000       0.00000
;

apren [*] :=
 p1  0.00007
p10  0.00007
 p2  0.00007
 p3  0.00007
 p4  0.00007
 p5  0.00097
 p6  0.00007
 p7  0.00007
 p8  0.00007
 p9  0.00007
;

TInv [*,*] (tr)
:      Cuarto        Entero       Medio        Octavo       :=
1        0.00000      0.00000   2723.88170    4613.90517
2    14138.69197      0.00000      0.00000       0.00000
3        0.00000      0.00000      0.00000   45120.26065
4    19661.81177      0.00000      0.00000       0.00000
5    23258.23550      0.00000      0.00000       0.00000
6    25132.72768      0.00000      0.00000       0.00000
7        0.00000   4839.69422   4711.94979       0.00000
8        0.00000      0.00000      0.00000   42027.97408
9    11175.53541      0.00000   4883.73914       0.00000
10       0.00000      0.00000      0.00000   46124.30156
11       0.00000   5622.06945      0.00000       0.00000
12    8670.67419      0.00000   4402.22855       0.00000
13       0.00000      0.00000      0.00000   48262.68816
14    7144.03028      0.00000   4875.30535       0.00000
15       0.00000   5798.03110      0.00000       0.00000
16   16555.13598      0.00000      0.00000       0.00000
17    8930.33422      0.00000   4453.56559       0.00000
18    8638.32791      0.00000   5436.56265       0.00000
19    7161.99098      0.00000      0.00000   22241.66390
20       0.00000   5753.67803      0.00000       0.00000
21    7119.10662      0.00000   5381.65796       0.00000
22       0.00000      0.00000      0.00000   40763.64371
23   16328.06404      0.00000      0.00000       0.00000
24       0.00000      0.00000      0.00000   45764.89617
25       0.00000   1506.37134   1384.94926       0.00000
26   12963.39133      0.00000      0.00000       0.00000
27       0.00000   2359.16960   3191.00914       0.00000
28   14357.93269      0.00000      0.00000       0.00000
29       0.00000      0.00000      0.00000   18596.14642
30       0.00000      0.00000      0.00000       0.00000
;

apren [*] :=
 p1  0.00007
p10  0.00007
 p2  0.00007
 p3  0.00007
 p4  0.00007
 p5  0.00107
 p6  0.00007
 p7  0.00007
 p8  0.00007
 p9  0.00007
;

TInv [*,*] (tr)
:      Cuarto        Entero       Medio        Octavo       :=
1        0.00001      0.00000   2734.03423    4631.04240
2    14136.04093      0.00000      0.00000       0.00001
3        0.00000      0.00000      0.00000   45116.69143
4    19912.14437      0.00000      0.00000       0.00000
5    23394.11836      0.00000      0.00000       0.00000
6    25162.51206      0.00000      0.00000       0.00000
7        0.00000   4844.10752   4698.66050       0.00000
8        0.00000      0.00000      0.00000   41994.35834
9    11217.67852      0.00000   4916.24042       0.00000
10       0.00000      0.00000      0.00000   46191.09577
11       0.00000   5623.52342      0.00000       0.00000
12    8880.02907      0.00000   4492.22748       0.00000
13       0.00000      0.00000      0.00000   48251.00278
14    7128.61026      0.00000   4914.38173       0.00000
15       0.00000   5802.18497      0.00000       0.00000
16   16588.75152      0.00000      0.00000       0.00000
17    8938.99406      0.00000   4530.60403       0.00000
18    8832.01096      0.00000   5459.34964       0.00000
19    7092.39647      0.00000      0.00000   22516.22338
20       0.00000   5739.57108      0.00000       0.00000
21    7108.66018      0.00000   5382.89173       0.00000
22       0.00000      0.00000      0.00000   40763.64368
23   16328.77151      0.00000      0.00000       0.00000
24       0.00000      0.00000      0.00000   45742.89362
25       0.00000   1506.90182   1381.70650       0.00000
26   12957.96679      0.00000      0.00000       0.00000
27       0.00000   2359.16956   3191.00917       0.00000
28   14357.93269      0.00000      0.00000       0.00000
29       0.00000      0.00000      0.00000   18596.14622
30       0.00000      0.00000      0.00000       0.00000
;

apren [*] :=
 p1  0.00007
p10  0.00007
 p2  0.00007
 p3  0.00007
 p4  0.00007
 p5  0.00117
 p6  0.00007
 p7  0.00007
 p8  0.00007
 p9  0.00007
;

TInv [*,*] (tr)
:      Cuarto        Entero       Medio        Octavo       :=
1        0.00002      0.00000   2744.87902    4660.20647
2    14143.29881      0.00000      0.00000       0.00000
3        0.00000      0.00000      0.00000   45112.81528
4    19834.31027      0.00000      0.00000       0.00000
5    23376.33512      0.00000      0.00000       0.00000
6    25178.14515      0.00000      0.00000       0.00000
7        0.00000   4848.81571   4684.39891       0.00000
8        0.00000      0.00000      0.00000   41962.73862
9    11229.18830      0.00000   4912.77193       0.00000
10       0.00000      0.00000      0.00000   46156.67223
11       0.00000   5621.09324      0.00000       0.00000
12    8928.94675      0.00000   4471.00916       0.00000
13       0.00000      0.00000      0.00000   48190.23903
14    7124.05806      0.00000   4914.14190       0.00000
15       0.00000   5801.77215      0.00000       0.00000
16   16620.37124      0.00000      0.00000       0.00000
17    8953.59130      0.00000   4504.75258       0.00000
18    8946.09822      0.00000   5459.95966       0.00000
19    7066.84679      0.00000      0.00000   22819.12043
20       0.00000   5743.59989      0.00000       0.00000
21    7109.30912      0.00000   5384.40404       0.00000
22       0.00000      0.00000      0.00000   40763.64368
23   16329.19418      0.00000      0.00000       0.00000
24       0.00000      0.00000      0.00000   45742.56015
25       0.00000   1507.21882   1379.76862       0.00000
26   12954.72502      0.00000      0.00000       0.00000
27       0.00000   2359.16956   3191.00917       0.00000
28   14357.93269      0.00000      0.00000       0.00000
29       0.00000      0.00000      0.00000   18596.14622
30       0.00000      0.00000      0.00000       0.00000
;

apren [*] :=
 p1  0.00007
p10  0.00007
 p2  0.00007
 p3  0.00007
 p4  0.00007
 p5  0.00127
 p6  0.00007
 p7  0.00007
 p8  0.00007
 p9  0.00007
;

TInv [*,*] (tr)
:      Cuarto        Entero       Medio        Octavo       :=
1        0.00000      0.00000   3068.63246    4180.48170
2    13060.95145      0.00000      0.00000       0.00000
3        0.00000      0.00000      0.00000   45127.19098
4    19416.21388      0.00000      0.00000       0.00000
5    23111.42863      0.00000      0.00000       0.00000
6    21456.47457      0.00000   1877.95816       0.00000
7     9468.25683   4477.66312      0.00000       0.00000
8        0.00000      0.00000      0.00000   41922.85904
9    11255.43252      0.00000   4762.69945       0.00000
10       0.00000      0.00000      0.00000   46182.14330
11       0.00000   5621.03175      0.00000       0.00000
12    9035.19522      0.00000   4327.19780       0.00000
13       0.00000      0.00000      0.00000   48160.58171
14    7168.68497      0.00000   4816.62789       0.00000
15       0.00000   5793.89414      0.00000       0.00000
16   16756.76898      0.00000      0.00000       0.00000
17    8949.93937      0.00000   4441.08684       0.00000
18    9103.08677      0.00000   5444.30687       0.00000
19    6956.95275      0.00000      0.00000   23203.76324
20       0.00000   5749.12048      0.00000       0.00000
21    7105.52387      0.00000   5375.56317       0.00000
22       0.00000      0.00000      0.00000   40763.64370
23   16329.44271      0.00000      0.00000       0.00000
24       0.00000      0.00000      0.00000   45736.90710
25       0.00000   1507.40522   1378.62909       0.00000
26   12952.81877      0.00000      0.00000       0.00000
27       0.00000   2359.16956   3191.00917       0.00000
28   14357.93269      0.00000      0.00000       0.00000
29       0.00000      0.00000      0.00000   18596.14620
30       0.00000      0.00000      0.00000       0.00000
;

apren [*] :=
 p1  0.00007
p10  0.00007
 p2  0.00007
 p3  0.00007
 p4  0.00007
 p5  0.00137
 p6  0.00007
 p7  0.00007
 p8  0.00007
 p9  0.00007
;

TInv [*,*] (tr)
:      Cuarto        Entero       Medio        Octavo       :=
1        0.00001      0.00000   3086.96868    4257.22997
2    13122.53313      0.00000      0.00001       0.00013
3        0.00000      0.00000      0.00000   45127.19099
4    19023.46410      0.00000      0.00001       0.00002
5    22737.69748      0.00000      0.00001       0.00002
6    21381.25907      0.00000   1833.94688       0.00001
7     9370.85695   4486.91936      0.00000       0.00001
8        0.00000      0.00000      0.00000   41869.79409
9    11200.77424      0.00000   4761.18461       0.00001
10       0.00000      0.00000      0.00000   46053.57933
11       0.00000   5621.03174      0.00000       0.00001
12    8721.78283      0.00000   4327.19782       0.00001
13       0.00000      0.00000      0.00000   48162.57996
14    7164.67944      0.00000   4822.03841       0.00001
15       0.00000   5792.38791      0.00000       0.00001
16   16725.95144      0.00000      0.00000       0.00001
17    8966.12133      0.00000   4465.04154       0.00002
18    8922.82499      0.00000   5438.80795       0.00001
19    6688.12752      0.00000      0.00000   23729.82414
20       0.00000   5740.43421      0.00000       0.00001
21    7136.66070      0.00000   5371.57418       0.00000
22       0.00000      0.00000      0.00001   40763.64369
23   16329.58697      0.00000      0.00001       0.00000
24       0.00000      0.00000      0.00000   45801.32717
25       0.00000   1507.51342   1377.96761       0.00000
26   12951.71219      0.00000      0.00000       0.00000
27       0.00000   2359.16957   3191.00916       0.00001
28   14357.93267      0.00000      0.00000       0.00000
29       0.00000      0.00000      0.00000   18596.14632
30       0.00000      0.00000      0.00000       0.00000
;

apren [*] :=
 p1  0.00007
p10  0.00007
 p2  0.00007
 p3  0.00007
 p4  0.00007
 p5  0.00147
 p6  0.00007
 p7  0.00007
 p8  0.00007
 p9  0.00007
;

TInv [*,*] (tr)
:      Cuarto        Entero       Medio        Octavo       :=
1        0.00000      0.00000   3104.13056    4329.46764
2    13180.29288      0.00000      0.00000       0.00000
3        0.00000      0.00000      0.00000   45127.19101
4    19031.36679      0.00000      0.00000       0.00000
5    22679.08448      0.00000      0.00000       0.00000
6    21434.42768      0.00000   1791.53237       0.00000
7     9339.28569   4495.27678      0.00000       0.00000
8        0.00000      0.00000      0.00000   41821.54767
9    11196.97531      0.00000   4768.23796       0.00000
10       0.00000      0.00000      0.00000   46013.72846
11       0.00000   5621.03175      0.00000       0.00000
12    8685.77916      0.00000   4327.19780       0.00000
13       0.00000      0.00000      0.00000   48149.52688
14    7279.50486      0.00000   4828.23368       0.00000
15       0.00000   5799.55010      0.00000       0.00000
16   16902.30849      0.00000      0.00000       0.00000
17    9050.61950      0.00000   4463.69653       0.00000
18    8890.94526      0.00000   5438.95532       0.00000
19    6436.81046      0.00000      0.00000   24197.08524
20       0.00000   5746.08856      0.00000       0.00000
21    7170.46477      0.00000   5372.89678       0.00000
22       0.00000      0.00000      0.00000   40763.64366
23   16329.66990      0.00000      0.00000       0.00000
24       0.00000      0.00000      0.00000   45820.61093
25       0.00000   1507.57561   1377.58745       0.00000
26   12951.07627      0.00000      0.00000       0.00000
27       0.00000   2359.16956   3191.00917       0.00000
28   14357.93269      0.00000      0.00000       0.00000
29       0.00000      0.00000      0.00000   18596.14619
30       0.00000      0.00000      0.00000       0.00000
;

apren [*] :=
 p1  0.00007
p10  0.00007
 p2  0.00007
 p3  0.00007
 p4  0.00007
 p5  0.00157
 p6  0.00007
 p7  0.00007
 p8  0.00007
 p9  0.00007
;

TInv [*,*] (tr)
:      Cuarto        Entero       Medio        Octavo       :=
1        0.00000      0.00000   3119.80339    4395.67978
2    13233.30384      0.00000      0.00000       0.00000
3        0.00000      0.00000      0.00000   45127.19101
4    19076.38163      0.00000      0.00000       0.00000
5    22684.34888      0.00000      0.00000       0.00000
6    21513.45105      0.00000   1751.91131       0.00000
7     9322.38365   4502.59525      0.00000       0.00000
8        0.00000      0.00000      0.00000   41777.80281
9    11210.22732      0.00000   4769.64091       0.00000
10       0.00000      0.00000      0.00000   45960.56101
11       0.00000   5621.03175      0.00000       0.00000
12    8685.98197      0.00000   4327.19780       0.00000
13       0.00000      0.00000      0.00000   48123.92580
14    7282.41822      0.00000   4822.52601       0.00000
15       0.00000   5797.50608      0.00000       0.00000
16   16937.53727      0.00000      0.00000       0.00000
17    9087.22966      0.00000   4462.11983       0.00000
18    8929.58769      0.00000   5436.88228       0.00000
19    6274.51536      0.00000      0.00000   24619.56691
20       0.00000   5744.76352      0.00000       0.00000
21    7191.52513      0.00000   5374.11411       0.00000
22       0.00000      0.00000      0.00000   40763.64366
23   16329.71713      0.00000      0.00000       0.00000
24       0.00000      0.00000      0.00000   45833.12029
25       0.00000   1507.61103   1377.37089       0.00000
26   12950.71400      0.00000      0.00000       0.00000
27       0.00000   2359.16955   3191.00917       0.00000
28   14357.93269      0.00000      0.00000       0.00000
29       0.00000      0.00000      0.00000   18596.14618
30       0.00000      0.00000      0.00000       0.00000
;

apren [*] :=
 p1  0.00007
p10  0.00007
 p2  0.00007
 p3  0.00007
 p4  0.00007
 p5  0.00167
 p6  0.00007
 p7  0.00007
 p8  0.00007
 p9  0.00007
;

TInv [*,*] (tr)
:      Cuarto        Entero       Medio        Octavo       :=
1        0.00000      0.00000   3032.57528    3958.20642
2    12496.47083      0.00000      0.00000       3.41424
3        0.00000      0.00000      0.00000   45044.48464
4    18809.11613      0.00000      0.00000       0.00000
5    22546.64281      0.00000      0.00000       0.00000
6    20784.15765      0.00000   2115.46599       0.00000
7        0.00000   7200.00000      0.00000       0.00000
8        0.00000      0.00000      0.00000   41514.07538
9    10204.31573      0.00000   4767.80238       0.00000
10       0.00000      0.00000      0.00000   45714.21710
11   10271.71360   2278.73247      0.00000       0.00000
12    8988.73429      0.00000   4327.19780       0.00000
13       0.00000      0.00000      0.00000   47893.64074
14    7683.83576      0.00000   4827.75993       0.00000
15       0.00000   5748.88889      0.00000       0.00000
16   17563.68338      0.00000      0.00000       0.00000
17    9041.26743      0.00000   4450.74708       0.00000
18    9858.31592      0.00000   5434.26415       0.00000
19    5099.85157      0.00000      0.00000   27118.81511
20       0.00000   5748.88889      0.00000       0.00000
21    8184.18584      0.00000   5373.76441       0.00000
22       0.00000      0.00000      0.00000   40763.64547
23   16329.74378      0.00000      0.00000       0.00000
24       0.00000      0.00000      0.00000   45846.63183
25       0.00000   1507.63106   1377.24846       0.00000
26   12950.50916      0.00000      0.00000       0.00000
27       0.00000   2359.16995   3191.00889       0.00000
28   14357.93268      0.00000      0.00000       0.00000
29       0.00000      0.00000      0.00000   18596.14839
30       0.00000      0.00000      0.00000       0.00000
;

apren [*] :=
 p1  0.00007
p10  0.00007
 p2  0.00007
 p3  0.00007
 p4  0.00007
 p5  0.00177
 p6  0.00007
 p7  0.00007
 p8  0.00007
 p9  0.00007
;

TInv [*,*] (tr)
:      Cuarto        Entero       Medio        Octavo       :=
1        0.00000      0.00000   3043.86910    4015.75622
2    12596.81154      0.00000      0.00000     106.79307
3        0.00000      0.00000      0.00000   45119.26373
4    18753.79627      0.00000      0.00000       0.00000
5    22530.69837      0.00000      0.00000       0.00000
6    20834.89806      0.00000   2089.75043       0.00000
7        0.00000   7200.00000      0.00000       0.00000
8        0.00000      0.00000      0.00000   41476.14614
9    10136.13484      0.00000   4776.55357       0.00000
10       0.00000      0.00000      0.00000   45609.49176
11    9234.95041   2296.37087      0.00000       0.00000
12    9227.46665      0.00000   4327.19784       0.00000
13       0.00000      0.00000      0.00000   47820.53705
14    7761.38484      0.00000   4816.44064       0.00000
15       0.00000   5748.88889      0.00000       0.00000
16   17603.94596      0.00000      0.00000       0.00000
17    9255.90904      0.00000   4441.87539       0.00000
18    9666.23304      0.00000   5428.50007       0.00000
19    5117.57581      0.00000      0.00000   27482.30238
20       0.00000   5748.88889      0.00000       0.00000
21    7398.53648      0.00000   5372.32765       0.00000
22       0.00000      0.00000      0.00000   40763.64375
23   16329.75887      0.00000      0.00000       0.00000
24       0.00000      0.00000      0.00000   45829.40298
25       0.00000   1507.64233   1377.17958       0.00000
26   12950.39395      0.00000      0.00000       0.00000
27       0.00000   2359.16959   3191.00914       0.00000
28   14357.93268      0.00000      0.00000       0.00000
29       0.00000      0.00000      0.00000   18596.14639
30       0.00000      0.00000      0.00000       0.00000
;

apren [*] :=
 p1  0.00007
p10  0.00007
 p2  0.00007
 p3  0.00007
 p4  0.00007
 p5  0.00187
 p6  0.00007
 p7  0.00007
 p8  0.00007
 p9  0.00007
;

TInv [*,*] (tr)
:      Cuarto        Entero       Medio        Octavo       :=
1        0.00000      0.00000   3053.89691    4067.38768
2    12689.06418      0.00000      0.00000       6.21356
3        0.00000      0.00000      0.00000   45085.39673
4    18907.92808      0.00000      0.00000       0.00000
5    22588.25107      0.00000      0.00000       0.00000
6    20886.88700      0.00000   2066.33643       0.00000
7        0.00000   7200.00000      0.00000       0.00000
8        0.00000      0.00000      0.00000   41440.99755
9    10198.08019      0.00000   4761.94201       0.00000
10       0.00000      0.00000      0.00000   45662.19730
11    9332.89738   2297.32455      0.00000       0.00000
12    9416.29157      0.00000   4327.19786       0.00000
13       0.00000      0.00000      0.00000   47815.87403
14    8012.00777      0.00000   4837.94095       0.00000
15       0.00000   5748.88889      0.00000       0.00000
16   18004.21811      0.00000      0.00000       0.00000
17    9418.31337      0.00000   4490.04507       0.00000
18    9751.90285      0.00000   5444.84018       0.00000
19    5051.76410      0.00000      0.00000   27805.78338
20       0.00000   5748.88889      0.00000       0.00000
21    7323.45981      0.00000   5370.07427       0.00000
22       0.00000      0.00000      0.00000   40763.64686
23   16329.76722      0.00000      0.00000       0.00000
24       0.00000      0.00000      0.00000   45826.41253
25       0.00000   1507.64846   1377.14207       0.00000
26   12950.33092      0.00000      0.00000       0.00000
27       0.00000   2359.17025   3191.00868       0.00000
28   14357.93259      0.00000      0.00000       0.00000
29       0.00000      0.00000      0.00000   18596.15025
30       0.00000      0.00000      0.00000       0.00000
;

apren [*] :=
 p1  0.00007
p10  0.00007
 p2  0.00007
 p3  0.00007
 p4  0.00007
 p5  0.00197
 p6  0.00007
 p7  0.00007
 p8  0.00007
 p9  0.00007
;

TInv [*,*] (tr)
:      Cuarto        Entero       Medio        Octavo       :=
1        0.00000      0.00000   3062.75587    4113.48372
2    12773.51587      0.00000      0.00000      38.71712
3        0.00000      0.00000      0.00000   45106.68900
4    18855.34256      0.00000      0.00000       0.00000
5    22548.07194      0.00000      0.00000       0.00000
6    20927.07594      0.00000   2045.14564       0.00000
7        0.00000   7200.00000      0.00000       0.00000
8        0.00000      0.00000      0.00000   41408.42725
9    10177.12017      0.00000   4773.77605       0.00000
10       0.00000      0.00000      0.00000   45653.86708
11    9204.81088   2295.92953      0.00000       0.00000
12    9291.75116      0.00000   4327.19781       0.00000
13       0.00000      0.00000      0.00000   47816.59008
14    7829.79116      0.00000   4831.79783       0.00000
15       0.00000   5748.88889      0.00000       0.00000
16   17752.08614      0.00000      0.00000       0.00000
17    9443.70654      0.00000   4455.65865       0.00000
18    9620.71296      0.00000   5444.96259       0.00000
19    4892.21550      0.00000      0.00000   28114.37014
20       0.00000   5748.88889      0.00000       0.00000
21    7232.20125      0.00000   5381.49979       0.00000
22       0.00000      0.00000      0.00000   40763.64381
23   16329.77196      0.00000      0.00000       0.00000
24       0.00000      0.00000      0.00000   45835.80867
25       0.00000   1507.65215   1377.11956       0.00000
26   12950.29356      0.00000      0.00000       0.00000
27       0.00000   2359.16960   3191.00914       0.00000
28   14357.93269      0.00000      0.00000       0.00000
29       0.00000      0.00000      0.00000   18596.14646
30       0.00000      0.00000      0.00000       0.00000
;

apren [*] :=
 p1  0.00007
p10  0.00007
 p2  0.00007
 p3  0.00007
 p4  0.00007
 p5  0.00207
 p6  0.00007
 p7  0.00007
 p8  0.00007
 p9  0.00007
;

TInv [*,*] (tr)
:      Cuarto        Entero       Medio        Octavo       :=
1        0.00000      0.00000   3070.57134    4153.60593
2    12845.27496      0.00000      0.00000      13.67820
3        0.00000      0.00000      0.00000   45119.93300
4    18833.18117      0.00000      0.00000       0.00000
5    22547.08521      0.00000      0.00000       0.00000
6    20952.85357      0.00000   2025.67508       0.00000
7        0.00000   7200.00000      0.00000       0.00000
8        0.00000      0.00000      0.00000   41378.45684
9    10199.53185      0.00000   4769.91134       0.00000
10       0.00000      0.00000      0.00000   45634.43248
11    9300.65118   2294.14553      0.00000       0.00000
12    9291.90248      0.00000   4327.19786       0.00000
13       0.00000      0.00000      0.00000   47753.94629
14    7825.79635      0.00000   4834.63652       0.00000
15       0.00000   5748.88889      0.00000       0.00000
16   17784.26714      0.00000      0.00000       0.00000
17    9429.98173      0.00000   4466.00032       0.00000
18    9591.36396      0.00000   5446.87423       0.00000
19    4822.77080      0.00000      0.00000   28402.11191
20       0.00000   5748.88889      0.00000       0.00000
21    7235.03913      0.00000   5381.01776       0.00000
22       0.00000      0.00000      0.00000   40763.64487
23   16329.77451      0.00000      0.00000       0.00000
24       0.00000      0.00000      0.00000   45833.21946
25       0.00000   1507.65402   1377.10806       0.00000
26   12950.27421      0.00000      0.00000       0.00000
27       0.00000   2359.16986   3191.00895       0.00000
28   14357.93266      0.00000      0.00000       0.00000
29       0.00000      0.00000      0.00000   18596.14805
30       0.00000      0.00000      0.00000       0.00000
;

apren [*] :=
 p1  0.00007
p10  0.00007
 p2  0.00007
 p3  0.00007
 p4  0.00007
 p5  0.00217
 p6  0.00007
 p7  0.00007
 p8  0.00007
 p9  0.00007
;

TInv [*,*] (tr)
:      Cuarto        Entero       Medio        Octavo       :=
1        0.00000      0.00000   3077.48503    4190.75771
2    12918.01992      0.00000      0.00000       7.43934
3        0.00000      0.00000      0.00000   45122.87010
4    18915.18647      0.00000      0.00000       0.00000
5    22585.42285      0.00000      0.00000       0.00000
6    21013.44461      0.00000   2008.37474       0.00000
7        0.00000   7200.00000      0.00000       0.00000
8        0.00000      0.00000      0.00000   41350.32313
9    10217.99145      0.00000   4769.24335       0.00000
10       0.00000      0.00000      0.00000   45633.52534
11    9250.52609   2292.23768      0.00000       0.00000
12    9404.90448      0.00000   4327.19780       0.00000
13       0.00000      0.00000      0.00000   47736.20790
14    7918.52558      0.00000   4837.43196       0.00000
15       0.00000   5748.88889      0.00000       0.00000
16   17942.61167      0.00000      0.00000       0.00000
17    9526.43862      0.00000   4469.97796       0.00000
18    9686.16141      0.00000   5450.90585       0.00000
19    4762.79212      0.00000      0.00000   28662.94338
20       0.00000   5748.88889      0.00000       0.00000
21    7191.82335      0.00000   5383.59701       0.00000
22       0.00000      0.00000      0.00000   40763.64368
23   16329.77600      0.00000      0.00000       0.00000
24       0.00000      0.00000      0.00000   45831.87234
25       0.00000   1507.65518   1377.10102       0.00000
26   12950.26254      0.00000      0.00000       0.00000
27       0.00000   2359.16956   3191.00917       0.00000
28   14357.93269      0.00000      0.00000       0.00000
29       0.00000      0.00000      0.00000   18596.14622
30       0.00000      0.00000      0.00000       0.00000
;

apren [*] :=
 p1  0.00007
p10  0.00007
 p2  0.00007
 p3  0.00007
 p4  0.00007
 p5  0.00227
 p6  0.00007
 p7  0.00007
 p8  0.00007
 p9  0.00007
;

TInv [*,*] (tr)
:      Cuarto        Entero       Medio        Octavo       :=
1        0.00000      0.00000   3083.59027    4221.06474
2    12968.92696      0.00000      0.00000       0.05533
3        0.00000      0.00000      0.00000   45126.80013
4    18944.17179      0.00000      0.00000       0.00000
5    22610.58474      0.00000      0.00000       0.00000
6    21040.36721      0.00000   1991.77709       0.00000
7        0.00000   7200.00000      0.00000       0.00000
8        0.00000      0.00000      0.00000   41324.73570
9    10258.08911      0.00000   4769.55192       0.00000
10       0.00000      0.00000      0.00000   45610.65620
11    9339.31061   2289.91179      0.00000       0.00000
12    9410.26150      0.00000   4327.19780       0.00000
13       0.00000      0.00000      0.00000   47719.74112
14    7931.49384      0.00000   4837.66029       0.00000
15       0.00000   5748.88889      0.00000       0.00000
16   17958.21289      0.00000      0.00000       0.00000
17    9580.15527      0.00000   4470.48254       0.00000
18    9740.75322      0.00000   5449.18598       0.00000
19    4663.67725      0.00000      0.00000   28902.66440
20       0.00000   5748.88889      0.00000       0.00000
21    7181.55413      0.00000   5382.34686       0.00000
22       0.00000      0.00000      0.00000   40763.64366
23   16329.77679      0.00000      0.00000       0.00000
24       0.00000      0.00000      0.00000   45832.85305
25       0.00000   1507.65578   1377.09738       0.00000
26   12950.25646      0.00000      0.00000       0.00000
27       0.00000   2359.16956   3191.00917       0.00000
28   14357.93269      0.00000      0.00000       0.00000
29       0.00000      0.00000      0.00000   18596.14618
30       0.00000      0.00000      0.00000       0.00000
;

apren [*] :=
 p1  0.00007
p10  0.00007
 p2  0.00007
 p3  0.00007
 p4  0.00007
 p5  0.00237
 p6  0.00007
 p7  0.00007
 p8  0.00007
 p9  0.00007
;

TInv [*,*] (tr)
:      Cuarto        Entero       Medio        Octavo       :=
1        0.00000      0.00000   3089.18332    4245.82817
2    12992.07447      0.00000      0.00000       0.00038
3        0.00000      0.00000      0.00000   45127.17111
4    18885.30230      0.00000      0.00000       0.00000
5    22568.78599      0.00000      0.00000       0.00000
6    21068.66686      0.00000   1975.19405       0.00000
7        0.00000   7200.00000      0.00000       0.00000
8        0.00000      0.00000      0.00000   41301.72901
9    10223.58056      0.00000   4773.27098       0.00000
10       0.00000      0.00000      0.00000   45549.51515
11    9263.55009   2287.01779      0.00000       0.00000
12    9269.22571      0.00000   4327.19780       0.00000
13       0.00000      0.00000      0.00000   47721.00354
14    7780.95941      0.00000   4830.39731       0.00000
15       0.00000   5748.88889      0.00000       0.00000
16   17756.81082      0.00000      0.00000       0.00000
17    9593.62735      0.00000   4459.15222       0.00000
18    9666.90123      0.00000   5439.33239       0.00000
19    4526.93597      0.00000      0.00000   29119.97561
20       0.00000   5748.88889      0.00000       0.00000
21    7171.21337      0.00000   5381.72758       0.00000
22       0.00000      0.00000      0.00000   40763.64373
23   16329.77722      0.00000      0.00000       0.00000
24       0.00000      0.00000      0.00000   45845.03788
25       0.00000   1507.65610   1377.09541       0.00000
26   12950.25317      0.00000      0.00000       0.00000
27       0.00000   2359.16957   3191.00916       0.00000
28   14357.93269      0.00000      0.00000       0.00000
29       0.00000      0.00000      0.00000   18596.14630
30       0.00000      0.00000      0.00000       0.00000
;

apren [*] :=
 p1  0.00007
p10  0.00007
 p2  0.00007
 p3  0.00007
 p4  0.00007
 p5  0.00247
 p6  0.00007
 p7  0.00007
 p8  0.00007
 p9  0.00007
;

TInv [*,*] (tr)
:      Cuarto        Entero       Medio        Octavo       :=
1        0.00000      0.00000   3094.15948    4267.69055
2    13011.66306      0.00000      0.00000       0.00000
3        0.00000      0.00000      0.00000   45127.18518
4    18899.56094      0.00000      0.00000       0.00000
5    22606.61043      0.00000      0.00000       0.00000
6    21110.06360      0.00000   1959.92144       0.00000
7        0.00000   7200.00000      0.00000       0.00000
8        0.00000      0.00000      0.00000   41280.34550
9    10253.65862      0.00000   4769.03163       0.00000
10       0.00000      0.00000      0.00000   45517.13310
11    9378.80996   2284.15475      0.00000       0.00000
12    9451.96743      0.00000   4327.19829       0.00000
13       0.00000      0.00000      0.00000   47687.82000
14    7920.35008      0.00000   4842.08248       0.00000
15       0.00000   5748.88889      0.00000       0.00000
16   17874.93045      0.00000      0.00000       0.00000
17    9742.51907      0.00000   4473.96823       0.00000
18    9785.47985      0.00000   5444.14960       0.00000
19    4472.03674      0.00000      0.00000   29322.87684
20       0.00000   5748.88889      0.00000       0.00000
21    7170.61297      0.00000   5378.37991       0.00000
22       0.00000      0.00000      0.00000   40763.66349
23   16329.77700      0.00000      0.00000       0.00000
24       0.00000      0.00000      0.00000   45843.40121
25       0.00000   1507.65511   1377.10150       0.00000
26   12950.26150      0.00000      0.00000       0.00000
27       0.00000   2359.17413   3191.00590       0.00000
28   14357.93205      0.00000      0.00000       0.00000
29       0.00000      0.00000      0.00000   18596.17346
30       0.00000      0.00000      0.00000       0.00000
;

apren [*] :=
 p1  0.00007
p10  0.00007
 p2  0.00007
 p3  0.00007
 p4  0.00007
 p5  0.00257
 p6  0.00007
 p7  0.00007
 p8  0.00007
 p9  0.00007
;

TInv [*,*] (tr)
:      Cuarto        Entero       Medio        Octavo       :=
1        0.00000      0.00000   3098.51040    4286.45993
2    13028.70784      0.00000      0.00000       0.00000
3        0.00000      0.00000      0.00000   45127.19035
4    18953.37764      0.00000      0.00000       0.00000
5    22624.01680      0.00000      0.00000       0.00000
6    21153.68137      0.00000   1946.19101       0.00000
7        0.00000   7200.00000      0.00000       0.00000
8        0.00000      0.00000      0.00000   41261.09025
9    10263.16090      0.00000   4770.09313       0.00000
10       0.00000      0.00000      0.00000   45513.05818
11    9431.80280   2281.55914      0.00000       0.00000
12    9239.71849      0.00000   4327.19788       0.00000
13       0.00000      0.00000      0.00000   47687.24151
14    7627.08795      0.00000   4837.28751       0.00000
15       0.00000   5748.88889      0.00000       0.00000
16   17644.75126      0.00000      0.00000       0.00000
17    9649.46377      0.00000   4469.96944       0.00000
18    9726.32763      0.00000   5442.41629       0.00000
19    4405.69841      0.00000      0.00000   29503.65152
20       0.00000   5748.88889      0.00000       0.00000
21    7169.53163      0.00000   5378.52150       0.00000
22       0.00000      0.00000      0.00000   40763.64676
23   16329.77750      0.00000      0.00000       0.00000
24       0.00000      0.00000      0.00000   45844.08853
25       0.00000   1507.65619   1377.09485       0.00000
26   12950.25193      0.00000      0.00000       0.00000
27       0.00000   2359.17026   3191.00867       0.00000
28   14357.93259      0.00000      0.00000       0.00000
29       0.00000      0.00000      0.00000   18596.15042
30       0.00000      0.00000      0.00000       0.00000
;

apren [*] :=
 p1  0.00007
p10  0.00007
 p2  0.00007
 p3  0.00007
 p4  0.00007
 p5  0.00267
 p6  0.00007
 p7  0.00007
 p8  0.00007
 p9  0.00007
;

TInv [*,*] (tr)
:      Cuarto        Entero       Medio        Octavo       :=
1        0.00000      0.00000   3100.60706    4295.37938
2    13035.75656      0.00000      0.00000       0.00000
3        0.00000      0.00000      0.00000   45127.19100
4    18816.75201      0.00000      0.00000       0.00000
5    22556.80834      0.00000      0.00000       0.00000
6    21177.36925      0.00000   1940.84156       0.00000
7        0.00000   7200.00000      0.00000       0.00000
8        0.00000      0.00000      0.00000   41258.88665
9    10180.42749      0.00000   4792.28859       0.00000
10       0.00000      0.00000      0.00000   45381.43179
11    9505.70980   2280.90432      0.00000       0.00000
12    9115.75602      0.00000   4327.19780       0.00000
13       0.00000      0.00000      0.00000   47774.01416
14    7790.83470      0.00000   4810.93218       0.00000
15       0.00000   5748.88889      0.00000       0.00000
16   17658.95775      0.00000      0.00000       0.00000
17    9602.44900      0.00000   4429.90967       0.00000
18    9308.89217      0.00000   5406.29548       0.00000
19    4098.07698      0.00000      0.00000   29565.66442
20       0.00000   5748.88889      0.00000       0.00000
21    7156.84730      0.00000   5372.22525       0.00000
22       0.00000      0.00000      0.00000   40763.64369
23   16329.77766      0.00000      0.00000       0.00000
24       0.00000      0.00000      0.00000   45882.64058
25       0.00000   1507.65643   1377.09337       0.00000
26   12950.24976      0.00000      0.00000       0.00000
27       0.00000   2359.16956   3191.00917       0.00000
28   14357.93269      0.00000      0.00000       0.00000
29       0.00000      0.00000      0.00000   18596.14622
30       0.00000      0.00000      0.00000       0.00000
;

apren [*] :=
 p1  0.00007
p10  0.00007
 p2  0.00007
 p3  0.00007
 p4  0.00007
 p5  0.00277
 p6  0.00007
 p7  0.00007
 p8  0.00007
 p9  0.00007
;

TInv [*,*] (tr)
:      Cuarto        Entero       Medio        Octavo       :=
1        0.00000      0.00000   3102.18039    4302.05872
2    13040.88853      0.00000      0.00000       0.00000
3        0.00000      0.00000      0.00000   45127.19101
4    18918.26796      0.00000      0.00000       0.00000
5    22615.69875      0.00000      0.00000       0.00000
6    21187.14277      0.00000   1937.00257       0.00000
7        0.00000   7200.00000      0.00000       0.00000
8        0.00000      0.00000      0.00000   41258.88662
9    10236.59245      0.00000   4772.45590       0.00000
10       0.00000      0.00000      0.00000   45437.05769
11    9752.88950   2280.38453      0.00000       0.00000
12    9267.74770      0.00000   4327.19780       0.00000
13       0.00000      0.00000      0.00000   47739.25367
14    7893.98798      0.00000   4833.84380       0.00000
15       0.00000   5748.88889      0.00000       0.00000
16   17960.75321      0.00000      0.00000       0.00000
17    9707.65517      0.00000   4464.97317       0.00000
18    9557.86537      0.00000   5431.67402       0.00000
19    4228.96824      0.00000      0.00000   29608.88722
20       0.00000   5748.88889      0.00000       0.00000
21    7161.92482      0.00000   5377.77100       0.00000
22       0.00000      0.00000      0.00000   40763.64366
23   16329.77770      0.00000      0.00000       0.00000
24       0.00000      0.00000      0.00000   45869.01163
25       0.00000   1507.65646   1377.09319       0.00000
26   12950.24945      0.00000      0.00000       0.00000
27       0.00000   2359.16955   3191.00917       0.00000
28   14357.93269      0.00000      0.00000       0.00000
29       0.00000      0.00000      0.00000   18596.14618
30       0.00000      0.00000      0.00000       0.00000
;

apren [*] :=
 p1  0.00007
p10  0.00007
 p2  0.00007
 p3  0.00007
 p4  0.00007
 p5  0.00287
 p6  0.00007
 p7  0.00007
 p8  0.00007
 p9  0.00007
;

TInv [*,*] (tr)
:      Cuarto        Entero       Medio        Octavo       :=
1        0.00000      0.00000   3103.52907    4307.80138
2    13045.41190      0.00000      0.00000       0.00000
3        0.00000      0.00000      0.00000   45127.19101
4    18879.13131      0.00000      0.00000       0.00000
5    22584.83214      0.00000      0.00000       0.00000
6    21177.26526      0.00000   1933.58181       0.00000
7        0.00000   7200.00000      0.00000       0.00000
8        0.00000      0.00000      0.00000   41258.88662
9    10223.03860      0.00000   4777.22520       0.00000
10       0.00000      0.00000      0.00000   45456.17470
11    9554.12120   2279.87009      0.00000       0.00000
12    9222.91922      0.00000   4327.19780       0.00000
13       0.00000      0.00000      0.00000   47727.36460
14    7768.19194      0.00000   4827.07855       0.00000
15       0.00000   5748.88889      0.00000       0.00000
16   17763.59178      0.00000      0.00000       0.00000
17    9666.75109      0.00000   4446.08038       0.00000
18    9603.46812      0.00000   5431.17126       0.00000
19    4222.85692      0.00000      0.00000   29648.63587
20       0.00000   5748.88889      0.00000       0.00000
21    7173.03289      0.00000   5381.66645       0.00000
22       0.00000      0.00000      0.00000   40763.64366
23   16329.77772      0.00000      0.00000       0.00000
24       0.00000      0.00000      0.00000   45863.33751
25       0.00000   1507.65648   1377.09309       0.00000
26   12950.24929      0.00000      0.00000       0.00000
27       0.00000   2359.16955   3191.00917       0.00000
28   14357.93269      0.00000      0.00000       0.00000
29       0.00000      0.00000      0.00000   18596.14618
30       0.00000      0.00000      0.00000       0.00000
;

apren [*] :=
 p1  0.00007
p10  0.00007
 p2  0.00007
 p3  0.00007
 p4  0.00007
 p5  0.00297
 p6  0.00007
 p7  0.00007
 p8  0.00007
 p9  0.00007
;

TInv [*,*] (tr)
:      Cuarto        Entero       Medio        Octavo       :=
1        0.00000      0.00000   3104.68767    4312.74926
2    13049.40526      0.00000      0.00000       0.00001
3        0.00000      0.00000      0.00000   45127.19101
4    18904.19201      0.00000      0.00000       0.00000
5    22595.97982      0.00000      0.00000       0.00000
6    21187.22275      0.00000   1930.53069       0.00000
7        0.00000   7200.00000      0.00000       0.00000
8        0.00000      0.00000      0.00000   41258.88663
9    10235.77730      0.00000   4775.82387       0.00000
10       0.00000      0.00000      0.00000   45460.88967
11    9558.54495   2279.37033      0.00000       0.00000
12    9228.96358      0.00000   4327.19780       0.00000
13       0.00000      0.00000      0.00000   47723.70455
14    7736.37763      0.00000   4829.36303       0.00000
15       0.00000   5748.88889      0.00000       0.00000
16   17714.57526      0.00000      0.00000       0.00000
17    9665.75289      0.00000   4458.70820       0.00000
18    9637.98113      0.00000   5433.20521       0.00000
19    4232.89359      0.00000      0.00000   29685.09877
20       0.00000   5748.88889      0.00000       0.00000
21    7162.27126      0.00000   5382.19852       0.00000
22       0.00000      0.00000      0.00000   40763.64366
23   16329.77773      0.00000      0.00000       0.00000
24       0.00000      0.00000      0.00000   45861.57727
25       0.00000   1507.65648   1377.09305       0.00000
26   12950.24921      0.00000      0.00000       0.00000
27       0.00000   2359.16956   3191.00917       0.00000
28   14357.93269      0.00000      0.00000       0.00000
29       0.00000      0.00000      0.00000   18596.14620
30       0.00000      0.00000      0.00000       0.00000
;

apren [*] :=
 p1  0.00007
p10  0.00007
 p2  0.00007
 p3  0.00007
 p4  0.00007
 p5  0.00307
 p6  0.00007
 p7  0.00007
 p8  0.00007
 p9  0.00007
;

TInv [*,*] (tr)
:      Cuarto        Entero       Medio        Octavo       :=
1        0.00000      0.00000   3105.68525    4317.02175
2    13052.93568      0.00000      0.00000       0.00000
3        0.00000      0.00000      0.00000   45127.19101
4    18919.77422      0.00000      0.00000       0.00000
5    22604.73667      0.00000      0.00000       0.00000
6    21193.94322      0.00000   1927.80701       0.00000
7        0.00000   7200.00000      0.00000       0.00000
8        0.00000      0.00000      0.00000   41258.88662
9    10239.39687      0.00000   4775.90084       0.00000
10       0.00000      0.00000      0.00000   45463.23210
11    9592.57468   2278.88695      0.00000       0.00000
12    9243.16014      0.00000   4327.19780       0.00000
13       0.00000      0.00000      0.00000   47722.45334
14    7786.56662      0.00000   4831.18364       0.00000
15       0.00000   5748.88889      0.00000       0.00000
16   17804.33289      0.00000      0.00000       0.00000
17    9695.26180      0.00000   4453.79258       0.00000
18    9662.85761      0.00000   5433.96841       0.00000
19    4220.56633      0.00000      0.00000   29718.46847
20       0.00000   5748.88889      0.00000       0.00000
21    7163.04324      0.00000   5380.89521       0.00000
22       0.00000      0.00000      0.00000   40763.64366
23   16329.77774      0.00000      0.00000       0.00000
24       0.00000      0.00000      0.00000   45860.92437
25       0.00000   1507.65649   1377.09301       0.00000
26   12950.24915      0.00000      0.00000       0.00000
27       0.00000   2359.16956   3191.00917       0.00000
28   14357.93269      0.00000      0.00000       0.00000
29       0.00000      0.00000      0.00000   18596.14618
30       0.00000      0.00000      0.00000       0.00000
;

apren [*] :=
 p1  0.00007
p10  0.00007
 p2  0.00007
 p3  0.00007
 p4  0.00007
 p5  0.00317
 p6  0.00007
 p7  0.00007
 p8  0.00007
 p9  0.00007
;

TInv [*,*] (tr)
:      Cuarto        Entero       Medio        Octavo       :=
1        0.00000      0.00000   3106.54618    4320.72512
2    13056.06699      0.00000      0.00000       0.00000
3        0.00000      0.00000      0.00000   45127.19086
4    18848.78970      0.00000      0.00000       0.00000
5    22577.25058      0.00000      0.00000       0.00000
6    21200.86632      0.00000   1925.37533       0.00000
7        0.00000   7200.00000      0.00000       0.00000
8        0.00000      0.00000      0.00000   41258.88744
9    10202.99494      0.00000   4788.92225       0.00000
10       0.00000      0.00000      0.00000   45396.27091
11    9160.91336   2278.35372      0.00000       0.00000
12    8959.77345      0.00000   4327.19783       0.00000
13       0.00000      0.00000      0.00000   47756.46821
14    7434.03979      0.00000   4817.22597       0.00000
15       0.00000   5748.88889      0.00000       0.00000
16   17200.97728      0.00000      0.00000       0.00000
17    9602.35503      0.00000   4439.81908       0.00000
18    9459.15485      0.00000   5408.68211       0.00000
19    4052.95461      0.00000      0.00000   29748.93754
20       0.00000   5748.88889      0.00000       0.00000
21    7156.85062      0.00000   5362.62588       0.00000
22       0.00000      0.00000      0.00000   40763.64433
23   16329.77771      0.00000      0.00000       0.00000
24       0.00000      0.00000      0.00000   45872.80833
25       0.00000   1507.65644   1377.09332       0.00000
26   12950.24959      0.00000      0.00000       0.00000
27       0.00000   2359.16973   3191.00905       0.00000
28   14357.93267      0.00000      0.00000       0.00000
29       0.00000      0.00000      0.00000   18596.14725
30       0.00000      0.00000      0.00000       0.00000
;

apren [*] :=
 p1  0.00007
p10  0.00007
 p2  0.00007
 p3  0.00007
 p4  0.00007
 p5  0.00327
 p6  0.00007
 p7  0.00007
 p8  0.00007
 p9  0.00007
;

TInv [*,*] (tr)
:      Cuarto        Entero       Medio        Octavo       :=
1        0.00000      0.00000   3107.29092    4323.92735
2    13058.83098      0.00000      0.00000       0.00001
3        0.00000      0.00000      0.00000   45127.19101
4    18841.91702      0.00000      0.00000       0.00000
5    22563.92641      0.00000      0.00000       0.00000
6    21197.93183      0.00000   1923.20051       0.00000
7        0.00000   7200.00000      0.00000       0.00000
8        0.00000      0.00000      0.00000   41258.88663
9    10209.39072      0.00000   4782.71222       0.00000
10       0.00000      0.00000      0.00000   45442.09718
11    9353.16196   2277.99727      0.00000       0.00000
12    9127.01954      0.00000   4327.19780       0.00000
13       0.00000      0.00000      0.00000   47734.92479
14    7661.50527      0.00000   4821.13404       0.00000
15       0.00000   5748.88889      0.00000       0.00000
16   17601.99156      0.00000      0.00000       0.00000
17    9673.74621      0.00000   4445.20733       0.00000
18    9592.60423      0.00000   5422.93561       0.00000
19    4123.19994      0.00000      0.00000   29776.69816
20       0.00000   5748.88889      0.00000       0.00000
21    7161.21196      0.00000   5376.13658       0.00000
22       0.00000      0.00000      0.00000   40763.64366
23   16329.77775      0.00000      0.00000       0.00000
24       0.00000      0.00000      0.00000   45864.58357
25       0.00000   1507.65649   1377.09299       0.00000
26   12950.24912      0.00000      0.00000       0.00000
27       0.00000   2359.16956   3191.00917       0.00000
28   14357.93269      0.00000      0.00000       0.00000
29       0.00000      0.00000      0.00000   18596.14620
30       0.00000      0.00000      0.00000       0.00000
;

apren [*] :=
 p1  0.00007
p10  0.00007
 p2  0.00007
 p3  0.00007
 p4  0.00007
 p5  0.00337
 p6  0.00007
 p7  0.00007
 p8  0.00007
 p9  0.00007
;

TInv [*,*] (tr)
:      Cuarto        Entero       Medio        Octavo       :=
1        0.00000      0.00000   3107.94930    4327.31585
2    13061.80369      0.00000      0.00000       0.00000
3        0.00000      0.00000      0.00000   45127.17929
4    18852.29887      0.00000      0.00000       0.00000
5    22574.25206      0.00000      0.00000       0.00000
6    21205.51398      0.00000   1921.30252       0.00000
7        0.00000   7200.00000      0.00000       0.00000
8        0.00000      0.00000      0.00000   41258.96132
9    10220.37961      0.00000   4780.29655       0.00000
10       0.00000      0.00000      0.00000   45448.31793
11    9373.97435   2277.64031      0.00000       0.00000
12    9144.29536      0.00000   4327.19789       0.00000
13       0.00000      0.00000      0.00000   47732.11292
14    7643.00722      0.00000   4824.38238       0.00000
15       0.00000   5748.88889      0.00000       0.00000
16   17574.48019      0.00000      0.00000       0.00000
17    9658.14700      0.00000   4450.52619       0.00000
18    9605.66271      0.00000   5425.97531       0.00000
19    4132.66719      0.00000      0.00000   29801.92229
20       0.00000   5748.88889      0.00000       0.00000
21    7161.44041      0.00000   5376.63005       0.00000
22       0.00000      0.00000      0.00000   40763.70773
23   16329.77630      0.00000      0.00000       0.00000
24       0.00000      0.00000      0.00000   45863.44516
25       0.00000   1507.65481   1377.10213       0.00000
26   12950.26194      0.00000      0.00000       0.00000
27       0.00000   2359.18155   3191.00048       0.00000
28   14357.93196      0.00000      0.00000       0.00000
29       0.00000      0.00000      0.00000   18596.21385
30       0.00000      0.00000      0.00000       0.00000
;

apren [*] :=
 p1  0.00007
p10  0.00007
 p2  0.00007
 p3  0.00007
 p4  0.00007
 p5  0.00347
 p6  0.00007
 p7  0.00007
 p8  0.00007
 p9  0.00007
;

TInv [*,*] (tr)
:      Cuarto        Entero       Medio        Octavo       :=
1        0.00000      0.00000   3108.49752    4329.15096
2    13063.47527      0.00000      0.00000       0.00000
3        0.00000      0.00000      0.00000   45127.19083
4    18817.44031      0.00000      0.00000       0.00000
5    22552.30131      0.00000      0.00000       0.00000
6    21201.83713      0.00000   1919.52296       0.00000
7        0.00000   7200.00000      0.00000       0.00000
8        0.00000      0.00000      0.00000   41258.88781
9    10207.45360      0.00000   4782.44008       0.00000
10       0.00000      0.00000      0.00000   45443.19278
11    9332.58022   2277.27007      0.00000       0.00000
12    9128.30768      0.00000   4327.19781       0.00000
13       0.00000      0.00000      0.00000   47734.34362
14    7650.92028      0.00000   4819.53839       0.00000
15       0.00000   5748.88889      0.00000       0.00000
16   17595.80658      0.00000      0.00000       0.00000
17    9670.60290      0.00000   4441.59640       0.00000
18    9596.80272      0.00000   5422.74334       0.00000
19    4107.65162      0.00000      0.00000   29824.83206
20       0.00000   5748.88889      0.00000       0.00000
21    7161.53393      0.00000   5376.55644       0.00000
22       0.00000      0.00000      0.00000   40763.64464
23   16329.77772      0.00000      0.00000       0.00000
24       0.00000      0.00000      0.00000   45864.49456
25       0.00000   1507.65644   1377.09331       0.00000
26   12950.24957      0.00000      0.00000       0.00000
27       0.00000   2359.16975   3191.00903       0.00000
28   14357.93267      0.00000      0.00000       0.00000
29       0.00000      0.00000      0.00000   18596.14734
30       0.00000      0.00000      0.00000       0.00000
;

apren [*] :=
 p1  0.00007
p10  0.00007
 p2  0.00007
 p3  0.00007
 p4  0.00007
 p5  0.00357
 p6  0.00007
 p7  0.00007
 p8  0.00007
 p9  0.00007
;

TInv [*,*] (tr)
:      Cuarto        Entero       Medio        Octavo       :=
1        0.00000      0.00000   3108.98582    4331.27278
2    13065.41417      0.00000      0.00000       0.00000
3        0.00000      0.00000      0.00000   45127.19074
4    18784.94343      0.00000      0.00000       0.00000
5    22547.86989      0.00000      0.00000       0.00000
6    21212.01368      0.00000   1917.97209       0.00000
7        0.00000   7200.00000      0.00000       0.00000
8        0.00000      0.00000      0.00000   41258.88819
9    10216.99377      0.00000   4783.04905       0.00000
10       0.00000      0.00000      0.00000   45438.75309
11    9212.88629   2276.90543      0.00000       0.00000
12    9101.96612      0.00000   4327.19781       0.00000
13       0.00000      0.00000      0.00000   47732.23959
14    7571.65221      0.00000   4809.85716       0.00000
15       0.00000   5748.88889      0.00000       0.00000
16   17503.03397      0.00000      0.00000       0.00000
17    9601.82547      0.00000   4437.52993       0.00000
18    9585.05104      0.00000   5423.28591       0.00000
19    4058.47659      0.00000      0.00000   29845.56246
20       0.00000   5748.88889      0.00000       0.00000
21    7158.91096      0.00000   5379.58958       0.00000
22       0.00000      0.00000      0.00000   40763.64511
23   16329.77772      0.00000      0.00000       0.00000
24       0.00000      0.00000      0.00000   45863.66416
25       0.00000   1507.65643   1377.09338       0.00000
26   12950.24967      0.00000      0.00000       0.00000
27       0.00000   2359.16983   3191.00897       0.00000
28   14357.93267      0.00000      0.00000       0.00000
29       0.00000      0.00000      0.00000   18596.14773
30       0.00000      0.00000      0.00000       0.00000
;

apren [*] :=
 p1  0.00007
p10  0.00007
 p2  0.00007
 p3  0.00007
 p4  0.00007
 p5  0.00367
 p6  0.00007
 p7  0.00007
 p8  0.00007
 p9  0.00007
;

TInv [*,*] (tr)
:      Cuarto        Entero       Medio        Octavo       :=
1        0.00000      0.00000   3109.41027    4333.74924
2    13067.78314      0.00000      0.00000       0.00001
3        0.00000      0.00000      0.00000   45127.17310
4    18844.13790      0.00000      0.00000       0.00000
5    22572.54650      0.00000      0.00000       0.00000
6    21214.21223      0.00000   1916.68905       0.00000
7        0.00000   7200.00000      0.00000       0.00000
8        0.00000      0.00000      0.00000   41259.00071
9    10222.38890      0.00000   4780.60580       0.00000
10       0.00000      0.00000      0.00000   45448.90247
11    9371.89137   2276.71228      0.00000       0.00000
12    9146.47169      0.00000   4327.19860       0.00000
13       0.00000      0.00000      0.00000   47731.99747
14    7637.72290      0.00000   4824.24491       0.00000
15       0.00000   5748.88889      0.00000       0.00000
16   17571.14185      0.00000      0.00000       0.00000
17    9655.45207      0.00000   4452.01692       0.00000
18    9607.21912      0.00000   5425.92585       0.00000
19    4101.12223      0.00000      0.00000   29864.22909
20       0.00000   5748.88889      0.00000       0.00000
21    7161.30945      0.00000   5376.21315       0.00000
22       0.00000      0.00000      0.00000   40763.73916
23   16329.77515      0.00000      0.00000       0.00000
24       0.00000      0.00000      0.00000   45863.28054
25       0.00000   1507.65152   1377.12193       0.00000
26   12950.29036      0.00000      0.00000       0.00000
27       0.00000   2359.18861   3190.99542       0.00000
28   14357.93087      0.00000      0.00000       0.00000
29       0.00000      0.00000      0.00000   18596.25496
30       0.00000      0.00000      0.00000       0.00000
;

apren [*] :=
 p1  0.00007
p10  0.00007
 p2  0.00007
 p3  0.00007
 p4  0.00007
 p5  0.00377
 p6  0.00007
 p7  0.00007
 p8  0.00007
 p9  0.00007
;

TInv [*,*] (tr)
:      Cuarto        Entero       Medio        Octavo       :=
1        0.00000      0.00000   3109.80128    4335.59707
2    13069.39848      0.00000      0.00000       0.00000
3        0.00000      0.00000      0.00000   45127.17289
4    18814.48372      0.00000      0.00000       0.00000
5    22562.41412      0.00000      0.00000       0.00000
6    21215.28841      0.00000   1915.41467       0.00000
7        0.00000   7200.00000      0.00000       0.00000
8        0.00000      0.00000      0.00000   41258.99238
9    10217.91281      0.00000   4782.90367       0.00000
10       0.00000      0.00000      0.00000   45440.89922
11    9382.16656   2276.42488      0.00000       0.00000
12    9145.30328      0.00000   4327.19787       0.00000
13       0.00000      0.00000      0.00000   47734.71653
14    7668.09273      0.00000   4818.41828       0.00000
15       0.00000   5748.88889      0.00000       0.00000
16   17615.74907      0.00000      0.00000       0.00000
17    9691.34180      0.00000   4440.01508       0.00000
18    9609.14379      0.00000   5421.93240       0.00000
19    4078.01429      0.00000      0.00000   29881.16737
20       0.00000   5748.88889      0.00000       0.00000
21    7161.00037      0.00000   5376.57273       0.00000
22       0.00000      0.00000      0.00000   40763.73730
23   16329.77534      0.00000      0.00000       0.00000
24       0.00000      0.00000      0.00000   45864.89503
25       0.00000   1507.65390   1377.10694       0.00000
26   12950.26856      0.00000      0.00000       0.00000
27       0.00000   2359.18721   3190.99638       0.00000
28   14357.93159      0.00000      0.00000       0.00000
29       0.00000      0.00000      0.00000   18596.24416
30       0.00000      0.00000      0.00000       0.00000
;

apren [*] :=
 p1  0.00007
p10  0.00007
 p2  0.00007
 p3  0.00007
 p4  0.00007
 p5  0.00387
 p6  0.00007
 p7  0.00007
 p8  0.00007
 p9  0.00007
;

TInv [*,*] (tr)
:      Cuarto        Entero       Medio        Octavo       :=
1        0.00000      0.00000   3110.13133    4337.38129
2    13071.07886      0.00000      0.00000       0.00000
3        0.00000      0.00000      0.00000   45127.16433
4    18877.09821      0.00000      0.00000       0.00000
5    22586.41580      0.00000      0.00000       0.00000
6    21221.62407      0.00000   1914.34856       0.00000
7        0.00000   7200.00000      0.00000       0.00000
8        0.00000      0.00000      0.00000   41259.04155
9    10227.29756      0.00000   4780.61813       0.00000
10       0.00000      0.00000      0.00000   45445.62473
11    9466.03821   2276.20045      0.00000       0.00000
12    9172.76839      0.00000   4327.19793       0.00000
13       0.00000      0.00000      0.00000   47732.81625
14    7716.08952      0.00000   4823.14863       0.00000
15       0.00000   5748.88889      0.00000       0.00000
16   17691.34368      0.00000      0.00000       0.00000
17    9703.44197      0.00000   4449.62842       0.00000
18    9626.59050      0.00000   5424.63891       0.00000
19    4083.87088      0.00000      0.00000   29896.36573
20       0.00000   5748.88889      0.00000       0.00000
21    7160.83956      0.00000   5376.28539       0.00000
22       0.00000      0.00000      0.00000   40763.78323
23   16329.77421      0.00000      0.00000       0.00000
24       0.00000      0.00000      0.00000   45863.93918
25       0.00000   1507.65265   1377.11393       0.00000
26   12950.27844      0.00000      0.00000       0.00000
27       0.00000   2359.19512   3190.99065       0.00000
28   14357.93110      0.00000      0.00000       0.00000
29       0.00000      0.00000      0.00000   18596.28868
30       0.00000      0.00000      0.00000       0.00000
;

apren [*] :=
 p1  0.00007
p10  0.00007
 p2  0.00007
 p3  0.00007
 p4  0.00007
 p5  0.00397
 p6  0.00007
 p7  0.00007
 p8  0.00007
 p9  0.00007
;

TInv [*,*] (tr)
:      Cuarto        Entero       Medio        Octavo       :=
1        0.00000      0.00000   3110.39351    4337.41483
2    13071.22516      0.00000      0.00000       0.00000
3        0.00000      0.00000      0.00000   45127.19067
4    18902.29736      0.00000      0.00000       0.00000
5    22600.50267      0.00000      0.00000       0.00000
6    21227.48450      0.00000   1913.26386       0.00000
7        0.00000   7200.00000      0.00000       0.00000
8        0.00000      0.00000      0.00000   41258.88871
9    10230.80867      0.00000   4782.76029       0.00000
10       0.00000      0.00000      0.00000   45441.14269
11    9459.73043   2275.93134      0.00000       0.00000
12    9168.90185      0.00000   4327.19781       0.00000
13       0.00000      0.00000      0.00000   47735.90132
14    7694.90598      0.00000   4818.80782       0.00000
15       0.00000   5748.88889      0.00000       0.00000
16   17647.20487      0.00000      0.00000       0.00000
17    9700.87802      0.00000   4440.70350       0.00000
18    9613.96279      0.00000   5421.03973       0.00000
19    4068.40135      0.00000      0.00000   29910.05870
20       0.00000   5748.88889      0.00000       0.00000
21    7161.01943      0.00000   5376.15950       0.00000
22       0.00000      0.00000      0.00000   40763.64549
23   16329.77772      0.00000      0.00000       0.00000
24       0.00000      0.00000      0.00000   45865.16284
25       0.00000   1507.65641   1377.09347       0.00000
26   12950.24981      0.00000      0.00000       0.00000
27       0.00000   2359.16990   3191.00892       0.00000
28   14357.93266      0.00000      0.00000       0.00000
29       0.00000      0.00000      0.00000   18596.14814
30       0.00000      0.00000      0.00000       0.00000
;

apren [*] :=
 p1  0.00007
p10  0.00007
 p2  0.00007
 p3  0.00007
 p4  0.00007
 p5  0.00407
 p6  0.00007
 p7  0.00007
 p8  0.00007
 p9  0.00007
;

TInv [*,*] (tr)
:      Cuarto        Entero       Medio        Octavo       :=
1        0.00008      0.00001   3110.64316    4338.49688
2    13072.27887      0.00003      0.00009       0.00322
3        0.00002      0.00001      0.00002   45127.19080
4    18804.59388      0.00003      0.00008       0.00019
5    22547.43691      0.00004      0.00008       0.00017
6    21214.34847      0.00003   1912.38561       0.00014
7        0.00003   7199.99996      0.00003       0.00008
8        0.00003      0.00002      0.00004   41258.88638
9    10208.94915      0.00002   4782.90900       0.00009
10       0.00003      0.00002      0.00003   45442.83452
11    9352.83403   2275.72464      0.00005       0.00010
12    9136.93261      0.00003   4327.19782       0.00010
13       0.00003      0.00001      0.00003   47734.52637
14    7669.77656      0.00002   4818.52506       0.00009
15       0.00003   5748.88887      0.00003       0.00008
16   17626.90617      0.00002      0.00003       0.00008
17    9686.83852      0.00002   4440.04944       0.00007
18    9611.80188      0.00001   5422.39326       0.00007
19    4061.52995      0.00001      0.00002   29922.31412
20       0.00002   5748.88887      0.00002       0.00005
21    7161.04765      0.00001   5376.80837       0.00004
22       0.00002      0.00001      0.00005   40763.64327
23   16329.77767      0.00001      0.00002       0.00005
24       0.00001      0.00001      0.00001   45864.56316
25       0.00003   1507.65649   1377.09302       0.00005
26   12950.24914      0.00000      0.00001       0.00004
27       0.00001   2359.16955   3191.00917       0.00005
28   14357.93258      0.00001      0.00001       0.00001
29       0.00000      0.00000      0.00001   18596.14617
30       0.00000      0.00000      0.00000       0.00000
;

apren [*] :=
 p1  0.00007
p10  0.00007
 p2  0.00007
 p3  0.00007
 p4  0.00007
 p5  0.00417
 p6  0.00007
 p7  0.00007
 p8  0.00007
 p9  0.00007
;

TInv [*,*] (tr)
:      Cuarto        Entero       Medio        Octavo       :=
1        0.00000      0.00000   2985.25727    3606.70633
2    11336.14824      0.00000      0.00000     573.29883
3        0.00000      0.00000      0.00000   45131.80125
4    18491.52160      0.00000      0.00000       0.00000
5    22298.45378      0.00000      0.00000       0.00000
6    20226.18074      0.00000   2365.81496       0.00000
7        0.00000   7200.00000      0.00000       0.00000
8        0.00000      0.00000      0.00000   41258.88662
9     9733.29512      0.00000   4782.81687       0.00000
10       0.00000      0.00000      0.00000   45443.33169
11    8113.06469   2441.15024      0.00000       0.00000
12    8622.16063      0.00000   4327.19780       0.00000
13       0.00000      0.00000      0.00000   47735.76951
14    7161.39866      0.00000   4819.54639       0.00000
15       0.00000   5748.82285      0.00000       0.00000
16   16127.39855      0.00000      0.00000       0.00000
17    8617.53315      0.00000   4440.85602       0.00000
18    8618.49146      0.00000   5422.87989       0.00000
19    2454.49624      0.00000      0.00000   31854.94011
20       0.00000   5748.88889      0.00000       0.00000
21    1851.44840      0.00000   5376.84360       0.00000
22       0.00000      0.00000      0.00000   20923.70046
23   16329.77775      0.00000      0.00000       0.00000
24       0.00000      0.00000      0.00000   43538.45678
25       0.00000   1507.65650   1377.09298       0.00000
26   12950.24910      0.00000      0.00000       0.00000
27       0.00000   1672.32648   3025.63883     605.90205
28   13345.76018      0.00000      0.00000       0.00000
29       0.00000      0.00000      0.00000   17064.25167
30       0.00000      0.00000      0.00000       0.00000
;

apren [*] :=
 p1  0.00007
p10  0.00007
 p2  0.00007
 p3  0.00007
 p4  0.00007
 p5  0.00427
 p6  0.00007
 p7  0.00007
 p8  0.00007
 p9  0.00007
;

TInv [*,*] (tr)
:      Cuarto        Entero       Medio        Octavo       :=
1        0.00000      0.00000   2985.28107    3607.80876
2    11337.73528      0.00000      0.00000     721.92811
3        0.00000      0.00000      0.00000   44983.63767
4    18574.92414      0.00000      0.00000       0.00000
5    22402.93811      0.00000      0.00000       0.00000
6    20273.64536      0.00000   2365.91057       0.00000
7        0.00000   7200.00000      0.00000       0.00000
8        0.00000      0.00000      0.00000   41259.12808
9     9852.92448      0.00000   4770.26597       0.00000
10       0.00000      0.00000      0.00000   45568.27035
11    8472.54933   2442.18106      0.00000       0.00000
12    8810.08896      0.00000   4327.19781       0.00000
13       0.00000      0.00000      0.00000   47715.70931
14    7155.77337      0.00000   4840.06822       0.00000
15       0.00000   5746.24438      0.00000       0.00000
16   16154.51292      0.00000      0.00000       0.00000
17    8627.79568      0.00000   4486.97265       0.00000
18    8681.46493      0.00000   5433.35035       0.00000
19    2384.11096      0.00000      0.00000   32155.46091
20       0.00000   5748.88889      0.00000       0.00000
21    1874.76141      0.00000   5358.81666       0.00000
22       0.00000      0.00000      0.00000   21213.88632
23   16329.80649      0.00000      0.00000       0.00000
24       0.00000      0.00000      0.00000   43607.40492
25       0.00000   1507.66039   1377.08193       0.00000
26   12950.23546      0.00000      0.00000       0.00000
27       0.00000   1543.09968   3454.99372    1796.70848
28   13320.08887      0.00000      0.00000       0.00000
29       0.00000      0.00000      0.00000   17265.49669
30       0.00000      0.00000      0.00000       0.00000
;

apren [*] :=
 p1  0.00007
p10  0.00007
 p2  0.00007
 p3  0.00007
 p4  0.00007
 p5  0.00437
 p6  0.00007
 p7  0.00007
 p8  0.00007
 p9  0.00007
;

TInv [*,*] (tr)
:      Cuarto        Entero       Medio        Octavo       :=
1        0.00000      0.00000   2985.29343    3606.88872
2    11336.27101      0.00000      0.00000     509.81636
3        0.00000      0.00000      0.00000   44972.70680
4    18566.22055      0.00000      0.00000       0.00000
5    22439.44277      0.00000      0.00000       0.00000
6    20291.32617      0.00000   2365.78352       0.00000
7        0.00000   7200.00000      0.00000       0.00000
8        0.00000      0.00000      0.00000   41258.89659
9     9909.14255      0.00000   4773.28264       0.00000
10       0.00000      0.00000      0.00000   45601.41584
11    8567.28495   2442.79043      0.00000       0.00000
12    8895.21325      0.00000   4327.19781       0.00000
13       0.00000      0.00000      0.00000   47706.62004
14    7152.42146      0.00000   4842.11221       0.00000
15       0.00000   5748.96793      0.00000       0.00000
16   16160.76022      0.00000      0.00000       0.00000
17    8615.78476      0.00000   4439.88526       0.00000
18    8705.11901      0.00000   5437.63822       0.00000
19    2366.90683      0.00000      0.00000   32216.53942
20       0.00000   5748.88889      0.00000       0.00000
21    1874.10745      0.00000   5355.53604       0.00000
22       0.00000      0.00000      0.00000   21182.89215
23   16329.77903      0.00000      0.00000       0.00000
24       0.00000      0.00000      0.00000   43626.10320
25       0.00000   1507.65669   1377.09274       0.00000
26   12950.24894      0.00000      0.00000       0.00000
27       0.00000   1543.51536   3463.24930    2083.98851
28   13320.98787      0.00000      0.00000       0.00000
29       0.00000      0.00000      0.00000   17274.60957
30       0.00000      0.00000      0.00000       0.00000
;

apren [*] :=
 p1  0.00007
p10  0.00007
 p2  0.00007
 p3  0.00007
 p4  0.00007
 p5  0.00447
 p6  0.00007
 p7  0.00007
 p8  0.00007
 p9  0.00007
;

TInv [*,*] (tr)
:      Cuarto        Entero       Medio        Octavo       :=
1        0.00000      0.00000   2985.30585    3606.92065
2    11336.27035      0.00000      0.00000     399.96475
3        0.00000      0.00000      0.00000   44969.37342
4    18562.28566      0.00000      0.00000       0.00000
5    22440.54207      0.00000      0.00000       0.00000
6    20288.92141      0.00000   2365.76889       0.00000
7        0.00000   7200.00000      0.00000       0.00000
8        0.00000      0.00000      0.00000   41258.89131
9     9913.26900      0.00000   4770.81920       0.00000
10       0.00000      0.00000      0.00000   45594.96127
11    8552.08368   2443.57289      0.00000       0.00000
12    8903.61802      0.00000   4327.19781       0.00000
13       0.00000      0.00000      0.00000   47701.41745
14    7150.44372      0.00000   4836.61583       0.00000
15       0.00000   5747.08361      0.00000       0.00000
16   16166.67670      0.00000      0.00000       0.00000
17    8583.46518      0.00000   4478.69099       0.00000
18    8707.93380      0.00000   5429.76771       0.00000
19    2351.09734      0.00000      0.00000   32274.52345
20       0.00000   5748.88889      0.00000       0.00000
21    1873.24272      0.00000   5358.65181       0.00000
22       0.00000      0.00000      0.00000   21147.63270
23   16329.77820      0.00000      0.00000       0.00000
24       0.00000      0.00000      0.00000   43656.13782
25       0.00000   1507.65655   1377.09304       0.00000
26   12950.24925      0.00000      0.00000       0.00000
27       0.00000   1543.87965   3470.67844    2303.11347
28   13322.03596      0.00000      0.00000       0.00000
29       0.00000      0.00000      0.00000   17282.92720
30       0.00000      0.00000      0.00000       0.00000
;

apren [*] :=
 p1  0.00007
p10  0.00007
 p2  0.00007
 p3  0.00007
 p4  0.00007
 p5  0.00457
 p6  0.00007
 p7  0.00007
 p8  0.00007
 p9  0.00007
;

TInv [*,*] (tr)
:      Cuarto        Entero       Medio        Octavo       :=
1        0.00000      0.00000   2985.31438    3607.15430
2    11336.56531      0.00000      0.00000     895.78454
3        0.00000      0.00000      0.00000   45010.31646
4    18583.29855      0.00000      0.00000       0.00000
5    22469.66925      0.00000      0.00000       0.00000
6    20306.18493      0.00000   2365.78671       0.00000
7        0.00000   7200.00000      0.00000       0.00000
8        0.00000      0.00000      0.00000   41258.94744
9     9945.54085      0.00000   4769.84246       0.00000
10       0.00000      0.00000      0.00000   45635.79804
11    8685.23878   2441.55429      0.00000       0.00000
12    8950.52914      0.00000   4327.19785       0.00000
13       0.00000      0.00000      0.00000   47695.62240
14    7149.21523      0.00000   4837.50175       0.00000
15       0.00000   5748.14617      0.00000       0.00000
16   16172.27903      0.00000      0.00000       0.00000
17    8594.16884      0.00000   4439.26904       0.00000
18    8727.82204      0.00000   5439.69282       0.00000
19    2336.02411      0.00000      0.00000   32329.36241
20       0.00000   5748.88889      0.00000       0.00000
21    1872.38523      0.00000   5357.02751       0.00000
22       0.00000      0.00000      0.00000   21206.27222
23   16329.78487      0.00000      0.00000       0.00000
24       0.00000      0.00000      0.00000   43608.39911
25       0.00000   1507.65745   1377.09181       0.00000
26   12950.24834      0.00000      0.00000       0.00000
27       0.00000   1544.21670   3477.62077    2386.09520
28   13323.06071      0.00000      0.00000       0.00000
29       0.00000      0.00000      0.00000   17290.73554
30       0.00000      0.00000      0.00000       0.00000
;

apren [*] :=
 p1  0.00007
p10  0.00007
 p2  0.00007
 p3  0.00007
 p4  0.00007
 p5  0.00467
 p6  0.00007
 p7  0.00007
 p8  0.00007
 p9  0.00007
;

TInv [*,*] (tr)
:      Cuarto        Entero       Medio        Octavo       :=
1        0.00000      0.00000   2985.32292    3607.04152
2    11336.37662      0.00000      0.00000     477.09199
3        0.00000      0.00000      0.00000   44953.47238
4    18585.90005      0.00000      0.00000       0.00000
5    22492.74812      0.00000      0.00000       0.00000
6    20321.87928      0.00000   2365.75820       0.00000
7        0.00000   7200.00000      0.00000       0.00000
8        0.00000      0.00000      0.00000   41258.90602
9     9976.70986      0.00000   4768.40352       0.00000
10       0.00000      0.00000      0.00000   45676.97336
11    8785.57588   2443.42661      0.00000       0.00000
12    9012.92829      0.00000   4327.19781       0.00000
13       0.00000      0.00000      0.00000   47688.38677
14    7147.00725      0.00000   4836.76458       0.00000
15       0.00000   5747.15554      0.00000       0.00000
16   16177.56382      0.00000      0.00000       0.00000
17    8596.46348      0.00000   4485.62241       0.00000
18    8752.60538      0.00000   5433.47783       0.00000
19    2321.36953      0.00000      0.00000   32381.20069
20       0.00000   5748.88889      0.00000       0.00000
21    1871.61230      0.00000   5355.67637       0.00000
22       0.00000      0.00000      0.00000   21206.42020
23   16329.78079      0.00000      0.00000       0.00000
24       0.00000      0.00000      0.00000   43632.29765
25       0.00000   1507.65695   1377.09236       0.00000
26   12950.24866      0.00000      0.00000       0.00000
27       0.00000   1544.54700   3484.31930    2461.18212
28   13323.96982      0.00000      0.00000       0.00000
29       0.00000      0.00000      0.00000   17298.21804
30       0.00000      0.00000      0.00000       0.00000
;

apren [*] :=
 p1  0.00007
p10  0.00007
 p2  0.00007
 p3  0.00007
 p4  0.00007
 p5  0.00477
 p6  0.00007
 p7  0.00007
 p8  0.00007
 p9  0.00007
;

TInv [*,*] (tr)
:      Cuarto        Entero       Medio        Octavo       :=
1        0.00000      0.00000   2985.32802    3607.06528
2    11336.38355      0.00000      0.00000     159.34663
3        0.00000      0.00000      0.00000   44966.63989
4    18570.63731      0.00000      0.00000       0.00000
5    22478.36889      0.00000      0.00000       0.00000
6    20313.66349      0.00000   2365.75520       0.00000
7        0.00000   7200.00000      0.00000       0.00000
8        0.00000      0.00000      0.00000   41258.90757
9     9966.56851      0.00000   4769.17670       0.00000
10       0.00000      0.00000      0.00000   45664.32721
11    8740.96452   2443.92108      0.00000       0.00000
12    9007.70160      0.00000   4327.19784       0.00000
13       0.00000      0.00000      0.00000   47685.60928
14    7146.30638      0.00000   4838.39526       0.00000
15       0.00000   5748.30368      0.00000       0.00000
16   16182.56134      0.00000      0.00000       0.00000
17    8581.69631      0.00000   4433.84440       0.00000
18    8762.37767      0.00000   5443.16642       0.00000
19    2308.16018      0.00000      0.00000   32430.16874
20       0.00000   5748.88889      0.00000       0.00000
21    1870.85799      0.00000   5355.99752       0.00000
22       0.00000      0.00000      0.00000   21171.03128
23   16329.77999      0.00000      0.00000       0.00000
24       0.00000      0.00000      0.00000   43644.75027
25       0.00000   1507.65673   1377.09316       0.00000
26   12950.24967      0.00000      0.00000       0.00000
27       0.00000   1544.85355   3490.57876    2530.02064
28   13324.85185      0.00000      0.00000       0.00000
29       0.00000      0.00000      0.00000   17305.23217
30       0.00000      0.00000      0.00000       0.00000
;

apren [*] :=
 p1  0.00007
p10  0.00007
 p2  0.00007
 p3  0.00007
 p4  0.00007
 p5  0.00487
 p6  0.00007
 p7  0.00007
 p8  0.00007
 p9  0.00007
;

TInv [*,*] (tr)
:      Cuarto        Entero       Medio        Octavo       :=
1        0.00000      0.00000   2985.33280    3607.06805
2    11336.37445      0.00000      0.00000     440.67603
3        0.00000      0.00000      0.00000   44980.44956
4    18576.98146      0.00000      0.00000       0.00000
5    22483.30852      0.00000      0.00000       0.00000
6    20313.49719      0.00000   2365.74790       0.00000
7        0.00000   7200.00000      0.00000       0.00000
8        0.00000      0.00000      0.00000   41258.90306
9     9971.05909      0.00000   4769.07466       0.00000
10       0.00000      0.00000      0.00000   45666.54367
11    8741.30636   2443.54523      0.00000       0.00000
12    9022.48679      0.00000   4327.19783       0.00000
13       0.00000      0.00000      0.00000   47683.65504
14    7145.32931      0.00000   4828.04568       0.00000
15       0.00000   5747.11633      0.00000       0.00000
16   16187.27836      0.00000      0.00000       0.00000
17    8570.11869      0.00000   4462.21735       0.00000
18    8767.21542      0.00000   5432.90553       0.00000
19    2295.72893      0.00000      0.00000   32476.40552
20       0.00000   5748.88889      0.00000       0.00000
21    1870.13522      0.00000   5358.21896       0.00000
22       0.00000      0.00000      0.00000   21185.83839
23   16329.77971      0.00000      0.00000       0.00000
24       0.00000      0.00000      0.00000   43661.12137
25       0.00000   1507.65673   1377.09299       0.00000
26   12950.24940      0.00000      0.00000       0.00000
27       0.00000   1545.14365   3496.49143    2588.98162
28   13325.68354      0.00000      0.00000       0.00000
29       0.00000      0.00000      0.00000   17311.85167
30       0.00000      0.00000      0.00000       0.00000
;

apren [*] :=
 p1  0.00007
p10  0.00007
 p2  0.00007
 p3  0.00007
 p4  0.00007
 p5  0.00497
 p6  0.00007
 p7  0.00007
 p8  0.00007
 p9  0.00007
;

TInv [*,*] (tr)
:      Cuarto        Entero       Medio        Octavo       :=
1        0.00000      0.00000   2985.33683    3607.07099
2    11336.36820      0.00000      0.00000    1246.92181
3        0.00000      0.00000      0.00000   44923.74048
4    18572.12329      0.00000      0.00000       0.00000
5    22501.91647      0.00000      0.00000       0.00000
6    20321.30613      0.00000   2365.74116       0.00000
7        0.00000   7200.00000      0.00000       0.00000
8        0.00000      0.00000      0.00000   41258.89862
9     9975.41434      0.00000   4769.86586       0.00000
10       0.00000      0.00000      0.00000   45663.36638
11    8758.88252   2442.67962      0.00000       0.00000
12    9004.11539      0.00000   4327.19781       0.00000
13       0.00000      0.00000      0.00000   47687.05446
14    7145.30965      0.00000   4845.25980       0.00000
15       0.00000   5748.45470      0.00000       0.00000
16   16191.72812      0.00000      0.00000       0.00000
17    8593.87177      0.00000   4459.68061       0.00000
18    8767.31281      0.00000   5439.28389       0.00000
19    2285.27463      0.00000      0.00000   32520.02778
20       0.00000   5748.88889      0.00000       0.00000
21    1869.44724      0.00000   5351.85602       0.00000
22       0.00000      0.00000      0.00000   21206.51110
23   16329.77939      0.00000      0.00000       0.00000
24       0.00000      0.00000      0.00000   43653.75528
25       0.00000   1507.65672   1377.09265       0.00000
26   12950.24882      0.00000      0.00000       0.00000
27       0.00000   1545.41730   3502.06675    2670.25914
28   13326.46815      0.00000      0.00000       0.00000
29       0.00000      0.00000      0.00000   17318.09233
30       0.00000      0.00000      0.00000       0.00000
;

apren [*] :=
 p1  0.00007
p10  0.00007
 p2  0.00007
 p3  0.00007
 p4  0.00007
 p5  0.00507
 p6  0.00007
 p7  0.00007
 p8  0.00007
 p9  0.00007
;

TInv [*,*] (tr)
:      Cuarto        Entero       Medio        Octavo       :=
1        0.00002      0.00000   2985.33988    3607.04397
2    11336.32261      0.00001      0.00001    1038.34489
3        0.00000      0.00000      0.00000   45129.14730
4    18507.30411      0.00001      0.00001       0.00003
5    22306.62467      0.00001      0.00001       0.00003
6    20229.56322      0.00001   2365.73297       0.00002
7        0.00001   7199.99999      0.00001       0.00002
8        0.00000      0.00000      0.00001   41258.88657
9     9738.08804      0.00000   4782.96783       0.00002
10       0.00000      0.00000      0.00001   45442.83417
11    8113.93150   2440.75592      0.00001       0.00002
12    8621.72426      0.00000   4327.19781       0.00002
13       0.00000      0.00000      0.00001   47734.52651
14    7161.73638      0.00000   4818.52373       0.00002
15       0.00000   5748.90972      0.00001       0.00001
16   16195.92267      0.00000      0.00001       0.00002
17    8667.21219      0.00000   4440.04680       0.00002
18    8690.45562      0.00000   5422.39360       0.00001
19    2284.04122      0.00000      0.00001   32561.15187
20       0.00000   5748.88889      0.00000       0.00001
21    1868.80039      0.00000   5376.80910       0.00001
22       0.00004      0.00000      0.00001   21128.68795
23   16329.77774      0.00000      0.00000       0.00001
24       0.00000      0.00000      0.00000   43731.95101
25       0.00001   1507.65650   1377.09298       0.00001
26   12950.24910      0.00000      0.00000       0.00001
27       0.00000   1545.67610   3507.33094    2960.18881
28   13327.20196      0.00000      0.00000       0.00000
29       0.00000      0.00000      0.00000   17323.98084
30       0.00000      0.00000      0.00000       0.00000
;

