precio [*] :=
Cuarto  200
Entero  750
 Medio  400
Octavo  100
;

P [*,*] (tr)
:  Cuarto Entero   Medio Octavo    :=
1    1500   1500   15900   1500
2    2000   2000   16400   2000
3    2500   2500   16900   2500
4    3000   3000   17400   3000
5    3500   3500   17900   3500
6    3500   3500   17900   3500
7    3500   3500   17900   3500
8       0      0   14400      0
9       0      0   14400      0
10      0      0   14400      0
11      0      0   14400      0
12      0      0   14400      0
13      0      0   14400      0
14      0      0   14400      0
15      0      0   14400      0
16      0      0   14400      0
17      0      0   14400      0
18      0      0   14400      0
19      0      0   14400      0
20      0      0   14400      0
21      0      0   14400      0
22      0      0   14400      0
23      0      0   14400      0
24      0      0   14400      0
25      0      0   14400      0
26      0      0   14400      0
27      0      0   14400      0
28      0      0   14400      0
29      0      0   14400      0
30      0      0   14400      0
;

precio [*] :=
Cuarto  204
Entero  750
 Medio  400
Octavo  100
;

P [*,*] (tr)
:  Cuarto Entero   Medio Octavo    :=
1    1500   1500   15900   1500
2    2000   2000   16400   2000
3    2500   2500   16900   2500
4    3000   3000   17400   3000
5    3500   3500   17900   3500
6    3500   3500   17900   3500
7    3500   3500   17900   3500
8       0      0   14400      0
9       0      0   14400      0
10      0      0   14400      0
11      0      0   14400      0
12      0      0   14400      0
13      0      0   14400      0
14      0      0   14400      0
15      0      0   14400      0
16      0      0   14400      0
17      0      0   14400      0
18      0      0   14400      0
19      0      0   14400      0
20      0      0   14400      0
21      0      0   14400      0
22      0      0   14400      0
23      0      0   14400      0
24      0      0   14400      0
25      0      0   14400      0
26      0      0   14400      0
27      0      0   14400      0
28      0      0   14400      0
29      0      0   14400      0
30      0      0   14400      0
;

precio [*] :=
Cuarto  208
Entero  750
 Medio  400
Octavo  100
;

P [*,*] (tr)
:  Cuarto Entero   Medio Octavo    :=
1    1500   1500   15900   1500
2    2000   2000   16400   2000
3    2500   2500   16900   2500
4    3000   3000   17400   3000
5    3500   3500   17900   3500
6    3500   3500   17900   3500
7    3500   3500   17900   3500
8       0      0   14400      0
9       0      0   14400      0
10      0      0   14400      0
11      0      0   14400      0
12      0      0   14400      0
13      0      0   14400      0
14      0      0   14400      0
15      0      0   14400      0
16      0      0   14400      0
17      0      0   14400      0
18      0      0   14400      0
19      0      0   14400      0
20      0      0   14400      0
21      0      0   14400      0
22      0      0   14400      0
23      0      0   14400      0
24      0      0   14400      0
25      0      0   14400      0
26      0      0   14400      0
27      0      0   14400      0
28      0      0   14400      0
29      0      0   14400      0
30      0      0   14400      0
;

precio [*] :=
Cuarto  212
Entero  750
 Medio  400
Octavo  100
;

P [*,*] (tr)
:  Cuarto Entero   Medio Octavo    :=
1    1500   1500   15900   1500
2    2000   2000   16400   2000
3    2500   2500   16900   2500
4    3000   3000   17400   3000
5    3500   3500   17900   3500
6    3500   3500   17900   3500
7    3500   3500   17900   3500
8       0      0   14400      0
9       0      0   14400      0
10      0      0   14400      0
11      0      0   14400      0
12      0      0   14400      0
13      0      0   14400      0
14      0      0   14400      0
15      0      0   14400      0
16      0      0   14400      0
17      0      0   14400      0
18      0      0   14400      0
19      0      0   14400      0
20      0      0   14400      0
21      0      0   14400      0
22      0      0   14400      0
23      0      0   14400      0
24      0      0   14400      0
25      0      0   14400      0
26      0      0   14400      0
27      0      0   14400      0
28      0      0   14400      0
29      0      0   14400      0
30      0      0   14400      0
;

precio [*] :=
Cuarto  216
Entero  750
 Medio  400
Octavo  100
;

P [*,*] (tr)
:  Cuarto Entero   Medio Octavo    :=
1    1500   1500   15900   1500
2    2000   2000   16400   2000
3    2500   2500   16900   2500
4    3000   3000   17400   3000
5    3500   3500   17900   3500
6    3500   3500   17900   3500
7    3500   3500   17900   3500
8       0      0   14400      0
9       0      0   14400      0
10      0      0   14400      0
11      0      0   14400      0
12      0      0   14400      0
13      0      0   14400      0
14      0      0   14400      0
15      0      0   14400      0
16      0      0   14400      0
17      0      0   14400      0
18      0      0   14400      0
19      0      0   14400      0
20      0      0   14400      0
21      0      0   14400      0
22      0      0   14400      0
23      0      0   14400      0
24      0      0   14400      0
25      0      0   14400      0
26      0      0   14400      0
27      0      0   14400      0
28      0      0   14400      0
29      0      0   14400      0
30      0      0   14400      0
;

precio [*] :=
Cuarto  220
Entero  750
 Medio  400
Octavo  100
;

P [*,*] (tr)
:  Cuarto Entero   Medio Octavo    :=
1    1500   1500   15900   1500
2    2000   2000   16400   2000
3    2500   2500   16900   2500
4    3000   3000   17400   3000
5    3500   3500   17900   3500
6    3500   3500   17900   3500
7    3500   3500   17900   3500
8       0      0   14400      0
9       0      0   14400      0
10      0      0   14400      0
11      0      0   14400      0
12      0      0   14400      0
13      0      0   14400      0
14      0      0   14400      0
15      0      0   14400      0
16      0      0   14400      0
17      0      0   14400      0
18      0      0   14400      0
19      0      0   14400      0
20      0      0   14400      0
21      0      0   14400      0
22      0      0   14400      0
23      0      0   14400      0
24      0      0   14400      0
25      0      0   14400      0
26      0      0   14400      0
27      0      0   14400      0
28      0      0   14400      0
29      0      0   14400      0
30      0      0   14400      0
;

precio [*] :=
Cuarto  224
Entero  750
 Medio  400
Octavo  100
;

P [*,*] (tr)
:  Cuarto Entero   Medio Octavo    :=
1    1500   1500   15900   1500
2    2000   2000   16400   2000
3    2500   2500   16900   2500
4    3000   3000   17400   3000
5    3500   3500   17900   3500
6    3500   3500   17900   3500
7    3500   3500   17900   3500
8       0      0   14400      0
9       0      0   14400      0
10      0      0   14400      0
11      0      0   14400      0
12      0      0   14400      0
13      0      0   14400      0
14      0      0   14400      0
15      0      0   14400      0
16      0      0   14400      0
17      0      0   14400      0
18      0      0   14400      0
19      0      0   14400      0
20      0      0   14400      0
21      0      0   14400      0
22      0      0   14400      0
23      0      0   14400      0
24      0      0   14400      0
25      0      0   14400      0
26      0      0   14400      0
27      0      0   14400      0
28      0      0   14400      0
29      0      0   14400      0
30      0      0   14400      0
;

precio [*] :=
Cuarto  228
Entero  750
 Medio  400
Octavo  100
;

P [*,*] (tr)
:  Cuarto Entero   Medio Octavo    :=
1    1500   1500   15900   1500
2    2000   2000   16400   2000
3    2500   2500   16900   2500
4    3000   3000   17400   3000
5    3500   3500   17900   3500
6    3500   3500   17900   3500
7    3500   3500   17900   3500
8       0      0   14400      0
9       0      0   14400      0
10      0      0   14400      0
11      0      0   14400      0
12      0      0   14400      0
13      0      0   14400      0
14      0      0   14400      0
15      0      0   14400      0
16      0      0   14400      0
17      0      0   14400      0
18      0      0   14400      0
19      0      0   14400      0
20      0      0   14400      0
21      0      0   14400      0
22      0      0   14400      0
23      0      0   14400      0
24      0      0   14400      0
25      0      0   14400      0
26      0      0   14400      0
27      0      0   14400      0
28      0      0   14400      0
29      0      0   14400      0
30      0      0   14400      0
;

precio [*] :=
Cuarto  232
Entero  750
 Medio  400
Octavo  100
;

P [*,*] (tr)
:  Cuarto Entero   Medio Octavo    :=
1    1500   1500   15900   1500
2    2000   2000   16400   2000
3    2500   2500   16900   2500
4    3000   3000   17400   3000
5    3500   3500   17900   3500
6    3500   3500   17900   3500
7    3500   3500   17900   3500
8       0      0   14400      0
9       0      0   14400      0
10      0      0   14400      0
11      0      0   14400      0
12      0      0   14400      0
13      0      0   14400      0
14      0      0   14400      0
15      0      0   14400      0
16      0      0   14400      0
17      0      0   14400      0
18      0      0   14400      0
19      0      0   14400      0
20      0      0   14400      0
21      0      0   14400      0
22      0      0   14400      0
23      0      0   14400      0
24      0      0   14400      0
25      0      0   14400      0
26      0      0   14400      0
27      0      0   14400      0
28      0      0   14400      0
29      0      0   14400      0
30      0      0   14400      0
;

precio [*] :=
Cuarto  236
Entero  750
 Medio  400
Octavo  100
;

P [*,*] (tr)
:  Cuarto Entero   Medio Octavo    :=
1    1500   1500   15900   1500
2    2000   2000   16400   2000
3    2500   2500   16900   2500
4    3000   3000   17400   3000
5    3500   3500   17900   3500
6    3500   3500   17900   3500
7    3500   3500   17900   3500
8       0      0   14400      0
9       0      0   14400      0
10      0      0   14400      0
11      0      0   14400      0
12      0      0   14400      0
13      0      0   14400      0
14      0      0   14400      0
15      0      0   14400      0
16      0      0   14400      0
17      0      0   14400      0
18      0      0   14400      0
19      0      0   14400      0
20      0      0   14400      0
21      0      0   14400      0
22      0      0   14400      0
23      0      0   14400      0
24      0      0   14400      0
25      0      0   14400      0
26      0      0   14400      0
27      0      0   14400      0
28      0      0   14400      0
29      0      0   14400      0
30      0      0   14400      0
;

precio [*] :=
Cuarto  240
Entero  750
 Medio  400
Octavo  100
;

P [*,*] (tr)
:   Cuarto Entero   Medio Octavo    :=
1     1500   1500   15900   1500
2     2000   2000   16400   2000
3     2500   2500   16900   2500
4     3000   3000   17400   3000
5     3500   3500   17900   3500
6     3500   3500   17900   3500
7     3500   3500   17900   3500
8        0      0   14400      0
9        0      0   14400      0
10       0      0   14400      0
11       0      0   14400      0
12       0      0   14400      0
13       0      0   14400      0
14       0      0   14400      0
15       0      0   14400      0
16       0      0   14400      0
17       0      0   14400      0
18       0      0   14400      0
19       0      0   14400      0
20       0      0   14400      0
21       0      0   14400      0
22       0      0   14400      0
23       0      0   14400      0
24       0      0   14400      0
25       0      0   14400      0
26       0      0   14400      0
27       0      0   14400      0
28       0      0   14400      0
29       0      0   14400      0
30   28800      0       0      0
;

precio [*] :=
Cuarto  244
Entero  750
 Medio  400
Octavo  100
;

P [*,*] (tr)
:   Cuarto Entero  Medio Octavo    :=
1    30300   1500   1500   1500
2    30800   2000   2000   2000
3    31300   2500   2500   2500
4    31800   3000   3000   3000
5    32300   3500   3500   3500
6    32300   3500   3500   3500
7    32300   3500   3500   3500
8    28800      0      0      0
9    28800      0      0      0
10   28800      0      0      0
11   28800      0      0      0
12   28800      0      0      0
13   28800      0      0      0
14   28800      0      0      0
15   28800      0      0      0
16   28800      0      0      0
17   28800      0      0      0
18   28800      0      0      0
19   28800      0      0      0
20   28800      0      0      0
21   28800      0      0      0
22   28800      0      0      0
23   28800      0      0      0
24   28800      0      0      0
25   28800      0      0      0
26   28800      0      0      0
27   28800      0      0      0
28   28800      0      0      0
29   28800      0      0      0
30   28800      0      0      0
;

precio [*] :=
Cuarto  248
Entero  750
 Medio  400
Octavo  100
;

P [*,*] (tr)
:   Cuarto Entero  Medio Octavo    :=
1    30300   1500   1500   1500
2    30800   2000   2000   2000
3    31300   2500   2500   2500
4    31800   3000   3000   3000
5    32300   3500   3500   3500
6    32300   3500   3500   3500
7    32300   3500   3500   3500
8    28800      0      0      0
9    28800      0      0      0
10   28800      0      0      0
11   28800      0      0      0
12   28800      0      0      0
13   28800      0      0      0
14   28800      0      0      0
15   28800      0      0      0
16   28800      0      0      0
17   28800      0      0      0
18   28800      0      0      0
19   28800      0      0      0
20   28800      0      0      0
21   28800      0      0      0
22   28800      0      0      0
23   28800      0      0      0
24   28800      0      0      0
25   28800      0      0      0
26   28800      0      0      0
27   28800      0      0      0
28   28800      0      0      0
29   28800      0      0      0
30   28800      0      0      0
;

precio [*] :=
Cuarto  252
Entero  750
 Medio  400
Octavo  100
;

P [*,*] (tr)
:   Cuarto Entero  Medio Octavo    :=
1    30300   1500   1500   1500
2    30800   2000   2000   2000
3    31300   2500   2500   2500
4    31800   3000   3000   3000
5    32300   3500   3500   3500
6    32300   3500   3500   3500
7    32300   3500   3500   3500
8    28800      0      0      0
9    28800      0      0      0
10   28800      0      0      0
11   28800      0      0      0
12   28800      0      0      0
13   28800      0      0      0
14   28800      0      0      0
15   28800      0      0      0
16   28800      0      0      0
17   28800      0      0      0
18   28800      0      0      0
19   28800      0      0      0
20   28800      0      0      0
21   28800      0      0      0
22   28800      0      0      0
23   28800      0      0      0
24   28800      0      0      0
25   28800      0      0      0
26   28800      0      0      0
27   28800      0      0      0
28   28800      0      0      0
29   28800      0      0      0
30   28800      0      0      0
;

precio [*] :=
Cuarto  256
Entero  750
 Medio  400
Octavo  100
;

P [*,*] (tr)
:   Cuarto Entero  Medio Octavo    :=
1    30300   1500   1500   1500
2    30800   2000   2000   2000
3    31300   2500   2500   2500
4    31800   3000   3000   3000
5    32300   3500   3500   3500
6    32300   3500   3500   3500
7    32300   3500   3500   3500
8    28800      0      0      0
9    28800      0      0      0
10   28800      0      0      0
11   28800      0      0      0
12   28800      0      0      0
13   28800      0      0      0
14   28800      0      0      0
15   28800      0      0      0
16   28800      0      0      0
17   28800      0      0      0
18   28800      0      0      0
19   28800      0      0      0
20   28800      0      0      0
21   28800      0      0      0
22   28800      0      0      0
23   28800      0      0      0
24   28800      0      0      0
25   28800      0      0      0
26   28800      0      0      0
27   28800      0      0      0
28   28800      0      0      0
29   28800      0      0      0
30   28800      0      0      0
;

precio [*] :=
Cuarto  260
Entero  750
 Medio  400
Octavo  100
;

P [*,*] (tr)
:   Cuarto Entero  Medio Octavo    :=
1    30300   1500   1500   1500
2    30800   2000   2000   2000
3    31300   2500   2500   2500
4    31800   3000   3000   3000
5    32300   3500   3500   3500
6    32300   3500   3500   3500
7    32300   3500   3500   3500
8    28800      0      0      0
9    28800      0      0      0
10   28800      0      0      0
11   28800      0      0      0
12   28800      0      0      0
13   28800      0      0      0
14   28800      0      0      0
15   28800      0      0      0
16   28800      0      0      0
17   28800      0      0      0
18   28800      0      0      0
19   28800      0      0      0
20   28800      0      0      0
21   28800      0      0      0
22   28800      0      0      0
23   28800      0      0      0
24   28800      0      0      0
25   28800      0      0      0
26   28800      0      0      0
27   28800      0      0      0
28   28800      0      0      0
29   28800      0      0      0
30   28800      0      0      0
;

precio [*] :=
Cuarto  264
Entero  750
 Medio  400
Octavo  100
;

P [*,*] (tr)
:   Cuarto Entero  Medio Octavo    :=
1    30300   1500   1500   1500
2    30800   2000   2000   2000
3    31300   2500   2500   2500
4    31800   3000   3000   3000
5    32300   3500   3500   3500
6    32300   3500   3500   3500
7    32300   3500   3500   3500
8    28800      0      0      0
9    28800      0      0      0
10   28800      0      0      0
11   28800      0      0      0
12   28800      0      0      0
13   28800      0      0      0
14   28800      0      0      0
15   28800      0      0      0
16   28800      0      0      0
17   28800      0      0      0
18   28800      0      0      0
19   28800      0      0      0
20   28800      0      0      0
21   28800      0      0      0
22   28800      0      0      0
23   28800      0      0      0
24   28800      0      0      0
25   28800      0      0      0
26   28800      0      0      0
27   28800      0      0      0
28   28800      0      0      0
29   28800      0      0      0
30   28800      0      0      0
;

precio [*] :=
Cuarto  268
Entero  750
 Medio  400
Octavo  100
;

P [*,*] (tr)
:   Cuarto Entero  Medio Octavo    :=
1    30300   1500   1500   1500
2    30800   2000   2000   2000
3    31300   2500   2500   2500
4    31800   3000   3000   3000
5    32300   3500   3500   3500
6    32300   3500   3500   3500
7    32300   3500   3500   3500
8    28800      0      0      0
9    28800      0      0      0
10   28800      0      0      0
11   28800      0      0      0
12   28800      0      0      0
13   28800      0      0      0
14   28800      0      0      0
15   28800      0      0      0
16   28800      0      0      0
17   28800      0      0      0
18   28800      0      0      0
19   28800      0      0      0
20   28800      0      0      0
21   28800      0      0      0
22   28800      0      0      0
23   28800      0      0      0
24   28800      0      0      0
25   28800      0      0      0
26   28800      0      0      0
27   28800      0      0      0
28   28800      0      0      0
29   28800      0      0      0
30   28800      0      0      0
;

precio [*] :=
Cuarto  272
Entero  750
 Medio  400
Octavo  100
;

P [*,*] (tr)
:   Cuarto Entero  Medio Octavo    :=
1    30300   1500   1500   1500
2    30800   2000   2000   2000
3    31300   2500   2500   2500
4    31800   3000   3000   3000
5    32300   3500   3500   3500
6    32300   3500   3500   3500
7    32300   3500   3500   3500
8    28800      0      0      0
9    28800      0      0      0
10   28800      0      0      0
11   28800      0      0      0
12   28800      0      0      0
13   28800      0      0      0
14   28800      0      0      0
15   28800      0      0      0
16   28800      0      0      0
17   28800      0      0      0
18   28800      0      0      0
19   28800      0      0      0
20   28800      0      0      0
21   28800      0      0      0
22   28800      0      0      0
23   28800      0      0      0
24   28800      0      0      0
25   28800      0      0      0
26   28800      0      0      0
27   28800      0      0      0
28   28800      0      0      0
29   28800      0      0      0
30   28800      0      0      0
;

precio [*] :=
Cuarto  276
Entero  750
 Medio  400
Octavo  100
;

P [*,*] (tr)
:   Cuarto Entero  Medio Octavo    :=
1    30300   1500   1500   1500
2    30800   2000   2000   2000
3    31300   2500   2500   2500
4    31800   3000   3000   3000
5    32300   3500   3500   3500
6    32300   3500   3500   3500
7    32300   3500   3500   3500
8    28800      0      0      0
9    28800      0      0      0
10   28800      0      0      0
11   28800      0      0      0
12   28800      0      0      0
13   28800      0      0      0
14   28800      0      0      0
15   28800      0      0      0
16   28800      0      0      0
17   28800      0      0      0
18   28800      0      0      0
19   28800      0      0      0
20   28800      0      0      0
21   28800      0      0      0
22   28800      0      0      0
23   28800      0      0      0
24   28800      0      0      0
25   28800      0      0      0
26   28800      0      0      0
27   28800      0      0      0
28   28800      0      0      0
29   28800      0      0      0
30   28800      0      0      0
;

precio [*] :=
Cuarto  280
Entero  750
 Medio  400
Octavo  100
;

P [*,*] (tr)
:   Cuarto Entero  Medio Octavo    :=
1    30300   1500   1500   1500
2    30800   2000   2000   2000
3    31300   2500   2500   2500
4    31800   3000   3000   3000
5    32300   3500   3500   3500
6    32300   3500   3500   3500
7    32300   3500   3500   3500
8    28800      0      0      0
9    28800      0      0      0
10   28800      0      0      0
11   28800      0      0      0
12   28800      0      0      0
13   28800      0      0      0
14   28800      0      0      0
15   28800      0      0      0
16   28800      0      0      0
17   28800      0      0      0
18   28800      0      0      0
19   28800      0      0      0
20   28800      0      0      0
21   28800      0      0      0
22   28800      0      0      0
23   28800      0      0      0
24   28800      0      0      0
25   28800      0      0      0
26   28800      0      0      0
27   28800      0      0      0
28   28800      0      0      0
29   28800      0      0      0
30   28800      0      0      0
;

precio [*] :=
Cuarto  284
Entero  750
 Medio  400
Octavo  100
;

P [*,*] (tr)
:   Cuarto Entero  Medio Octavo    :=
1    30300   1500   1500   1500
2    30800   2000   2000   2000
3    31300   2500   2500   2500
4    31800   3000   3000   3000
5    32300   3500   3500   3500
6    32300   3500   3500   3500
7    32300   3500   3500   3500
8    28800      0      0      0
9    28800      0      0      0
10   28800      0      0      0
11   28800      0      0      0
12   28800      0      0      0
13   28800      0      0      0
14   28800      0      0      0
15   28800      0      0      0
16   28800      0      0      0
17   28800      0      0      0
18   28800      0      0      0
19   28800      0      0      0
20   28800      0      0      0
21   28800      0      0      0
22   28800      0      0      0
23   28800      0      0      0
24   28800      0      0      0
25   28800      0      0      0
26   28800      0      0      0
27   28800      0      0      0
28   28800      0      0      0
29   28800      0      0      0
30   28800      0      0      0
;

precio [*] :=
Cuarto  288
Entero  750
 Medio  400
Octavo  100
;

P [*,*] (tr)
:   Cuarto Entero  Medio Octavo    :=
1    30300   1500   1500   1500
2    30800   2000   2000   2000
3    31300   2500   2500   2500
4    31800   3000   3000   3000
5    32300   3500   3500   3500
6    32300   3500   3500   3500
7    32300   3500   3500   3500
8    28800      0      0      0
9    28800      0      0      0
10   28800      0      0      0
11   28800      0      0      0
12   28800      0      0      0
13   28800      0      0      0
14   28800      0      0      0
15   28800      0      0      0
16   28800      0      0      0
17   28800      0      0      0
18   28800      0      0      0
19   28800      0      0      0
20   28800      0      0      0
21   28800      0      0      0
22   28800      0      0      0
23   28800      0      0      0
24   28800      0      0      0
25   28800      0      0      0
26   28800      0      0      0
27   28800      0      0      0
28   28800      0      0      0
29   28800      0      0      0
30   28800      0      0      0
;

precio [*] :=
Cuarto  292
Entero  750
 Medio  400
Octavo  100
;

P [*,*] (tr)
:   Cuarto Entero  Medio Octavo    :=
1    30300   1500   1500   1500
2    30800   2000   2000   2000
3    31300   2500   2500   2500
4    31800   3000   3000   3000
5    32300   3500   3500   3500
6    32300   3500   3500   3500
7    32300   3500   3500   3500
8    28800      0      0      0
9    28800      0      0      0
10   28800      0      0      0
11   28800      0      0      0
12   28800      0      0      0
13   28800      0      0      0
14   28800      0      0      0
15   28800      0      0      0
16   28800      0      0      0
17   28800      0      0      0
18   28800      0      0      0
19   28800      0      0      0
20   28800      0      0      0
21   28800      0      0      0
22   28800      0      0      0
23   28800      0      0      0
24   28800      0      0      0
25   28800      0      0      0
26   28800      0      0      0
27   28800      0      0      0
28   28800      0      0      0
29   28800      0      0      0
30   28800      0      0      0
;

precio [*] :=
Cuarto  296
Entero  750
 Medio  400
Octavo  100
;

P [*,*] (tr)
:   Cuarto Entero  Medio Octavo    :=
1    30300   1500   1500   1500
2    30800   2000   2000   2000
3    31300   2500   2500   2500
4    31800   3000   3000   3000
5    32300   3500   3500   3500
6    32300   3500   3500   3500
7    32300   3500   3500   3500
8    28800      0      0      0
9    28800      0      0      0
10   28800      0      0      0
11   28800      0      0      0
12   28800      0      0      0
13   28800      0      0      0
14   28800      0      0      0
15   28800      0      0      0
16   28800      0      0      0
17   28800      0      0      0
18   28800      0      0      0
19   28800      0      0      0
20   28800      0      0      0
21   28800      0      0      0
22   28800      0      0      0
23   28800      0      0      0
24   28800      0      0      0
25   28800      0      0      0
26   28800      0      0      0
27   28800      0      0      0
28   28800      0      0      0
29   28800      0      0      0
30   28800      0      0      0
;

precio [*] :=
Cuarto  300
Entero  750
 Medio  400
Octavo  100
;

P [*,*] (tr)
:   Cuarto Entero  Medio Octavo    :=
1    30300   1500   1500   1500
2    30800   2000   2000   2000
3    31300   2500   2500   2500
4    31800   3000   3000   3000
5    32300   3500   3500   3500
6    32300   3500   3500   3500
7    32300   3500   3500   3500
8    28800      0      0      0
9    28800      0      0      0
10   28800      0      0      0
11   28800      0      0      0
12   28800      0      0      0
13   28800      0      0      0
14   28800      0      0      0
15   28800      0      0      0
16   28800      0      0      0
17   28800      0      0      0
18   28800      0      0      0
19   28800      0      0      0
20   28800      0      0      0
21   28800      0      0      0
22   28800      0      0      0
23   28800      0      0      0
24   28800      0      0      0
25   28800      0      0      0
26   28800      0      0      0
27   28800      0      0      0
28   28800      0      0      0
29   28800      0      0      0
30   28800      0      0      0
;

precio [*] :=
Cuarto  304
Entero  750
 Medio  400
Octavo  100
;

P [*,*] (tr)
:   Cuarto Entero  Medio Octavo    :=
1    30300   1500   1500   1500
2    30800   2000   2000   2000
3    31300   2500   2500   2500
4    31800   3000   3000   3000
5    32300   3500   3500   3500
6    32300   3500   3500   3500
7    32300   3500   3500   3500
8    28800      0      0      0
9    28800      0      0      0
10   28800      0      0      0
11   28800      0      0      0
12   28800      0      0      0
13   28800      0      0      0
14   28800      0      0      0
15   28800      0      0      0
16   28800      0      0      0
17   28800      0      0      0
18   28800      0      0      0
19   28800      0      0      0
20   28800      0      0      0
21   28800      0      0      0
22   28800      0      0      0
23   28800      0      0      0
24   28800      0      0      0
25   28800      0      0      0
26   28800      0      0      0
27   28800      0      0      0
28   28800      0      0      0
29   28800      0      0      0
30   28800      0      0      0
;

precio [*] :=
Cuarto  308
Entero  750
 Medio  400
Octavo  100
;

P [*,*] (tr)
:   Cuarto Entero  Medio Octavo    :=
1    30300   1500   1500   1500
2    30800   2000   2000   2000
3    31300   2500   2500   2500
4    31800   3000   3000   3000
5    32300   3500   3500   3500
6    32300   3500   3500   3500
7    32300   3500   3500   3500
8    28800      0      0      0
9    28800      0      0      0
10   28800      0      0      0
11   28800      0      0      0
12   28800      0      0      0
13   28800      0      0      0
14   28800      0      0      0
15   28800      0      0      0
16   28800      0      0      0
17   28800      0      0      0
18   28800      0      0      0
19   28800      0      0      0
20   28800      0      0      0
21   28800      0      0      0
22   28800      0      0      0
23   28800      0      0      0
24   28800      0      0      0
25   28800      0      0      0
26   28800      0      0      0
27   28800      0      0      0
28   28800      0      0      0
29   28800      0      0      0
30   28800      0      0      0
;

precio [*] :=
Cuarto  312
Entero  750
 Medio  400
Octavo  100
;

P [*,*] (tr)
:   Cuarto Entero  Medio Octavo    :=
1    30300   1500   1500   1500
2    30800   2000   2000   2000
3    31300   2500   2500   2500
4    31800   3000   3000   3000
5    32300   3500   3500   3500
6    32300   3500   3500   3500
7    32300   3500   3500   3500
8    28800      0      0      0
9    28800      0      0      0
10   28800      0      0      0
11   28800      0      0      0
12   28800      0      0      0
13   28800      0      0      0
14   28800      0      0      0
15   28800      0      0      0
16   28800      0      0      0
17   28800      0      0      0
18   28800      0      0      0
19   28800      0      0      0
20   28800      0      0      0
21   28800      0      0      0
22   28800      0      0      0
23   28800      0      0      0
24   28800      0      0      0
25   28800      0      0      0
26   28800      0      0      0
27   28800      0      0      0
28   28800      0      0      0
29   28800      0      0      0
30   28800      0      0      0
;

precio [*] :=
Cuarto  316
Entero  750
 Medio  400
Octavo  100
;

P [*,*] (tr)
:   Cuarto Entero  Medio Octavo    :=
1    30300   1500   1500   1500
2    30800   2000   2000   2000
3    31300   2500   2500   2500
4    31800   3000   3000   3000
5    32300   3500   3500   3500
6    32300   3500   3500   3500
7    32300   3500   3500   3500
8    28800      0      0      0
9    28800      0      0      0
10   28800      0      0      0
11   28800      0      0      0
12   28800      0      0      0
13   28800      0      0      0
14   28800      0      0      0
15   28800      0      0      0
16   28800      0      0      0
17   28800      0      0      0
18   28800      0      0      0
19   28800      0      0      0
20   28800      0      0      0
21   28800      0      0      0
22   28800      0      0      0
23   28800      0      0      0
24   28800      0      0      0
25   28800      0      0      0
26   28800      0      0      0
27   28800      0      0      0
28   28800      0      0      0
29   28800      0      0      0
30   28800      0      0      0
;

precio [*] :=
Cuarto  320
Entero  750
 Medio  400
Octavo  100
;

P [*,*] (tr)
:   Cuarto Entero  Medio Octavo    :=
1    30300   1500   1500   1500
2    30800   2000   2000   2000
3    31300   2500   2500   2500
4    31800   3000   3000   3000
5    32300   3500   3500   3500
6    32300   3500   3500   3500
7    32300   3500   3500   3500
8    28800      0      0      0
9    28800      0      0      0
10   28800      0      0      0
11   28800      0      0      0
12   28800      0      0      0
13   28800      0      0      0
14   28800      0      0      0
15   28800      0      0      0
16   28800      0      0      0
17   28800      0      0      0
18   28800      0      0      0
19   28800      0      0      0
20   28800      0      0      0
21   28800      0      0      0
22   28800      0      0      0
23   28800      0      0      0
24   28800      0      0      0
25   28800      0      0      0
26   28800      0      0      0
27   28800      0      0      0
28   28800      0      0      0
29   28800      0      0      0
30   28800      0      0      0
;

precio [*] :=
Cuarto  324
Entero  750
 Medio  400
Octavo  100
;

P [*,*] (tr)
:   Cuarto Entero  Medio Octavo    :=
1    30300   1500   1500   1500
2    30800   2000   2000   2000
3    31300   2500   2500   2500
4    31800   3000   3000   3000
5    32300   3500   3500   3500
6    32300   3500   3500   3500
7    32300   3500   3500   3500
8    28800      0      0      0
9    28800      0      0      0
10   28800      0      0      0
11   28800      0      0      0
12   28800      0      0      0
13   28800      0      0      0
14   28800      0      0      0
15   28800      0      0      0
16   28800      0      0      0
17   28800      0      0      0
18   28800      0      0      0
19   28800      0      0      0
20   28800      0      0      0
21   28800      0      0      0
22   28800      0      0      0
23   28800      0      0      0
24   28800      0      0      0
25   28800      0      0      0
26   28800      0      0      0
27   28800      0      0      0
28   28800      0      0      0
29   28800      0      0      0
30   28800      0      0      0
;

precio [*] :=
Cuarto  328
Entero  750
 Medio  400
Octavo  100
;

P [*,*] (tr)
:   Cuarto Entero  Medio Octavo    :=
1    30300   1500   1500   1500
2    30800   2000   2000   2000
3    31300   2500   2500   2500
4    31800   3000   3000   3000
5    32300   3500   3500   3500
6    32300   3500   3500   3500
7    32300   3500   3500   3500
8    28800      0      0      0
9    28800      0      0      0
10   28800      0      0      0
11   28800      0      0      0
12   28800      0      0      0
13   28800      0      0      0
14   28800      0      0      0
15   28800      0      0      0
16   28800      0      0      0
17   28800      0      0      0
18   28800      0      0      0
19   28800      0      0      0
20   28800      0      0      0
21   28800      0      0      0
22   28800      0      0      0
23   28800      0      0      0
24   28800      0      0      0
25   28800      0      0      0
26   28800      0      0      0
27   28800      0      0      0
28   28800      0      0      0
29   28800      0      0      0
30   28800      0      0      0
;

precio [*] :=
Cuarto  332
Entero  750
 Medio  400
Octavo  100
;

P [*,*] (tr)
:   Cuarto Entero  Medio Octavo    :=
1    30300   1500   1500   1500
2    30800   2000   2000   2000
3    31300   2500   2500   2500
4    31800   3000   3000   3000
5    32300   3500   3500   3500
6    32300   3500   3500   3500
7    32300   3500   3500   3500
8    28800      0      0      0
9    28800      0      0      0
10   28800      0      0      0
11   28800      0      0      0
12   28800      0      0      0
13   28800      0      0      0
14   28800      0      0      0
15   28800      0      0      0
16   28800      0      0      0
17   28800      0      0      0
18   28800      0      0      0
19   28800      0      0      0
20   28800      0      0      0
21   28800      0      0      0
22   28800      0      0      0
23   28800      0      0      0
24   28800      0      0      0
25   28800      0      0      0
26   28800      0      0      0
27   28800      0      0      0
28   28800      0      0      0
29   28800      0      0      0
30   28800      0      0      0
;

precio [*] :=
Cuarto  336
Entero  750
 Medio  400
Octavo  100
;

P [*,*] (tr)
:   Cuarto Entero  Medio Octavo    :=
1    30300   1500   1500   1500
2    30800   2000   2000   2000
3    31300   2500   2500   2500
4    31800   3000   3000   3000
5    32300   3500   3500   3500
6    32300   3500   3500   3500
7    32300   3500   3500   3500
8    28800      0      0      0
9    28800      0      0      0
10   28800      0      0      0
11   28800      0      0      0
12   28800      0      0      0
13   28800      0      0      0
14   28800      0      0      0
15   28800      0      0      0
16   28800      0      0      0
17   28800      0      0      0
18   28800      0      0      0
19   28800      0      0      0
20   28800      0      0      0
21   28800      0      0      0
22   28800      0      0      0
23   28800      0      0      0
24   28800      0      0      0
25   28800      0      0      0
26   28800      0      0      0
27   28800      0      0      0
28   28800      0      0      0
29   28800      0      0      0
30   28800      0      0      0
;

precio [*] :=
Cuarto  340
Entero  750
 Medio  400
Octavo  100
;

P [*,*] (tr)
:   Cuarto Entero  Medio Octavo    :=
1    30300   1500   1500   1500
2    30800   2000   2000   2000
3    31300   2500   2500   2500
4    31800   3000   3000   3000
5    32300   3500   3500   3500
6    32300   3500   3500   3500
7    32300   3500   3500   3500
8    28800      0      0      0
9    28800      0      0      0
10   28800      0      0      0
11   28800      0      0      0
12   28800      0      0      0
13   28800      0      0      0
14   28800      0      0      0
15   28800      0      0      0
16   28800      0      0      0
17   28800      0      0      0
18   28800      0      0      0
19   28800      0      0      0
20   28800      0      0      0
21   28800      0      0      0
22   28800      0      0      0
23   28800      0      0      0
24   28800      0      0      0
25   28800      0      0      0
26   28800      0      0      0
27   28800      0      0      0
28   28800      0      0      0
29   28800      0      0      0
30   28800      0      0      0
;

precio [*] :=
Cuarto  344
Entero  750
 Medio  400
Octavo  100
;

P [*,*] (tr)
:   Cuarto Entero  Medio Octavo    :=
1    30300   1500   1500   1500
2    30800   2000   2000   2000
3    31300   2500   2500   2500
4    31800   3000   3000   3000
5    32300   3500   3500   3500
6    32300   3500   3500   3500
7    32300   3500   3500   3500
8    28800      0      0      0
9    28800      0      0      0
10   28800      0      0      0
11   28800      0      0      0
12   28800      0      0      0
13   28800      0      0      0
14   28800      0      0      0
15   28800      0      0      0
16   28800      0      0      0
17   28800      0      0      0
18   28800      0      0      0
19   28800      0      0      0
20   28800      0      0      0
21   28800      0      0      0
22   28800      0      0      0
23   28800      0      0      0
24   28800      0      0      0
25   28800      0      0      0
26   28800      0      0      0
27   28800      0      0      0
28   28800      0      0      0
29   28800      0      0      0
30   28800      0      0      0
;

precio [*] :=
Cuarto  348
Entero  750
 Medio  400
Octavo  100
;

P [*,*] (tr)
:   Cuarto Entero  Medio Octavo    :=
1    30300   1500   1500   1500
2    30800   2000   2000   2000
3    31300   2500   2500   2500
4    31800   3000   3000   3000
5    32300   3500   3500   3500
6    32300   3500   3500   3500
7    32300   3500   3500   3500
8    28800      0      0      0
9    28800      0      0      0
10   28800      0      0      0
11   28800      0      0      0
12   28800      0      0      0
13   28800      0      0      0
14   28800      0      0      0
15   28800      0      0      0
16   28800      0      0      0
17   28800      0      0      0
18   28800      0      0      0
19   28800      0      0      0
20   28800      0      0      0
21   28800      0      0      0
22   28800      0      0      0
23   28800      0      0      0
24   28800      0      0      0
25   28800      0      0      0
26   28800      0      0      0
27   28800      0      0      0
28   28800      0      0      0
29   28800      0      0      0
30   28800      0      0      0
;

precio [*] :=
Cuarto  352
Entero  750
 Medio  400
Octavo  100
;

P [*,*] (tr)
:   Cuarto Entero  Medio Octavo    :=
1    30300   1500   1500   1500
2    30800   2000   2000   2000
3    31300   2500   2500   2500
4    31800   3000   3000   3000
5    32300   3500   3500   3500
6    32300   3500   3500   3500
7    32300   3500   3500   3500
8    28800      0      0      0
9    28800      0      0      0
10   28800      0      0      0
11   28800      0      0      0
12   28800      0      0      0
13   28800      0      0      0
14   28800      0      0      0
15   28800      0      0      0
16   28800      0      0      0
17   28800      0      0      0
18   28800      0      0      0
19   28800      0      0      0
20   28800      0      0      0
21   28800      0      0      0
22   28800      0      0      0
23   28800      0      0      0
24   28800      0      0      0
25   28800      0      0      0
26   28800      0      0      0
27   28800      0      0      0
28   28800      0      0      0
29   28800      0      0      0
30   28800      0      0      0
;

precio [*] :=
Cuarto  356
Entero  750
 Medio  400
Octavo  100
;

P [*,*] (tr)
:   Cuarto Entero  Medio Octavo    :=
1    30300   1500   1500   1500
2    30800   2000   2000   2000
3    31300   2500   2500   2500
4    31800   3000   3000   3000
5    32300   3500   3500   3500
6    32300   3500   3500   3500
7    32300   3500   3500   3500
8    28800      0      0      0
9    28800      0      0      0
10   28800      0      0      0
11   28800      0      0      0
12   28800      0      0      0
13   28800      0      0      0
14   28800      0      0      0
15   28800      0      0      0
16   28800      0      0      0
17   28800      0      0      0
18   28800      0      0      0
19   28800      0      0      0
20   28800      0      0      0
21   28800      0      0      0
22   28800      0      0      0
23   28800      0      0      0
24   28800      0      0      0
25   28800      0      0      0
26   28800      0      0      0
27   28800      0      0      0
28   28800      0      0      0
29   28800      0      0      0
30   28800      0      0      0
;

precio [*] :=
Cuarto  360
Entero  750
 Medio  400
Octavo  100
;

P [*,*] (tr)
:   Cuarto Entero  Medio Octavo    :=
1    30300   1500   1500   1500
2    30800   2000   2000   2000
3    31300   2500   2500   2500
4    31800   3000   3000   3000
5    32300   3500   3500   3500
6    32300   3500   3500   3500
7    32300   3500   3500   3500
8    28800      0      0      0
9    28800      0      0      0
10   28800      0      0      0
11   28800      0      0      0
12   28800      0      0      0
13   28800      0      0      0
14   28800      0      0      0
15   28800      0      0      0
16   28800      0      0      0
17   28800      0      0      0
18   28800      0      0      0
19   28800      0      0      0
20   28800      0      0      0
21   28800      0      0      0
22   28800      0      0      0
23   28800      0      0      0
24   28800      0      0      0
25   28800      0      0      0
26   28800      0      0      0
27   28800      0      0      0
28   28800      0      0      0
29   28800      0      0      0
30   28800      0      0      0
;

precio [*] :=
Cuarto  364
Entero  750
 Medio  400
Octavo  100
;

P [*,*] (tr)
:   Cuarto Entero  Medio Octavo    :=
1    30300   1500   1500   1500
2    30800   2000   2000   2000
3    31300   2500   2500   2500
4    31800   3000   3000   3000
5    32300   3500   3500   3500
6    32300   3500   3500   3500
7    32300   3500   3500   3500
8    28800      0      0      0
9    28800      0      0      0
10   28800      0      0      0
11   28800      0      0      0
12   28800      0      0      0
13   28800      0      0      0
14   28800      0      0      0
15   28800      0      0      0
16   28800      0      0      0
17   28800      0      0      0
18   28800      0      0      0
19   28800      0      0      0
20   28800      0      0      0
21   28800      0      0      0
22   28800      0      0      0
23   28800      0      0      0
24   28800      0      0      0
25   28800      0      0      0
26   28800      0      0      0
27   28800      0      0      0
28   28800      0      0      0
29   28800      0      0      0
30   28800      0      0      0
;

precio [*] :=
Cuarto  368
Entero  750
 Medio  400
Octavo  100
;

P [*,*] (tr)
:   Cuarto Entero  Medio Octavo    :=
1    30300   1500   1500   1500
2    30800   2000   2000   2000
3    31300   2500   2500   2500
4    31800   3000   3000   3000
5    32300   3500   3500   3500
6    32300   3500   3500   3500
7    32300   3500   3500   3500
8    28800      0      0      0
9    28800      0      0      0
10   28800      0      0      0
11   28800      0      0      0
12   28800      0      0      0
13   28800      0      0      0
14   28800      0      0      0
15   28800      0      0      0
16   28800      0      0      0
17   28800      0      0      0
18   28800      0      0      0
19   28800      0      0      0
20   28800      0      0      0
21   28800      0      0      0
22   28800      0      0      0
23   28800      0      0      0
24   28800      0      0      0
25   28800      0      0      0
26   28800      0      0      0
27   28800      0      0      0
28   28800      0      0      0
29   28800      0      0      0
30   28800      0      0      0
;

precio [*] :=
Cuarto  372
Entero  750
 Medio  400
Octavo  100
;

P [*,*] (tr)
:   Cuarto Entero  Medio Octavo    :=
1    30300   1500   1500   1500
2    30800   2000   2000   2000
3    31300   2500   2500   2500
4    31800   3000   3000   3000
5    32300   3500   3500   3500
6    32300   3500   3500   3500
7    32300   3500   3500   3500
8    28800      0      0      0
9    28800      0      0      0
10   28800      0      0      0
11   28800      0      0      0
12   28800      0      0      0
13   28800      0      0      0
14   28800      0      0      0
15   28800      0      0      0
16   28800      0      0      0
17   28800      0      0      0
18   28800      0      0      0
19   28800      0      0      0
20   28800      0      0      0
21   28800      0      0      0
22   28800      0      0      0
23   28800      0      0      0
24   28800      0      0      0
25   28800      0      0      0
26   28800      0      0      0
27   28800      0      0      0
28   28800      0      0      0
29   28800      0      0      0
30   28800      0      0      0
;

precio [*] :=
Cuarto  376
Entero  750
 Medio  400
Octavo  100
;

P [*,*] (tr)
:   Cuarto Entero  Medio Octavo    :=
1    30300   1500   1500   1500
2    30800   2000   2000   2000
3    31300   2500   2500   2500
4    31800   3000   3000   3000
5    32300   3500   3500   3500
6    32300   3500   3500   3500
7    32300   3500   3500   3500
8    28800      0      0      0
9    28800      0      0      0
10   28800      0      0      0
11   28800      0      0      0
12   28800      0      0      0
13   28800      0      0      0
14   28800      0      0      0
15   28800      0      0      0
16   28800      0      0      0
17   28800      0      0      0
18   28800      0      0      0
19   28800      0      0      0
20   28800      0      0      0
21   28800      0      0      0
22   28800      0      0      0
23   28800      0      0      0
24   28800      0      0      0
25   28800      0      0      0
26   28800      0      0      0
27   28800      0      0      0
28   28800      0      0      0
29   28800      0      0      0
30   28800      0      0      0
;

precio [*] :=
Cuarto  380
Entero  750
 Medio  400
Octavo  100
;

P [*,*] (tr)
:   Cuarto Entero  Medio Octavo    :=
1    30300   1500   1500   1500
2    30800   2000   2000   2000
3    31300   2500   2500   2500
4    31800   3000   3000   3000
5    32300   3500   3500   3500
6    32300   3500   3500   3500
7    32300   3500   3500   3500
8    28800      0      0      0
9    28800      0      0      0
10   28800      0      0      0
11   28800      0      0      0
12   28800      0      0      0
13   28800      0      0      0
14   28800      0      0      0
15   28800      0      0      0
16   28800      0      0      0
17   28800      0      0      0
18   28800      0      0      0
19   28800      0      0      0
20   28800      0      0      0
21   28800      0      0      0
22   28800      0      0      0
23   28800      0      0      0
24   28800      0      0      0
25   28800      0      0      0
26   28800      0      0      0
27   28800      0      0      0
28   28800      0      0      0
29   28800      0      0      0
30   28800      0      0      0
;

precio [*] :=
Cuarto  384
Entero  750
 Medio  400
Octavo  100
;

P [*,*] (tr)
:   Cuarto Entero  Medio Octavo    :=
1    30300   1500   1500   1500
2    30800   2000   2000   2000
3    31300   2500   2500   2500
4    31800   3000   3000   3000
5    32300   3500   3500   3500
6    32300   3500   3500   3500
7    32300   3500   3500   3500
8    28800      0      0      0
9    28800      0      0      0
10   28800      0      0      0
11   28800      0      0      0
12   28800      0      0      0
13   28800      0      0      0
14   28800      0      0      0
15   28800      0      0      0
16   28800      0      0      0
17   28800      0      0      0
18   28800      0      0      0
19   28800      0      0      0
20   28800      0      0      0
21   28800      0      0      0
22   28800      0      0      0
23   28800      0      0      0
24   28800      0      0      0
25   28800      0      0      0
26   28800      0      0      0
27   28800      0      0      0
28   28800      0      0      0
29   28800      0      0      0
30   28800      0      0      0
;

precio [*] :=
Cuarto  388
Entero  750
 Medio  400
Octavo  100
;

P [*,*] (tr)
:   Cuarto Entero  Medio Octavo    :=
1    30300   1500   1500   1500
2    30800   2000   2000   2000
3    31300   2500   2500   2500
4    31800   3000   3000   3000
5    32300   3500   3500   3500
6    32300   3500   3500   3500
7    32300   3500   3500   3500
8    28800      0      0      0
9    28800      0      0      0
10   28800      0      0      0
11   28800      0      0      0
12   28800      0      0      0
13   28800      0      0      0
14   28800      0      0      0
15   28800      0      0      0
16   28800      0      0      0
17   28800      0      0      0
18   28800      0      0      0
19   28800      0      0      0
20   28800      0      0      0
21   28800      0      0      0
22   28800      0      0      0
23   28800      0      0      0
24   28800      0      0      0
25   28800      0      0      0
26   28800      0      0      0
27   28800      0      0      0
28   28800      0      0      0
29   28800      0      0      0
30   28800      0      0      0
;

precio [*] :=
Cuarto  392
Entero  750
 Medio  400
Octavo  100
;

P [*,*] (tr)
:   Cuarto Entero  Medio Octavo    :=
1    30300   1500   1500   1500
2    30800   2000   2000   2000
3    31300   2500   2500   2500
4    31800   3000   3000   3000
5    32300   3500   3500   3500
6    32300   3500   3500   3500
7    32300   3500   3500   3500
8    28800      0      0      0
9    28800      0      0      0
10   28800      0      0      0
11   28800      0      0      0
12   28800      0      0      0
13   28800      0      0      0
14   28800      0      0      0
15   28800      0      0      0
16   28800      0      0      0
17   28800      0      0      0
18   28800      0      0      0
19   28800      0      0      0
20   28800      0      0      0
21   28800      0      0      0
22   28800      0      0      0
23   28800      0      0      0
24   28800      0      0      0
25   28800      0      0      0
26   28800      0      0      0
27   28800      0      0      0
28   28800      0      0      0
29   28800      0      0      0
30   28800      0      0      0
;

precio [*] :=
Cuarto  396
Entero  750
 Medio  400
Octavo  100
;

P [*,*] (tr)
:   Cuarto Entero  Medio Octavo    :=
1    30300   1500   1500   1500
2    30800   2000   2000   2000
3    31300   2500   2500   2500
4    31800   3000   3000   3000
5    32300   3500   3500   3500
6    32300   3500   3500   3500
7    32300   3500   3500   3500
8    28800      0      0      0
9    28800      0      0      0
10   28800      0      0      0
11   28800      0      0      0
12   28800      0      0      0
13   28800      0      0      0
14   28800      0      0      0
15   28800      0      0      0
16   28800      0      0      0
17   28800      0      0      0
18   28800      0      0      0
19   28800      0      0      0
20   28800      0      0      0
21   28800      0      0      0
22   28800      0      0      0
23   28800      0      0      0
24   28800      0      0      0
25   28800      0      0      0
26   28800      0      0      0
27   28800      0      0      0
28   28800      0      0      0
29   28800      0      0      0
30   28800      0      0      0
;

precio [*] :=
Cuarto  400
Entero  750
 Medio  400
Octavo  100
;

P [*,*] (tr)
:   Cuarto Entero  Medio Octavo    :=
1    30300   1500   1500   1500
2    30800   2000   2000   2000
3    31300   2500   2500   2500
4    31800   3000   3000   3000
5    32300   3500   3500   3500
6    32300   3500   3500   3500
7    32300   3500   3500   3500
8    28800      0      0      0
9    28800      0      0      0
10   28800      0      0      0
11   28800      0      0      0
12   28800      0      0      0
13   28800      0      0      0
14   28800      0      0      0
15   28800      0      0      0
16   28800      0      0      0
17   28800      0      0      0
18   28800      0      0      0
19   28800      0      0      0
20   28800      0      0      0
21   28800      0      0      0
22   28800      0      0      0
23   28800      0      0      0
24   28800      0      0      0
25   28800      0      0      0
26   28800      0      0      0
27   28800      0      0      0
28   28800      0      0      0
29   28800      0      0      0
30   28800      0      0      0
;

