precio [*] :=
Cuarto  200
Entero  750
 Medio  400
Octavo  100
;

P [*,*] (tr)
:  Cuarto Entero   Medio Octavo    :=
1    1500   1500   15900   1500
2    2000   2000   16400   2000
3    2500   2500   16900   2500
4    3000   3000   17400   3000
5    3500   3500   17900   3500
6    3500   3500   17900   3500
7    3500   3500   17900   3500
8       0      0   14400      0
9       0      0   14400      0
10      0      0   14400      0
11      0      0   14400      0
12      0      0   14400      0
13      0      0   14400      0
14      0      0   14400      0
15      0      0   14400      0
16      0      0   14400      0
17      0      0   14400      0
18      0      0   14400      0
19      0      0   14400      0
20      0      0   14400      0
21      0      0   14400      0
22      0      0   14400      0
23      0      0   14400      0
24      0      0   14400      0
25      0      0   14400      0
26      0      0   14400      0
27      0      0   14400      0
28      0      0   14400      0
29      0      0   14400      0
30      0      0   14400      0
;

precio [*] :=
Cuarto  200
Entero  750
 Medio  404
Octavo  100
;

P [*,*] (tr)
:  Cuarto Entero   Medio Octavo    :=
1    1500   1500   15900   1500
2    2000   2000   16400   2000
3    2500   2500   16900   2500
4    3000   3000   17400   3000
5    3500   3500   17900   3500
6    3500   3500   17900   3500
7    3500   3500   17900   3500
8       0      0   14400      0
9       0      0   14400      0
10      0      0   14400      0
11      0      0   14400      0
12      0      0   14400      0
13      0      0   14400      0
14      0      0   14400      0
15      0      0   14400      0
16      0      0   14400      0
17      0      0   14400      0
18      0      0   14400      0
19      0      0   14400      0
20      0      0   14400      0
21      0      0   14400      0
22      0      0   14400      0
23      0      0   14400      0
24      0      0   14400      0
25      0      0   14400      0
26      0      0   14400      0
27      0      0   14400      0
28      0      0   14400      0
29      0      0   14400      0
30      0      0   14400      0
;

precio [*] :=
Cuarto  200
Entero  750
 Medio  408
Octavo  100
;

P [*,*] (tr)
:  Cuarto Entero   Medio Octavo    :=
1    1500   1500   15900   1500
2    2000   2000   16400   2000
3    2500   2500   16900   2500
4    3000   3000   17400   3000
5    3500   3500   17900   3500
6    3500   3500   17900   3500
7    3500   3500   17900   3500
8       0      0   14400      0
9       0      0   14400      0
10      0      0   14400      0
11      0      0   14400      0
12      0      0   14400      0
13      0      0   14400      0
14      0      0   14400      0
15      0      0   14400      0
16      0      0   14400      0
17      0      0   14400      0
18      0      0   14400      0
19      0      0   14400      0
20      0      0   14400      0
21      0      0   14400      0
22      0      0   14400      0
23      0      0   14400      0
24      0      0   14400      0
25      0      0   14400      0
26      0      0   14400      0
27      0      0   14400      0
28      0      0   14400      0
29      0      0   14400      0
30      0      0   14400      0
;

precio [*] :=
Cuarto  200
Entero  750
 Medio  412
Octavo  100
;

P [*,*] (tr)
:  Cuarto Entero   Medio Octavo    :=
1    1500   1500   15900   1500
2    2000   2000   16400   2000
3    2500   2500   16900   2500
4    3000   3000   17400   3000
5    3500   3500   17900   3500
6    3500   3500   17900   3500
7    3500   3500   17900   3500
8       0      0   14400      0
9       0      0   14400      0
10      0      0   14400      0
11      0      0   14400      0
12      0      0   14400      0
13      0      0   14400      0
14      0      0   14400      0
15      0      0   14400      0
16      0      0   14400      0
17      0      0   14400      0
18      0      0   14400      0
19      0      0   14400      0
20      0      0   14400      0
21      0      0   14400      0
22      0      0   14400      0
23      0      0   14400      0
24      0      0   14400      0
25      0      0   14400      0
26      0      0   14400      0
27      0      0   14400      0
28      0      0   14400      0
29      0      0   14400      0
30      0      0   14400      0
;

precio [*] :=
Cuarto  200
Entero  750
 Medio  416
Octavo  100
;

P [*,*] (tr)
:  Cuarto Entero   Medio Octavo    :=
1    1500   1500   15900   1500
2    2000   2000   16400   2000
3    2500   2500   16900   2500
4    3000   3000   17400   3000
5    3500   3500   17900   3500
6    3500   3500   17900   3500
7    3500   3500   17900   3500
8       0      0   14400      0
9       0      0   14400      0
10      0      0   14400      0
11      0      0   14400      0
12      0      0   14400      0
13      0      0   14400      0
14      0      0   14400      0
15      0      0   14400      0
16      0      0   14400      0
17      0      0   14400      0
18      0      0   14400      0
19      0      0   14400      0
20      0      0   14400      0
21      0      0   14400      0
22      0      0   14400      0
23      0      0   14400      0
24      0      0   14400      0
25      0      0   14400      0
26      0      0   14400      0
27      0      0   14400      0
28      0      0   14400      0
29      0      0   14400      0
30      0      0   14400      0
;

precio [*] :=
Cuarto  200
Entero  750
 Medio  420
Octavo  100
;

P [*,*] (tr)
:  Cuarto Entero   Medio Octavo    :=
1    1500   1500   15900   1500
2    2000   2000   16400   2000
3    2500   2500   16900   2500
4    3000   3000   17400   3000
5    3500   3500   17900   3500
6    3500   3500   17900   3500
7    3500   3500   17900   3500
8       0      0   14400      0
9       0      0   14400      0
10      0      0   14400      0
11      0      0   14400      0
12      0      0   14400      0
13      0      0   14400      0
14      0      0   14400      0
15      0      0   14400      0
16      0      0   14400      0
17      0      0   14400      0
18      0      0   14400      0
19      0      0   14400      0
20      0      0   14400      0
21      0      0   14400      0
22      0      0   14400      0
23      0      0   14400      0
24      0      0   14400      0
25      0      0   14400      0
26      0      0   14400      0
27      0      0   14400      0
28      0      0   14400      0
29      0      0   14400      0
30      0      0   14400      0
;

precio [*] :=
Cuarto  200
Entero  750
 Medio  424
Octavo  100
;

P [*,*] (tr)
:  Cuarto Entero   Medio Octavo    :=
1    1500   1500   15900   1500
2    2000   2000   16400   2000
3    2500   2500   16900   2500
4    3000   3000   17400   3000
5    3500   3500   17900   3500
6    3500   3500   17900   3500
7    3500   3500   17900   3500
8       0      0   14400      0
9       0      0   14400      0
10      0      0   14400      0
11      0      0   14400      0
12      0      0   14400      0
13      0      0   14400      0
14      0      0   14400      0
15      0      0   14400      0
16      0      0   14400      0
17      0      0   14400      0
18      0      0   14400      0
19      0      0   14400      0
20      0      0   14400      0
21      0      0   14400      0
22      0      0   14400      0
23      0      0   14400      0
24      0      0   14400      0
25      0      0   14400      0
26      0      0   14400      0
27      0      0   14400      0
28      0      0   14400      0
29      0      0   14400      0
30      0      0   14400      0
;

precio [*] :=
Cuarto  200
Entero  750
 Medio  428
Octavo  100
;

P [*,*] (tr)
:  Cuarto Entero   Medio Octavo    :=
1    1500   1500   15900   1500
2    2000   2000   16400   2000
3    2500   2500   16900   2500
4    3000   3000   17400   3000
5    3500   3500   17900   3500
6    3500   3500   17900   3500
7    3500   3500   17900   3500
8       0      0   14400      0
9       0      0   14400      0
10      0      0   14400      0
11      0      0   14400      0
12      0      0   14400      0
13      0      0   14400      0
14      0      0   14400      0
15      0      0   14400      0
16      0      0   14400      0
17      0      0   14400      0
18      0      0   14400      0
19      0      0   14400      0
20      0      0   14400      0
21      0      0   14400      0
22      0      0   14400      0
23      0      0   14400      0
24      0      0   14400      0
25      0      0   14400      0
26      0      0   14400      0
27      0      0   14400      0
28      0      0   14400      0
29      0      0   14400      0
30      0      0   14400      0
;

precio [*] :=
Cuarto  200
Entero  750
 Medio  432
Octavo  100
;

P [*,*] (tr)
:  Cuarto Entero   Medio Octavo    :=
1    1500   1500   15900   1500
2    2000   2000   16400   2000
3    2500   2500   16900   2500
4    3000   3000   17400   3000
5    3500   3500   17900   3500
6    3500   3500   17900   3500
7    3500   3500   17900   3500
8       0      0   14400      0
9       0      0   14400      0
10      0      0   14400      0
11      0      0   14400      0
12      0      0   14400      0
13      0      0   14400      0
14      0      0   14400      0
15      0      0   14400      0
16      0      0   14400      0
17      0      0   14400      0
18      0      0   14400      0
19      0      0   14400      0
20      0      0   14400      0
21      0      0   14400      0
22      0      0   14400      0
23      0      0   14400      0
24      0      0   14400      0
25      0      0   14400      0
26      0      0   14400      0
27      0      0   14400      0
28      0      0   14400      0
29      0      0   14400      0
30      0      0   14400      0
;

precio [*] :=
Cuarto  200
Entero  750
 Medio  436
Octavo  100
;

P [*,*] (tr)
:  Cuarto Entero   Medio Octavo    :=
1    1500   1500   15900   1500
2    2000   2000   16400   2000
3    2500   2500   16900   2500
4    3000   3000   17400   3000
5    3500   3500   17900   3500
6    3500   3500   17900   3500
7    3500   3500   17900   3500
8       0      0   14400      0
9       0      0   14400      0
10      0      0   14400      0
11      0      0   14400      0
12      0      0   14400      0
13      0      0   14400      0
14      0      0   14400      0
15      0      0   14400      0
16      0      0   14400      0
17      0      0   14400      0
18      0      0   14400      0
19      0      0   14400      0
20      0      0   14400      0
21      0      0   14400      0
22      0      0   14400      0
23      0      0   14400      0
24      0      0   14400      0
25      0      0   14400      0
26      0      0   14400      0
27      0      0   14400      0
28      0      0   14400      0
29      0      0   14400      0
30      0      0   14400      0
;

precio [*] :=
Cuarto  200
Entero  750
 Medio  440
Octavo  100
;

P [*,*] (tr)
:  Cuarto Entero   Medio Octavo    :=
1    1500   1500   15900   1500
2    2000   2000   16400   2000
3    2500   2500   16900   2500
4    3000   3000   17400   3000
5    3500   3500   17900   3500
6    3500   3500   17900   3500
7    3500   3500   17900   3500
8       0      0   14400      0
9       0      0   14400      0
10      0      0   14400      0
11      0      0   14400      0
12      0      0   14400      0
13      0      0   14400      0
14      0      0   14400      0
15      0      0   14400      0
16      0      0   14400      0
17      0      0   14400      0
18      0      0   14400      0
19      0      0   14400      0
20      0      0   14400      0
21      0      0   14400      0
22      0      0   14400      0
23      0      0   14400      0
24      0      0   14400      0
25      0      0   14400      0
26      0      0   14400      0
27      0      0   14400      0
28      0      0   14400      0
29      0      0   14400      0
30      0      0   14400      0
;

precio [*] :=
Cuarto  200
Entero  750
 Medio  444
Octavo  100
;

P [*,*] (tr)
:  Cuarto Entero   Medio Octavo    :=
1    1500   1500   15900   1500
2    2000   2000   16400   2000
3    2500   2500   16900   2500
4    3000   3000   17400   3000
5    3500   3500   17900   3500
6    3500   3500   17900   3500
7    3500   3500   17900   3500
8       0      0   14400      0
9       0      0   14400      0
10      0      0   14400      0
11      0      0   14400      0
12      0      0   14400      0
13      0      0   14400      0
14      0      0   14400      0
15      0      0   14400      0
16      0      0   14400      0
17      0      0   14400      0
18      0      0   14400      0
19      0      0   14400      0
20      0      0   14400      0
21      0      0   14400      0
22      0      0   14400      0
23      0      0   14400      0
24      0      0   14400      0
25      0      0   14400      0
26      0      0   14400      0
27      0      0   14400      0
28      0      0   14400      0
29      0      0   14400      0
30      0      0   14400      0
;

precio [*] :=
Cuarto  200
Entero  750
 Medio  448
Octavo  100
;

P [*,*] (tr)
:  Cuarto Entero   Medio Octavo    :=
1    1500   1500   15900   1500
2    2000   2000   16400   2000
3    2500   2500   16900   2500
4    3000   3000   17400   3000
5    3500   3500   17900   3500
6    3500   3500   17900   3500
7    3500   3500   17900   3500
8       0      0   14400      0
9       0      0   14400      0
10      0      0   14400      0
11      0      0   14400      0
12      0      0   14400      0
13      0      0   14400      0
14      0      0   14400      0
15      0      0   14400      0
16      0      0   14400      0
17      0      0   14400      0
18      0      0   14400      0
19      0      0   14400      0
20      0      0   14400      0
21      0      0   14400      0
22      0      0   14400      0
23      0      0   14400      0
24      0      0   14400      0
25      0      0   14400      0
26      0      0   14400      0
27      0      0   14400      0
28      0      0   14400      0
29      0      0   14400      0
30      0      0   14400      0
;

precio [*] :=
Cuarto  200
Entero  750
 Medio  452
Octavo  100
;

P [*,*] (tr)
:  Cuarto Entero   Medio Octavo    :=
1    1500   1500   15900   1500
2    2000   2000   16400   2000
3    2500   2500   16900   2500
4    3000   3000   17400   3000
5    3500   3500   17900   3500
6    3500   3500   17900   3500
7    3500   3500   17900   3500
8       0      0   14400      0
9       0      0   14400      0
10      0      0   14400      0
11      0      0   14400      0
12      0      0   14400      0
13      0      0   14400      0
14      0      0   14400      0
15      0      0   14400      0
16      0      0   14400      0
17      0      0   14400      0
18      0      0   14400      0
19      0      0   14400      0
20      0      0   14400      0
21      0      0   14400      0
22      0      0   14400      0
23      0      0   14400      0
24      0      0   14400      0
25      0      0   14400      0
26      0      0   14400      0
27      0      0   14400      0
28      0      0   14400      0
29      0      0   14400      0
30      0      0   14400      0
;

precio [*] :=
Cuarto  200
Entero  750
 Medio  456
Octavo  100
;

P [*,*] (tr)
:  Cuarto Entero   Medio Octavo    :=
1    1500   1500   15900   1500
2    2000   2000   16400   2000
3    2500   2500   16900   2500
4    3000   3000   17400   3000
5    3500   3500   17900   3500
6    3500   3500   17900   3500
7    3500   3500   17900   3500
8       0      0   14400      0
9       0      0   14400      0
10      0      0   14400      0
11      0      0   14400      0
12      0      0   14400      0
13      0      0   14400      0
14      0      0   14400      0
15      0      0   14400      0
16      0      0   14400      0
17      0      0   14400      0
18      0      0   14400      0
19      0      0   14400      0
20      0      0   14400      0
21      0      0   14400      0
22      0      0   14400      0
23      0      0   14400      0
24      0      0   14400      0
25      0      0   14400      0
26      0      0   14400      0
27      0      0   14400      0
28      0      0   14400      0
29      0      0   14400      0
30      0      0   14400      0
;

precio [*] :=
Cuarto  200
Entero  750
 Medio  460
Octavo  100
;

P [*,*] (tr)
:  Cuarto Entero   Medio Octavo    :=
1    1500   1500   15900   1500
2    2000   2000   16400   2000
3    2500   2500   16900   2500
4    3000   3000   17400   3000
5    3500   3500   17900   3500
6    3500   3500   17900   3500
7    3500   3500   17900   3500
8       0      0   14400      0
9       0      0   14400      0
10      0      0   14400      0
11      0      0   14400      0
12      0      0   14400      0
13      0      0   14400      0
14      0      0   14400      0
15      0      0   14400      0
16      0      0   14400      0
17      0      0   14400      0
18      0      0   14400      0
19      0      0   14400      0
20      0      0   14400      0
21      0      0   14400      0
22      0      0   14400      0
23      0      0   14400      0
24      0      0   14400      0
25      0      0   14400      0
26      0      0   14400      0
27      0      0   14400      0
28      0      0   14400      0
29      0      0   14400      0
30      0      0   14400      0
;

precio [*] :=
Cuarto  200
Entero  750
 Medio  464
Octavo  100
;

P [*,*] (tr)
:  Cuarto Entero   Medio Octavo    :=
1    1500   1500   15900   1500
2    2000   2000   16400   2000
3    2500   2500   16900   2500
4    3000   3000   17400   3000
5    3500   3500   17900   3500
6    3500   3500   17900   3500
7    3500   3500   17900   3500
8       0      0   14400      0
9       0      0   14400      0
10      0      0   14400      0
11      0      0   14400      0
12      0      0   14400      0
13      0      0   14400      0
14      0      0   14400      0
15      0      0   14400      0
16      0      0   14400      0
17      0      0   14400      0
18      0      0   14400      0
19      0      0   14400      0
20      0      0   14400      0
21      0      0   14400      0
22      0      0   14400      0
23      0      0   14400      0
24      0      0   14400      0
25      0      0   14400      0
26      0      0   14400      0
27      0      0   14400      0
28      0      0   14400      0
29      0      0   14400      0
30      0      0   14400      0
;

precio [*] :=
Cuarto  200
Entero  750
 Medio  468
Octavo  100
;

P [*,*] (tr)
:  Cuarto Entero   Medio Octavo    :=
1    1500   1500   15900   1500
2    2000   2000   16400   2000
3    2500   2500   16900   2500
4    3000   3000   17400   3000
5    3500   3500   17900   3500
6    3500   3500   17900   3500
7    3500   3500   17900   3500
8       0      0   14400      0
9       0      0   14400      0
10      0      0   14400      0
11      0      0   14400      0
12      0      0   14400      0
13      0      0   14400      0
14      0      0   14400      0
15      0      0   14400      0
16      0      0   14400      0
17      0      0   14400      0
18      0      0   14400      0
19      0      0   14400      0
20      0      0   14400      0
21      0      0   14400      0
22      0      0   14400      0
23      0      0   14400      0
24      0      0   14400      0
25      0      0   14400      0
26      0      0   14400      0
27      0      0   14400      0
28      0      0   14400      0
29      0      0   14400      0
30      0      0   14400      0
;

precio [*] :=
Cuarto  200
Entero  750
 Medio  472
Octavo  100
;

P [*,*] (tr)
:  Cuarto Entero   Medio Octavo    :=
1    1500   1500   15900   1500
2    2000   2000   16400   2000
3    2500   2500   16900   2500
4    3000   3000   17400   3000
5    3500   3500   17900   3500
6    3500   3500   17900   3500
7    3500   3500   17900   3500
8       0      0   14400      0
9       0      0   14400      0
10      0      0   14400      0
11      0      0   14400      0
12      0      0   14400      0
13      0      0   14400      0
14      0      0   14400      0
15      0      0   14400      0
16      0      0   14400      0
17      0      0   14400      0
18      0      0   14400      0
19      0      0   14400      0
20      0      0   14400      0
21      0      0   14400      0
22      0      0   14400      0
23      0      0   14400      0
24      0      0   14400      0
25      0      0   14400      0
26      0      0   14400      0
27      0      0   14400      0
28      0      0   14400      0
29      0      0   14400      0
30      0      0   14400      0
;

precio [*] :=
Cuarto  200
Entero  750
 Medio  476
Octavo  100
;

P [*,*] (tr)
:  Cuarto Entero   Medio Octavo    :=
1    1500   1500   15900   1500
2    2000   2000   16400   2000
3    2500   2500   16900   2500
4    3000   3000   17400   3000
5    3500   3500   17900   3500
6    3500   3500   17900   3500
7    3500   3500   17900   3500
8       0      0   14400      0
9       0      0   14400      0
10      0      0   14400      0
11      0      0   14400      0
12      0      0   14400      0
13      0      0   14400      0
14      0      0   14400      0
15      0      0   14400      0
16      0      0   14400      0
17      0      0   14400      0
18      0      0   14400      0
19      0      0   14400      0
20      0      0   14400      0
21      0      0   14400      0
22      0      0   14400      0
23      0      0   14400      0
24      0      0   14400      0
25      0      0   14400      0
26      0      0   14400      0
27      0      0   14400      0
28      0      0   14400      0
29      0      0   14400      0
30      0      0   14400      0
;

precio [*] :=
Cuarto  200
Entero  750
 Medio  480
Octavo  100
;

P [*,*] (tr)
:  Cuarto Entero   Medio Octavo    :=
1    1500   1500   15900   1500
2    2000   2000   16400   2000
3    2500   2500   16900   2500
4    3000   3000   17400   3000
5    3500   3500   17900   3500
6    3500   3500   17900   3500
7    3500   3500   17900   3500
8       0      0   14400      0
9       0      0   14400      0
10      0      0   14400      0
11      0      0   14400      0
12      0      0   14400      0
13      0      0   14400      0
14      0      0   14400      0
15      0      0   14400      0
16      0      0   14400      0
17      0      0   14400      0
18      0      0   14400      0
19      0      0   14400      0
20      0      0   14400      0
21      0      0   14400      0
22      0      0   14400      0
23      0      0   14400      0
24      0      0   14400      0
25      0      0   14400      0
26      0      0   14400      0
27      0      0   14400      0
28      0      0   14400      0
29      0      0   14400      0
30      0      0   14400      0
;

precio [*] :=
Cuarto  200
Entero  750
 Medio  484
Octavo  100
;

P [*,*] (tr)
:  Cuarto Entero   Medio Octavo    :=
1    1500   1500   15900   1500
2    2000   2000   16400   2000
3    2500   2500   16900   2500
4    3000   3000   17400   3000
5    3500   3500   17900   3500
6    3500   3500   17900   3500
7    3500   3500   17900   3500
8       0      0   14400      0
9       0      0   14400      0
10      0      0   14400      0
11      0      0   14400      0
12      0      0   14400      0
13      0      0   14400      0
14      0      0   14400      0
15      0      0   14400      0
16      0      0   14400      0
17      0      0   14400      0
18      0      0   14400      0
19      0      0   14400      0
20      0      0   14400      0
21      0      0   14400      0
22      0      0   14400      0
23      0      0   14400      0
24      0      0   14400      0
25      0      0   14400      0
26      0      0   14400      0
27      0      0   14400      0
28      0      0   14400      0
29      0      0   14400      0
30      0      0   14400      0
;

precio [*] :=
Cuarto  200
Entero  750
 Medio  488
Octavo  100
;

P [*,*] (tr)
:  Cuarto Entero   Medio Octavo    :=
1    1500   1500   15900   1500
2    2000   2000   16400   2000
3    2500   2500   16900   2500
4    3000   3000   17400   3000
5    3500   3500   17900   3500
6    3500   3500   17900   3500
7    3500   3500   17900   3500
8       0      0   14400      0
9       0      0   14400      0
10      0      0   14400      0
11      0      0   14400      0
12      0      0   14400      0
13      0      0   14400      0
14      0      0   14400      0
15      0      0   14400      0
16      0      0   14400      0
17      0      0   14400      0
18      0      0   14400      0
19      0      0   14400      0
20      0      0   14400      0
21      0      0   14400      0
22      0      0   14400      0
23      0      0   14400      0
24      0      0   14400      0
25      0      0   14400      0
26      0      0   14400      0
27      0      0   14400      0
28      0      0   14400      0
29      0      0   14400      0
30      0      0   14400      0
;

precio [*] :=
Cuarto  200
Entero  750
 Medio  492
Octavo  100
;

P [*,*] (tr)
:  Cuarto Entero   Medio Octavo    :=
1    1500   1500   15900   1500
2    2000   2000   16400   2000
3    2500   2500   16900   2500
4    3000   3000   17400   3000
5    3500   3500   17900   3500
6    3500   3500   17900   3500
7    3500   3500   17900   3500
8       0      0   14400      0
9       0      0   14400      0
10      0      0   14400      0
11      0      0   14400      0
12      0      0   14400      0
13      0      0   14400      0
14      0      0   14400      0
15      0      0   14400      0
16      0      0   14400      0
17      0      0   14400      0
18      0      0   14400      0
19      0      0   14400      0
20      0      0   14400      0
21      0      0   14400      0
22      0      0   14400      0
23      0      0   14400      0
24      0      0   14400      0
25      0      0   14400      0
26      0      0   14400      0
27      0      0   14400      0
28      0      0   14400      0
29      0      0   14400      0
30      0      0   14400      0
;

precio [*] :=
Cuarto  200
Entero  750
 Medio  496
Octavo  100
;

P [*,*] (tr)
:  Cuarto Entero   Medio Octavo    :=
1    1500   1500   15900   1500
2    2000   2000   16400   2000
3    2500   2500   16900   2500
4    3000   3000   17400   3000
5    3500   3500   17900   3500
6    3500   3500   17900   3500
7    3500   3500   17900   3500
8       0      0   14400      0
9       0      0   14400      0
10      0      0   14400      0
11      0      0   14400      0
12      0      0   14400      0
13      0      0   14400      0
14      0      0   14400      0
15      0      0   14400      0
16      0      0   14400      0
17      0      0   14400      0
18      0      0   14400      0
19      0      0   14400      0
20      0      0   14400      0
21      0      0   14400      0
22      0      0   14400      0
23      0      0   14400      0
24      0      0   14400      0
25      0      0   14400      0
26      0      0   14400      0
27      0      0   14400      0
28      0      0   14400      0
29      0      0   14400      0
30      0      0   14400      0
;

precio [*] :=
Cuarto  200
Entero  750
 Medio  500
Octavo  100
;

P [*,*] (tr)
:  Cuarto Entero   Medio Octavo    :=
1    1500   1500   15900   1500
2    2000   2000   16400   2000
3    2500   2500   16900   2500
4    3000   3000   17400   3000
5    3500   3500   17900   3500
6    3500   3500   17900   3500
7    3500   3500   17900   3500
8       0      0   14400      0
9       0      0   14400      0
10      0      0   14400      0
11      0      0   14400      0
12      0      0   14400      0
13      0      0   14400      0
14      0      0   14400      0
15      0      0   14400      0
16      0      0   14400      0
17      0      0   14400      0
18      0      0   14400      0
19      0      0   14400      0
20      0      0   14400      0
21      0      0   14400      0
22      0      0   14400      0
23      0      0   14400      0
24      0      0   14400      0
25      0      0   14400      0
26      0      0   14400      0
27      0      0   14400      0
28      0      0   14400      0
29      0      0   14400      0
30      0      0   14400      0
;

precio [*] :=
Cuarto  200
Entero  750
 Medio  504
Octavo  100
;

P [*,*] (tr)
:  Cuarto Entero   Medio Octavo    :=
1    1500   1500   15900   1500
2    2000   2000   16400   2000
3    2500   2500   16900   2500
4    3000   3000   17400   3000
5    3500   3500   17900   3500
6    3500   3500   17900   3500
7    3500   3500   17900   3500
8       0      0   14400      0
9       0      0   14400      0
10      0      0   14400      0
11      0      0   14400      0
12      0      0   14400      0
13      0      0   14400      0
14      0      0   14400      0
15      0      0   14400      0
16      0      0   14400      0
17      0      0   14400      0
18      0      0   14400      0
19      0      0   14400      0
20      0      0   14400      0
21      0      0   14400      0
22      0      0   14400      0
23      0      0   14400      0
24      0      0   14400      0
25      0      0   14400      0
26      0      0   14400      0
27      0      0   14400      0
28      0      0   14400      0
29      0      0   14400      0
30      0      0   14400      0
;

precio [*] :=
Cuarto  200
Entero  750
 Medio  508
Octavo  100
;

P [*,*] (tr)
:  Cuarto Entero   Medio Octavo    :=
1    1500   1500   15900   1500
2    2000   2000   16400   2000
3    2500   2500   16900   2500
4    3000   3000   17400   3000
5    3500   3500   17900   3500
6    3500   3500   17900   3500
7    3500   3500   17900   3500
8       0      0   14400      0
9       0      0   14400      0
10      0      0   14400      0
11      0      0   14400      0
12      0      0   14400      0
13      0      0   14400      0
14      0      0   14400      0
15      0      0   14400      0
16      0      0   14400      0
17      0      0   14400      0
18      0      0   14400      0
19      0      0   14400      0
20      0      0   14400      0
21      0      0   14400      0
22      0      0   14400      0
23      0      0   14400      0
24      0      0   14400      0
25      0      0   14400      0
26      0      0   14400      0
27      0      0   14400      0
28      0      0   14400      0
29      0      0   14400      0
30      0      0   14400      0
;

precio [*] :=
Cuarto  200
Entero  750
 Medio  512
Octavo  100
;

P [*,*] (tr)
:  Cuarto Entero   Medio Octavo    :=
1    1500   1500   15900   1500
2    2000   2000   16400   2000
3    2500   2500   16900   2500
4    3000   3000   17400   3000
5    3500   3500   17900   3500
6    3500   3500   17900   3500
7    3500   3500   17900   3500
8       0      0   14400      0
9       0      0   14400      0
10      0      0   14400      0
11      0      0   14400      0
12      0      0   14400      0
13      0      0   14400      0
14      0      0   14400      0
15      0      0   14400      0
16      0      0   14400      0
17      0      0   14400      0
18      0      0   14400      0
19      0      0   14400      0
20      0      0   14400      0
21      0      0   14400      0
22      0      0   14400      0
23      0      0   14400      0
24      0      0   14400      0
25      0      0   14400      0
26      0      0   14400      0
27      0      0   14400      0
28      0      0   14400      0
29      0      0   14400      0
30      0      0   14400      0
;

precio [*] :=
Cuarto  200
Entero  750
 Medio  516
Octavo  100
;

P [*,*] (tr)
:  Cuarto Entero   Medio Octavo    :=
1    1500   1500   15900   1500
2    2000   2000   16400   2000
3    2500   2500   16900   2500
4    3000   3000   17400   3000
5    3500   3500   17900   3500
6    3500   3500   17900   3500
7    3500   3500   17900   3500
8       0      0   14400      0
9       0      0   14400      0
10      0      0   14400      0
11      0      0   14400      0
12      0      0   14400      0
13      0      0   14400      0
14      0      0   14400      0
15      0      0   14400      0
16      0      0   14400      0
17      0      0   14400      0
18      0      0   14400      0
19      0      0   14400      0
20      0      0   14400      0
21      0      0   14400      0
22      0      0   14400      0
23      0      0   14400      0
24      0      0   14400      0
25      0      0   14400      0
26      0      0   14400      0
27      0      0   14400      0
28      0      0   14400      0
29      0      0   14400      0
30      0      0   14400      0
;

precio [*] :=
Cuarto  200
Entero  750
 Medio  520
Octavo  100
;

P [*,*] (tr)
:  Cuarto Entero   Medio Octavo    :=
1    1500   1500   15900   1500
2    2000   2000   16400   2000
3    2500   2500   16900   2500
4    3000   3000   17400   3000
5    3500   3500   17900   3500
6    3500   3500   17900   3500
7    3500   3500   17900   3500
8       0      0   14400      0
9       0      0   14400      0
10      0      0   14400      0
11      0      0   14400      0
12      0      0   14400      0
13      0      0   14400      0
14      0      0   14400      0
15      0      0   14400      0
16      0      0   14400      0
17      0      0   14400      0
18      0      0   14400      0
19      0      0   14400      0
20      0      0   14400      0
21      0      0   14400      0
22      0      0   14400      0
23      0      0   14400      0
24      0      0   14400      0
25      0      0   14400      0
26      0      0   14400      0
27      0      0   14400      0
28      0      0   14400      0
29      0      0   14400      0
30      0      0   14400      0
;

precio [*] :=
Cuarto  200
Entero  750
 Medio  524
Octavo  100
;

P [*,*] (tr)
:  Cuarto Entero   Medio Octavo    :=
1    1500   1500   15900   1500
2    2000   2000   16400   2000
3    2500   2500   16900   2500
4    3000   3000   17400   3000
5    3500   3500   17900   3500
6    3500   3500   17900   3500
7    3500   3500   17900   3500
8       0      0   14400      0
9       0      0   14400      0
10      0      0   14400      0
11      0      0   14400      0
12      0      0   14400      0
13      0      0   14400      0
14      0      0   14400      0
15      0      0   14400      0
16      0      0   14400      0
17      0      0   14400      0
18      0      0   14400      0
19      0      0   14400      0
20      0      0   14400      0
21      0      0   14400      0
22      0      0   14400      0
23      0      0   14400      0
24      0      0   14400      0
25      0      0   14400      0
26      0      0   14400      0
27      0      0   14400      0
28      0      0   14400      0
29      0      0   14400      0
30      0      0   14400      0
;

precio [*] :=
Cuarto  200
Entero  750
 Medio  528
Octavo  100
;

P [*,*] (tr)
:  Cuarto Entero   Medio Octavo    :=
1    1500   1500   15900   1500
2    2000   2000   16400   2000
3    2500   2500   16900   2500
4    3000   3000   17400   3000
5    3500   3500   17900   3500
6    3500   3500   17900   3500
7    3500   3500   17900   3500
8       0      0   14400      0
9       0      0   14400      0
10      0      0   14400      0
11      0      0   14400      0
12      0      0   14400      0
13      0      0   14400      0
14      0      0   14400      0
15      0      0   14400      0
16      0      0   14400      0
17      0      0   14400      0
18      0      0   14400      0
19      0      0   14400      0
20      0      0   14400      0
21      0      0   14400      0
22      0      0   14400      0
23      0      0   14400      0
24      0      0   14400      0
25      0      0   14400      0
26      0      0   14400      0
27      0      0   14400      0
28      0      0   14400      0
29      0      0   14400      0
30      0      0   14400      0
;

precio [*] :=
Cuarto  200
Entero  750
 Medio  532
Octavo  100
;

P [*,*] (tr)
:  Cuarto Entero   Medio Octavo    :=
1    1500   1500   15900   1500
2    2000   2000   16400   2000
3    2500   2500   16900   2500
4    3000   3000   17400   3000
5    3500   3500   17900   3500
6    3500   3500   17900   3500
7    3500   3500   17900   3500
8       0      0   14400      0
9       0      0   14400      0
10      0      0   14400      0
11      0      0   14400      0
12      0      0   14400      0
13      0      0   14400      0
14      0      0   14400      0
15      0      0   14400      0
16      0      0   14400      0
17      0      0   14400      0
18      0      0   14400      0
19      0      0   14400      0
20      0      0   14400      0
21      0      0   14400      0
22      0      0   14400      0
23      0      0   14400      0
24      0      0   14400      0
25      0      0   14400      0
26      0      0   14400      0
27      0      0   14400      0
28      0      0   14400      0
29      0      0   14400      0
30      0      0   14400      0
;

precio [*] :=
Cuarto  200
Entero  750
 Medio  536
Octavo  100
;

P [*,*] (tr)
:  Cuarto Entero   Medio Octavo    :=
1    1500   1500   15900   1500
2    2000   2000   16400   2000
3    2500   2500   16900   2500
4    3000   3000   17400   3000
5    3500   3500   17900   3500
6    3500   3500   17900   3500
7    3500   3500   17900   3500
8       0      0   14400      0
9       0      0   14400      0
10      0      0   14400      0
11      0      0   14400      0
12      0      0   14400      0
13      0      0   14400      0
14      0      0   14400      0
15      0      0   14400      0
16      0      0   14400      0
17      0      0   14400      0
18      0      0   14400      0
19      0      0   14400      0
20      0      0   14400      0
21      0      0   14400      0
22      0      0   14400      0
23      0      0   14400      0
24      0      0   14400      0
25      0      0   14400      0
26      0      0   14400      0
27      0      0   14400      0
28      0      0   14400      0
29      0      0   14400      0
30      0      0   14400      0
;

precio [*] :=
Cuarto  200
Entero  750
 Medio  540
Octavo  100
;

P [*,*] (tr)
:  Cuarto Entero   Medio Octavo    :=
1    1500   1500   15900   1500
2    2000   2000   16400   2000
3    2500   2500   16900   2500
4    3000   3000   17400   3000
5    3500   3500   17900   3500
6    3500   3500   17900   3500
7    3500   3500   17900   3500
8       0      0   14400      0
9       0      0   14400      0
10      0      0   14400      0
11      0      0   14400      0
12      0      0   14400      0
13      0      0   14400      0
14      0      0   14400      0
15      0      0   14400      0
16      0      0   14400      0
17      0      0   14400      0
18      0      0   14400      0
19      0      0   14400      0
20      0      0   14400      0
21      0      0   14400      0
22      0      0   14400      0
23      0      0   14400      0
24      0      0   14400      0
25      0      0   14400      0
26      0      0   14400      0
27      0      0   14400      0
28      0      0   14400      0
29      0      0   14400      0
30      0      0   14400      0
;

precio [*] :=
Cuarto  200
Entero  750
 Medio  544
Octavo  100
;

P [*,*] (tr)
:  Cuarto Entero   Medio Octavo    :=
1    1500   1500   15900   1500
2    2000   2000   16400   2000
3    2500   2500   16900   2500
4    3000   3000   17400   3000
5    3500   3500   17900   3500
6    3500   3500   17900   3500
7    3500   3500   17900   3500
8       0      0   14400      0
9       0      0   14400      0
10      0      0   14400      0
11      0      0   14400      0
12      0      0   14400      0
13      0      0   14400      0
14      0      0   14400      0
15      0      0   14400      0
16      0      0   14400      0
17      0      0   14400      0
18      0      0   14400      0
19      0      0   14400      0
20      0      0   14400      0
21      0      0   14400      0
22      0      0   14400      0
23      0      0   14400      0
24      0      0   14400      0
25      0      0   14400      0
26      0      0   14400      0
27      0      0   14400      0
28      0      0   14400      0
29      0      0   14400      0
30      0      0   14400      0
;

precio [*] :=
Cuarto  200
Entero  750
 Medio  548
Octavo  100
;

P [*,*] (tr)
:  Cuarto Entero   Medio Octavo    :=
1    1500   1500   15900   1500
2    2000   2000   16400   2000
3    2500   2500   16900   2500
4    3000   3000   17400   3000
5    3500   3500   17900   3500
6    3500   3500   17900   3500
7    3500   3500   17900   3500
8       0      0   14400      0
9       0      0   14400      0
10      0      0   14400      0
11      0      0   14400      0
12      0      0   14400      0
13      0      0   14400      0
14      0      0   14400      0
15      0      0   14400      0
16      0      0   14400      0
17      0      0   14400      0
18      0      0   14400      0
19      0      0   14400      0
20      0      0   14400      0
21      0      0   14400      0
22      0      0   14400      0
23      0      0   14400      0
24      0      0   14400      0
25      0      0   14400      0
26      0      0   14400      0
27      0      0   14400      0
28      0      0   14400      0
29      0      0   14400      0
30      0      0   14400      0
;

precio [*] :=
Cuarto  200
Entero  750
 Medio  552
Octavo  100
;

P [*,*] (tr)
:  Cuarto Entero   Medio Octavo    :=
1    1500   1500   15900   1500
2    2000   2000   16400   2000
3    2500   2500   16900   2500
4    3000   3000   17400   3000
5    3500   3500   17900   3500
6    3500   3500   17900   3500
7    3500   3500   17900   3500
8       0      0   14400      0
9       0      0   14400      0
10      0      0   14400      0
11      0      0   14400      0
12      0      0   14400      0
13      0      0   14400      0
14      0      0   14400      0
15      0      0   14400      0
16      0      0   14400      0
17      0      0   14400      0
18      0      0   14400      0
19      0      0   14400      0
20      0      0   14400      0
21      0      0   14400      0
22      0      0   14400      0
23      0      0   14400      0
24      0      0   14400      0
25      0      0   14400      0
26      0      0   14400      0
27      0      0   14400      0
28      0      0   14400      0
29      0      0   14400      0
30      0      0   14400      0
;

precio [*] :=
Cuarto  200
Entero  750
 Medio  556
Octavo  100
;

P [*,*] (tr)
:  Cuarto Entero   Medio Octavo    :=
1    1500   1500   15900   1500
2    2000   2000   16400   2000
3    2500   2500   16900   2500
4    3000   3000   17400   3000
5    3500   3500   17900   3500
6    3500   3500   17900   3500
7    3500   3500   17900   3500
8       0      0   14400      0
9       0      0   14400      0
10      0      0   14400      0
11      0      0   14400      0
12      0      0   14400      0
13      0      0   14400      0
14      0      0   14400      0
15      0      0   14400      0
16      0      0   14400      0
17      0      0   14400      0
18      0      0   14400      0
19      0      0   14400      0
20      0      0   14400      0
21      0      0   14400      0
22      0      0   14400      0
23      0      0   14400      0
24      0      0   14400      0
25      0      0   14400      0
26      0      0   14400      0
27      0      0   14400      0
28      0      0   14400      0
29      0      0   14400      0
30      0      0   14400      0
;

precio [*] :=
Cuarto  200
Entero  750
 Medio  560
Octavo  100
;

P [*,*] (tr)
:  Cuarto Entero   Medio Octavo    :=
1    1500   1500   15900   1500
2    2000   2000   16400   2000
3    2500   2500   16900   2500
4    3000   3000   17400   3000
5    3500   3500   17900   3500
6    3500   3500   17900   3500
7    3500   3500   17900   3500
8       0      0   14400      0
9       0      0   14400      0
10      0      0   14400      0
11      0      0   14400      0
12      0      0   14400      0
13      0      0   14400      0
14      0      0   14400      0
15      0      0   14400      0
16      0      0   14400      0
17      0      0   14400      0
18      0      0   14400      0
19      0      0   14400      0
20      0      0   14400      0
21      0      0   14400      0
22      0      0   14400      0
23      0      0   14400      0
24      0      0   14400      0
25      0      0   14400      0
26      0      0   14400      0
27      0      0   14400      0
28      0      0   14400      0
29      0      0   14400      0
30      0      0   14400      0
;

precio [*] :=
Cuarto  200
Entero  750
 Medio  564
Octavo  100
;

P [*,*] (tr)
:  Cuarto Entero   Medio Octavo    :=
1    1500   1500   15900   1500
2    2000   2000   16400   2000
3    2500   2500   16900   2500
4    3000   3000   17400   3000
5    3500   3500   17900   3500
6    3500   3500   17900   3500
7    3500   3500   17900   3500
8       0      0   14400      0
9       0      0   14400      0
10      0      0   14400      0
11      0      0   14400      0
12      0      0   14400      0
13      0      0   14400      0
14      0      0   14400      0
15      0      0   14400      0
16      0      0   14400      0
17      0      0   14400      0
18      0      0   14400      0
19      0      0   14400      0
20      0      0   14400      0
21      0      0   14400      0
22      0      0   14400      0
23      0      0   14400      0
24      0      0   14400      0
25      0      0   14400      0
26      0      0   14400      0
27      0      0   14400      0
28      0      0   14400      0
29      0      0   14400      0
30      0      0   14400      0
;

precio [*] :=
Cuarto  200
Entero  750
 Medio  568
Octavo  100
;

P [*,*] (tr)
:  Cuarto Entero   Medio Octavo    :=
1    1500   1500   15900   1500
2    2000   2000   16400   2000
3    2500   2500   16900   2500
4    3000   3000   17400   3000
5    3500   3500   17900   3500
6    3500   3500   17900   3500
7    3500   3500   17900   3500
8       0      0   14400      0
9       0      0   14400      0
10      0      0   14400      0
11      0      0   14400      0
12      0      0   14400      0
13      0      0   14400      0
14      0      0   14400      0
15      0      0   14400      0
16      0      0   14400      0
17      0      0   14400      0
18      0      0   14400      0
19      0      0   14400      0
20      0      0   14400      0
21      0      0   14400      0
22      0      0   14400      0
23      0      0   14400      0
24      0      0   14400      0
25      0      0   14400      0
26      0      0   14400      0
27      0      0   14400      0
28      0      0   14400      0
29      0      0   14400      0
30      0      0   14400      0
;

precio [*] :=
Cuarto  200
Entero  750
 Medio  572
Octavo  100
;

P [*,*] (tr)
:  Cuarto Entero   Medio Octavo    :=
1    1500   1500   15900   1500
2    2000   2000   16400   2000
3    2500   2500   16900   2500
4    3000   3000   17400   3000
5    3500   3500   17900   3500
6    3500   3500   17900   3500
7    3500   3500   17900   3500
8       0      0   14400      0
9       0      0   14400      0
10      0      0   14400      0
11      0      0   14400      0
12      0      0   14400      0
13      0      0   14400      0
14      0      0   14400      0
15      0      0   14400      0
16      0      0   14400      0
17      0      0   14400      0
18      0      0   14400      0
19      0      0   14400      0
20      0      0   14400      0
21      0      0   14400      0
22      0      0   14400      0
23      0      0   14400      0
24      0      0   14400      0
25      0      0   14400      0
26      0      0   14400      0
27      0      0   14400      0
28      0      0   14400      0
29      0      0   14400      0
30      0      0   14400      0
;

precio [*] :=
Cuarto  200
Entero  750
 Medio  576
Octavo  100
;

P [*,*] (tr)
:  Cuarto Entero   Medio Octavo    :=
1    1500   1500   15900   1500
2    2000   2000   16400   2000
3    2500   2500   16900   2500
4    3000   3000   17400   3000
5    3500   3500   17900   3500
6    3500   3500   17900   3500
7    3500   3500   17900   3500
8       0      0   14400      0
9       0      0   14400      0
10      0      0   14400      0
11      0      0   14400      0
12      0      0   14400      0
13      0      0   14400      0
14      0      0   14400      0
15      0      0   14400      0
16      0      0   14400      0
17      0      0   14400      0
18      0      0   14400      0
19      0      0   14400      0
20      0      0   14400      0
21      0      0   14400      0
22      0      0   14400      0
23      0      0   14400      0
24      0      0   14400      0
25      0      0   14400      0
26      0      0   14400      0
27      0      0   14400      0
28      0      0   14400      0
29      0      0   14400      0
30      0      0   14400      0
;

precio [*] :=
Cuarto  200
Entero  750
 Medio  580
Octavo  100
;

P [*,*] (tr)
:  Cuarto Entero   Medio Octavo    :=
1    1500   1500   15900   1500
2    2000   2000   16400   2000
3    2500   2500   16900   2500
4    3000   3000   17400   3000
5    3500   3500   17900   3500
6    3500   3500   17900   3500
7    3500   3500   17900   3500
8       0      0   14400      0
9       0      0   14400      0
10      0      0   14400      0
11      0      0   14400      0
12      0      0   14400      0
13      0      0   14400      0
14      0      0   14400      0
15      0      0   14400      0
16      0      0   14400      0
17      0      0   14400      0
18      0      0   14400      0
19      0      0   14400      0
20      0      0   14400      0
21      0      0   14400      0
22      0      0   14400      0
23      0      0   14400      0
24      0      0   14400      0
25      0      0   14400      0
26      0      0   14400      0
27      0      0   14400      0
28      0      0   14400      0
29      0      0   14400      0
30      0      0   14400      0
;

precio [*] :=
Cuarto  200
Entero  750
 Medio  584
Octavo  100
;

P [*,*] (tr)
:  Cuarto Entero   Medio Octavo    :=
1    1500   1500   15900   1500
2    2000   2000   16400   2000
3    2500   2500   16900   2500
4    3000   3000   17400   3000
5    3500   3500   17900   3500
6    3500   3500   17900   3500
7    3500   3500   17900   3500
8       0      0   14400      0
9       0      0   14400      0
10      0      0   14400      0
11      0      0   14400      0
12      0      0   14400      0
13      0      0   14400      0
14      0      0   14400      0
15      0      0   14400      0
16      0      0   14400      0
17      0      0   14400      0
18      0      0   14400      0
19      0      0   14400      0
20      0      0   14400      0
21      0      0   14400      0
22      0      0   14400      0
23      0      0   14400      0
24      0      0   14400      0
25      0      0   14400      0
26      0      0   14400      0
27      0      0   14400      0
28      0      0   14400      0
29      0      0   14400      0
30      0      0   14400      0
;

precio [*] :=
Cuarto  200
Entero  750
 Medio  588
Octavo  100
;

P [*,*] (tr)
:  Cuarto Entero   Medio Octavo    :=
1    1500   1500   15900   1500
2    2000   2000   16400   2000
3    2500   2500   16900   2500
4    3000   3000   17400   3000
5    3500   3500   17900   3500
6    3500   3500   17900   3500
7    3500   3500   17900   3500
8       0      0   14400      0
9       0      0   14400      0
10      0      0   14400      0
11      0      0   14400      0
12      0      0   14400      0
13      0      0   14400      0
14      0      0   14400      0
15      0      0   14400      0
16      0      0   14400      0
17      0      0   14400      0
18      0      0   14400      0
19      0      0   14400      0
20      0      0   14400      0
21      0      0   14400      0
22      0      0   14400      0
23      0      0   14400      0
24      0      0   14400      0
25      0      0   14400      0
26      0      0   14400      0
27      0      0   14400      0
28      0      0   14400      0
29      0      0   14400      0
30      0      0   14400      0
;

precio [*] :=
Cuarto  200
Entero  750
 Medio  592
Octavo  100
;

P [*,*] (tr)
:  Cuarto Entero   Medio Octavo    :=
1    1500   1500   15900   1500
2    2000   2000   16400   2000
3    2500   2500   16900   2500
4    3000   3000   17400   3000
5    3500   3500   17900   3500
6    3500   3500   17900   3500
7    3500   3500   17900   3500
8       0      0   14400      0
9       0      0   14400      0
10      0      0   14400      0
11      0      0   14400      0
12      0      0   14400      0
13      0      0   14400      0
14      0      0   14400      0
15      0      0   14400      0
16      0      0   14400      0
17      0      0   14400      0
18      0      0   14400      0
19      0      0   14400      0
20      0      0   14400      0
21      0      0   14400      0
22      0      0   14400      0
23      0      0   14400      0
24      0      0   14400      0
25      0      0   14400      0
26      0      0   14400      0
27      0      0   14400      0
28      0      0   14400      0
29      0      0   14400      0
30      0      0   14400      0
;

precio [*] :=
Cuarto  200
Entero  750
 Medio  596
Octavo  100
;

P [*,*] (tr)
:  Cuarto Entero   Medio Octavo    :=
1    1500   1500   15900   1500
2    2000   2000   16400   2000
3    2500   2500   16900   2500
4    3000   3000   17400   3000
5    3500   3500   17900   3500
6    3500   3500   17900   3500
7    3500   3500   17900   3500
8       0      0   14400      0
9       0      0   14400      0
10      0      0   14400      0
11      0      0   14400      0
12      0      0   14400      0
13      0      0   14400      0
14      0      0   14400      0
15      0      0   14400      0
16      0      0   14400      0
17      0      0   14400      0
18      0      0   14400      0
19      0      0   14400      0
20      0      0   14400      0
21      0      0   14400      0
22      0      0   14400      0
23      0      0   14400      0
24      0      0   14400      0
25      0      0   14400      0
26      0      0   14400      0
27      0      0   14400      0
28      0      0   14400      0
29      0      0   14400      0
30      0      0   14400      0
;

precio [*] :=
Cuarto  200
Entero  750
 Medio  600
Octavo  100
;

P [*,*] (tr)
:  Cuarto Entero   Medio Octavo    :=
1    1500   1500   15900   1500
2    2000   2000   16400   2000
3    2500   2500   16900   2500
4    3000   3000   17400   3000
5    3500   3500   17900   3500
6    3500   3500   17900   3500
7    3500   3500   17900   3500
8       0      0   14400      0
9       0      0   14400      0
10      0      0   14400      0
11      0      0   14400      0
12      0      0   14400      0
13      0      0   14400      0
14      0      0   14400      0
15      0      0   14400      0
16      0      0   14400      0
17      0      0   14400      0
18      0      0   14400      0
19      0      0   14400      0
20      0      0   14400      0
21      0      0   14400      0
22      0      0   14400      0
23      0      0   14400      0
24      0      0   14400      0
25      0      0   14400      0
26      0      0   14400      0
27      0      0   14400      0
28      0      0   14400      0
29      0      0   14400      0
30      0      0   14400      0
;

