por_ap [*] :=
 p1  0.40
p10  0.40
 p2  0.40
 p3  0.40
 p4  0.40
 p5  0.40
 p6  0.40
 p7  0.40
 p8  0.40
 p9  0.40
;

TInv [*,*] (tr)
:     Cuarto    Entero     Medio     Octavo     :=
1        0.00      0.00   3564.01    5975.62
2     9547.46      0.00   1907.88    2011.12
3        0.00      0.00      0.00   45468.88
4    19412.26      0.00      0.00       0.00
5    23888.52      0.00      0.00       0.00
6    25235.06      0.00      0.00       0.00
7        0.00   7200.00      0.00       0.00
8        0.00      0.00      0.00   41258.89
9    11200.45      0.00   4414.45       0.00
10       0.00      0.00      0.00   47700.88
11       0.00   5708.80      0.00       0.00
12    9953.35      0.00   4285.48       0.00
13       0.00      0.00      0.00   47891.01
14    7188.32      0.00   4780.07       0.00
15       0.00   5752.84      0.00       0.00
16   17111.73      0.00      0.00       0.00
17    8950.90      0.00   3892.95       0.00
18    9569.45      0.00   4736.16       0.00
19       0.00      0.00      0.00   41304.06
20       0.00   6073.51      0.00       0.00
21    3131.98      0.00   3986.73       0.00
22     693.06      0.00   2905.56   11398.60
23   18062.32      0.00      0.00       0.00
24       0.00      0.00      0.00   40796.38
25    7178.15      0.00   3760.64       0.00
26       0.00   3309.67      0.00   10563.95
27    1215.15      0.00   3795.23       0.00
28   13228.96      0.00      0.00       0.00
29     414.41      0.00      0.00    4512.32
30       0.00      0.00      0.00       0.00
;

por_ap [*] :=
 p1  0.40
p10  0.40
 p2  0.40
 p3  0.40
 p4  0.40
 p5  0.41
 p6  0.40
 p7  0.40
 p8  0.40
 p9  0.40
;

TInv [*,*] (tr)
:     Cuarto    Entero     Medio     Octavo     :=
1        0.00      0.00   3563.00    5982.09
2     9591.02      0.00   1637.69    1215.30
3        0.00      0.00      0.00   45102.49
4    19412.26      0.00      0.00       0.00
5    23493.39      0.00      0.00       0.00
6    25112.29      0.00      0.00       0.00
7        0.00   7200.00      0.00       0.00
8        0.00      0.00      0.00   41258.89
9    11143.65      0.00   4739.12       0.00
10       0.00      0.00      0.00   46626.80
11       0.00   5888.98      0.00       0.00
12    9006.33      0.00   4285.48       0.00
13       0.00      0.00      0.00   47767.06
14    7154.64      0.00   4773.74       0.00
15       0.00   5994.85      0.00       0.00
16   17112.92      0.00      0.00       0.00
17    9048.59      0.00   3893.14       0.00
18    9561.87      0.00   4931.49       0.00
19       0.00      0.00      0.00   41301.49
20       0.00   6038.87      0.00       0.00
21    3132.29      0.00   4312.79       0.00
22     333.48      0.00   2903.71   11340.82
23   17900.69      0.00      0.00       0.00
24       0.00      0.00      0.00   40859.08
25    7155.39      0.00   3765.16       0.00
26       0.00   3297.34      0.00   10849.07
27    1166.21      0.00   3919.02       0.00
28   12819.35      0.00      0.00       0.00
29    1056.08      0.00      0.00    4628.07
30       0.00      0.00      0.00       0.00
;

por_ap [*] :=
 p1  0.40
p10  0.40
 p2  0.40
 p3  0.40
 p4  0.40
 p5  0.42
 p6  0.40
 p7  0.40
 p8  0.40
 p9  0.40
;

TInv [*,*] (tr)
:     Cuarto    Entero     Medio     Octavo     :=
1        0.00      0.00   3562.00    5988.68
2     9634.87      0.00   1652.62    1031.22
3        0.00      0.00      0.00   45062.38
4    19412.26      0.00      0.00       0.00
5    23307.27      0.00      0.00       0.00
6    25090.02      0.00      0.00       0.00
7        0.00   7200.00      0.00       0.00
8        0.00      0.00      0.00   41258.89
9    11135.91      0.00   4737.94       0.00
10       0.00      0.00      0.00   46040.38
11       0.00   5893.75      0.00       0.00
12    8699.19      0.00   4285.48       0.00
13       0.00      0.00      0.00   47708.86
14    7144.96      0.00   4774.01       0.00
15       0.00   5996.71      0.00       0.00
16   17112.43      0.00      0.00       0.00
17    9131.79      0.00   3893.07       0.00
18    9560.51      0.00   4984.81       0.00
19       0.00      0.00      0.00   41302.49
20       0.00   6041.94      0.00       0.00
21    3132.73      0.00   4312.48       0.00
22     397.55      0.00   2905.00   11298.57
23   17880.79      0.00      0.00       0.00
24       0.00      0.00      0.00   40922.65
25    7144.59      0.00   3769.74       0.00
26       0.00   3284.83      0.00   11092.99
27    1116.59      0.00   3927.42       0.00
28   12795.01      0.00      0.00       0.00
29    1488.63      0.00      0.00    4745.49
30       0.00      0.00      0.00       0.00
;

por_ap [*] :=
 p1  0.40
p10  0.40
 p2  0.40
 p3  0.40
 p4  0.40
 p5  0.43
 p6  0.40
 p7  0.40
 p8  0.40
 p9  0.40
;

TInv [*,*] (tr)
:     Cuarto    Entero     Medio     Octavo     :=
1        0.00      0.00   3561.02    5995.40
2     9679.01      0.00   1787.16     522.37
3        0.00      0.00      0.00   45101.16
4    19412.26      0.00      0.00       0.00
5    23182.35      0.00      0.00       0.00
6    25071.72      0.00      0.00       0.00
7        0.00   7200.00      0.00       0.00
8        0.00      0.00      0.00   41258.89
9    11121.32      0.00   4783.97       0.00
10       0.00      0.00      0.00   45763.83
11       0.00   5851.43      0.00       0.00
12    8518.55      0.00   4285.48       0.00
13       0.00      0.00      0.00   47727.47
14    7156.65      0.00   4782.01       0.00
15       0.00   5987.86      0.00       0.00
16   17112.08      0.00      0.00       0.00
17    9193.98      0.00   3892.98       0.00
18    9559.15      0.00   4999.10       0.00
19       0.00      0.00      0.00   41303.65
20       0.00   6049.77      0.00       0.00
21    3132.12      0.00   4297.80       0.00
22     369.82      0.00   2906.38   11280.69
23   17876.43      0.00      0.00       0.00
24       0.00      0.00      0.00   40987.12
25    7156.50      0.00   3774.39       0.00
26       0.00   3272.15      0.00   11319.77
27    1066.28      0.00   3936.32       0.00
28   12950.27      0.00      0.00       0.00
29    1734.30      0.00      0.00    4864.62
30       0.00      0.00      0.00       0.00
;

por_ap [*] :=
 p1  0.40
p10  0.40
 p2  0.40
 p3  0.40
 p4  0.40
 p5  0.44
 p6  0.40
 p7  0.40
 p8  0.40
 p9  0.40
;

TInv [*,*] (tr)
:     Cuarto    Entero     Medio     Octavo     :=
1        0.00      0.00   3560.04    6002.26
2     9723.45      0.00   1776.84       0.16
3        0.00      0.00      0.00   45038.33
4    19412.26      0.00      0.00       0.00
5    23085.19      0.00      0.00       0.00
6    25074.67      0.00      0.00       0.00
7        0.00   7200.00      0.00       0.00
8        0.00      0.00      0.00   41258.89
9    11115.68      0.00   4774.93       0.00
10       0.00      0.00      0.00   45524.87
11       0.00   5847.89      0.00       0.00
12    8469.12      0.00   4285.48       0.00
13       0.00      0.00      0.00   47729.15
14    7159.04      0.00   4781.23       0.00
15       0.00   5986.02      0.00       0.00
16   17111.77      0.00      0.00       0.00
17    9251.90      0.00   3892.96       0.00
18    9558.76      0.00   5006.76       0.00
19       0.00      0.00      0.00   41303.99
20       0.00   6048.30      0.00       0.00
21    3132.01      0.00   4303.05       0.00
22     386.06      0.00   2906.50   11260.41
23   17878.35      0.00      0.00       0.00
24       0.00      0.00      0.00   41052.49
25    7161.62      0.00   3779.11       0.00
26       0.00   3259.29      0.00   11551.51
27    1015.27      0.00   3944.27       0.00
28   13116.06      0.00      0.00       0.00
29    1862.64      0.00      0.00    4985.48
30       0.00      0.00      0.00       0.00
;

por_ap [*] :=
 p1  0.40
p10  0.40
 p2  0.40
 p3  0.40
 p4  0.40
 p5  0.45
 p6  0.40
 p7  0.40
 p8  0.40
 p9  0.40
;

TInv [*,*] (tr)
:     Cuarto    Entero     Medio     Octavo     :=
1        0.00      0.00   3555.75    5318.69
2    11389.79      0.00      0.00    2915.20
3        0.00      0.00      0.00   45098.79
4    19419.16      0.00      0.00       0.00
5    23072.21      0.00      0.00       0.00
6    25071.53      0.00      0.00       0.00
7        0.00   6317.53   1764.94       0.00
8        0.00      0.00      0.00   41258.89
9    11111.89      0.00   4783.00       0.00
10       0.00      0.00      0.00   45505.01
11       0.00   5825.24      0.00       0.00
12    8445.97      0.00   4285.48       0.00
13       0.00      0.00      0.00   47737.88
14    7161.58      0.00   4783.05       0.00
15       0.00   5971.75      0.00       0.00
16   17112.66      0.00      0.00       0.00
17    9249.12      0.00   3893.10       0.00
18    9556.68      0.00   5006.05       0.00
19       0.00      0.00      0.00   41302.01
20       0.00   6034.27      0.00       0.00
21    3132.18      0.00   4295.04       0.00
22     349.73      0.00   2905.87   11262.54
23   17875.12      0.00      0.00       0.00
24       0.00      0.00      0.00   41118.77
25    7166.01      0.00   3783.89       0.00
26       0.00   3246.25      0.00   11739.40
27     963.55      0.00   3952.39       0.00
28   13293.49      0.00      0.00       0.00
29    1887.71      0.00      0.00    5108.11
30       0.00      0.00      0.00       0.00
;

por_ap [*] :=
 p1  0.40
p10  0.40
 p2  0.40
 p3  0.40
 p4  0.40
 p5  0.46
 p6  0.40
 p7  0.40
 p8  0.40
 p9  0.40
;

TInv [*,*] (tr)
:     Cuarto    Entero     Medio     Octavo     :=
1        0.00      0.00   3564.71    5507.19
2    11903.12      0.00      0.00    1342.66
3        0.00      0.00      0.00   44904.84
4    19449.78      0.00      0.00       0.00
5    23090.71      0.00      0.00       0.00
6    25079.56      0.00      0.00       0.00
7        0.00   6322.14   1755.72       0.00
8        0.00      0.00      0.00   41258.89
9    11111.36      0.00   4768.92       0.00
10       0.00      0.00      0.00   45513.45
11       0.00   5821.66      0.00       0.00
12    8493.93      0.00   4285.48       0.00
13       0.00      0.00      0.00   47690.89
14    7145.57      0.00   4775.58       0.00
15       0.00   5968.65      0.00       0.00
16   17113.28      0.00      0.00       0.00
17    9216.33      0.00   3893.19       0.00
18    9553.72      0.00   5012.26       0.00
19       0.00      0.00      0.00   41300.79
20       0.00   6024.47      0.00       0.00
21    3131.82      0.00   4317.04       0.00
22     350.92      0.00   2904.41   11261.16
23   17876.66      0.00      0.00       0.00
24       0.00      0.00      0.00   41185.99
25    7154.00      0.00   3788.75       0.00
26       0.00   3233.04      0.00   11899.97
27     911.11      0.00   3960.25       0.00
28   13457.62      0.00      0.00       0.00
29    1883.81      0.00      0.00    5232.53
30       0.00      0.00      0.00       0.00
;

por_ap [*] :=
 p1  0.40
p10  0.40
 p2  0.40
 p3  0.40
 p4  0.40
 p5  0.47
 p6  0.40
 p7  0.40
 p8  0.40
 p9  0.40
;

TInv [*,*] (tr)
:     Cuarto    Entero     Medio     Octavo     :=
1        0.00      0.00   3574.39    5705.10
2    12438.97      0.00      0.00    1470.19
3        0.00      0.00      0.00   45095.58
4    19430.37      0.00      0.00       0.00
5    23059.71      0.00      0.00       0.00
6    25065.46      0.00      0.00       0.00
7        0.00   6327.13   1745.74       0.00
8        0.00      0.00      0.00   41258.89
9    11103.75      0.00   4784.12       0.00
10       0.00      0.00      0.00   45518.81
11       0.00   5825.29      0.00       0.00
12    8448.28      0.00   4285.48       0.00
13       0.00      0.00      0.00   47722.03
14    7161.96      0.00   4783.16       0.00
15       0.00   5972.78      0.00       0.00
16   17113.30      0.00      0.00       0.00
17    9220.51      0.00   3893.20       0.00
18    9554.50      0.00   5006.04       0.00
19       0.00      0.00      0.00   41300.73
20       0.00   6037.24      0.00       0.00
21    3132.41      0.00   4293.12       0.00
22     345.62      0.00   2905.92   11263.81
23   17875.38      0.00      0.00       0.00
24       0.00      0.00      0.00   41254.15
25    7161.96      0.00   3793.67       0.00
26       0.00   3219.64      0.00   12083.03
27     857.93      0.00   3969.25       0.00
28   13649.17      0.00      0.00       0.00
29    1902.77      0.00      0.00    5358.79
30       0.00      0.00      0.00       0.00
;

por_ap [*] :=
 p1  0.40
p10  0.40
 p2  0.40
 p3  0.40
 p4  0.40
 p5  0.48
 p6  0.40
 p7  0.40
 p8  0.40
 p9  0.40
;

TInv [*,*] (tr)
:     Cuarto    Entero     Medio     Octavo     :=
1        0.00      0.00   3584.85    5913.03
2    12998.75      0.00      0.00    1127.03
3        0.00      0.00      0.00   45119.67
4    19438.36      0.00      0.00       0.00
5    23048.48      0.00      0.00       0.00
6    25059.22      0.00      0.00       0.00
7        0.00   6332.52   1734.95       0.00
8        0.00      0.00      0.00   41258.89
9    11102.45      0.00   4784.51       0.00
10       0.00      0.00      0.00   45519.28
11       0.00   5825.88      0.00       0.00
12    8430.28      0.00   4285.48       0.00
13       0.00      0.00      0.00   47738.15
14    7169.76      0.00   4784.64       0.00
15       0.00   5972.42      0.00       0.00
16   17112.98      0.00      0.00       0.00
17    9224.61      0.00   3893.15       0.00
18    9555.89      0.00   5007.02       0.00
19       0.00      0.00      0.00   41301.36
20       0.00   6036.16      0.00       0.00
21    3132.33      0.00   4293.87       0.00
22     345.18      0.00   2906.59   11267.16
23   17875.57      0.00      0.00       0.00
24       0.00      0.00      0.00   41323.28
25    7164.56      0.00   3798.67       0.00
26       0.00   3206.05      0.00   12262.25
27     804.02      0.00   3977.65       0.00
28   13831.77      0.00      0.00       0.00
29    1909.79      0.00      0.00    5486.90
30       0.00      0.00      0.00       0.00
;

por_ap [*] :=
 p1  0.40
p10  0.40
 p2  0.40
 p3  0.40
 p4  0.40
 p5  0.49
 p6  0.40
 p7  0.40
 p8  0.40
 p9  0.40
;

TInv [*,*] (tr)
:     Cuarto    Entero     Medio     Octavo     :=
1        0.00      0.00   3596.15    6131.61
2    13583.96      0.00      0.00     756.57
3        0.00      0.00      0.00   45127.49
4    19450.15      0.00      0.00       0.00
5    23047.78      0.00      0.00       0.00
6    25059.35      0.00      0.00       0.00
7        0.00   6338.34   1723.32       0.00
8        0.00      0.00      0.00   41258.89
9    11104.01      0.00   4784.12       0.00
10       0.00      0.00      0.00   45507.79
11       0.00   5825.43      0.00       0.00
12    8425.88      0.00   4285.48       0.00
13       0.00      0.00      0.00   47743.93
14    7170.51      0.00   4784.51       0.00
15       0.00   5971.67      0.00       0.00
16   17112.79      0.00      0.00       0.00
17    9227.80      0.00   3893.04       0.00
18    9554.99      0.00   5007.04       0.00
19       0.00      0.00      0.00   41302.89
20       0.00   6035.44      0.00       0.00
21    3132.15      0.00   4293.66       0.00
22     347.31      0.00   2906.83   11266.17
23   17875.49      0.00      0.00       0.00
24       0.00      0.00      0.00   41393.38
25    7166.21      0.00   3803.74       0.00
26       0.00   3192.27      0.00   12454.05
27     749.34      0.00   3986.05       0.00
28   14016.47      0.00      0.00       0.00
29    1902.07      0.00      0.00    5616.91
30       0.00      0.00      0.00       0.00
;

por_ap [*] :=
 p1  0.40
p10  0.40
 p2  0.40
 p3  0.40
 p4  0.40
 p5  0.50
 p6  0.40
 p7  0.40
 p8  0.40
 p9  0.40
;

TInv [*,*] (tr)
:     Cuarto    Entero     Medio     Octavo     :=
1        0.00      0.00   3613.05    6425.28
2    14363.47      0.00      0.00     184.87
3        0.00      0.00      0.00   45127.77
4    19484.48      0.00      0.00       0.00
5    23066.24      0.00      0.00       0.00
6    25069.92      0.00      0.00       0.00
7        0.00   6347.05   1705.90       0.00
8        0.00      0.00      0.00   41258.89
9    11118.04      0.00   4783.63       0.00
10       0.00      0.00      0.00   45499.52
11       0.00   5825.40      0.00       0.00
12    8448.27      0.00   4285.48       0.00
13       0.00      0.00      0.00   47745.56
14    7189.39      0.00   4784.19       0.00
15       0.00   5971.37      0.00       0.00
16   17132.54      0.00      0.00       0.00
17    9240.52      0.00   3894.15       0.00
18    9563.82      0.00   5007.79       0.00
19       0.00      0.00      0.00   41288.78
20       0.00   6035.14      0.00       0.00
21    3136.53      0.00   4295.89       0.00
22     342.99      0.00   2900.85   11303.32
23   17876.98      0.00      0.00       0.00
24       0.00      0.00      0.00   41464.48
25    7166.93      0.00   3808.89       0.00
26       0.00   3178.30      0.00   12649.12
27     693.90      0.00   3994.66       0.00
28   14203.22      0.00      0.00       0.00
29    1897.14      0.00      0.00    5748.85
30       0.00      0.00      0.00       0.00
;

por_ap [*] :=
 p1  0.40
p10  0.40
 p2  0.40
 p3  0.40
 p4  0.40
 p5  0.51
 p6  0.40
 p7  0.40
 p8  0.40
 p9  0.40
;

TInv [*,*] (tr)
:     Cuarto    Entero     Medio     Octavo     :=
1        0.00      0.00   3622.27    6614.61
2    14703.63      0.00      0.00       0.00
3        0.00      0.00      0.00   45127.19
4    19582.33      0.00      0.00       0.00
5    23137.29      0.00      0.00       0.00
6    25103.41      0.00      0.00       0.00
7        0.00   6351.81   1696.39       0.00
8        0.00      0.00      0.00   41258.89
9    11153.36      0.00   4775.97       0.00
10       0.00      0.00      0.00   45489.92
11       0.00   5827.61      0.00       0.00
12    8524.95      0.00   4285.48       0.00
13       0.00      0.00      0.00   47734.06
14    7209.00      0.00   4781.92       0.00
15       0.00   5972.21      0.00       0.00
16   17165.30      0.00      0.00       0.00
17    9268.45      0.00   3895.30       0.00
18    9579.37      0.00   5013.39       0.00
19       0.00      0.00      0.00   41274.03
20       0.00   6031.74      0.00       0.00
21    3152.10      0.00   4322.21       0.00
22     417.28      0.00   2894.06   11338.72
23   17886.37      0.00      0.00       0.00
24       0.00      0.00      0.00   41648.09
25    7162.93      0.00   3818.17       0.00
26       0.00   3142.23      0.00   13075.23
27     479.98      0.00   3928.47     542.52
28   15300.44      0.00      0.00       0.00
29       0.00      0.00      0.00   15068.75
30       0.00      0.00      0.00       0.00
;

por_ap [*] :=
 p1  0.40
p10  0.40
 p2  0.40
 p3  0.40
 p4  0.40
 p5  0.52
 p6  0.40
 p7  0.40
 p8  0.40
 p9  0.40
;

TInv [*,*] (tr)
:     Cuarto    Entero     Medio     Octavo     :=
1        0.00      0.00   3626.24    6732.80
2    14809.91      0.00      0.00       0.00
3        0.00      0.00      0.00   45127.19
4    19529.04      0.00      0.00       0.00
5    23104.78      0.00      0.00       0.00
6    25094.06      0.00      0.00       0.00
7        0.00   6353.85   1692.30       0.00
8        0.00      0.00      0.00   41258.89
9    11142.66      0.00   4784.13       0.00
10       0.00      0.00      0.00   45511.76
11       0.00   5826.07      0.00       0.00
12    8496.61      0.00   4285.48       0.00
13       0.00      0.00      0.00   47781.34
14    7212.59      0.00   4784.63       0.00
15       0.00   5971.94      0.00       0.00
16   17159.36      0.00      0.00       0.00
17    9266.98      0.00   3895.70       0.00
18    9578.54      0.00   5009.53       0.00
19       0.00      0.00      0.00   41268.88
20       0.00   6036.22      0.00       0.00
21    3144.06      0.00   4299.65       0.00
22     338.70      0.00   2892.08   11348.66
23   17878.65      0.00      0.00       0.00
24       0.00      0.00      0.00   41645.39
25    7175.98      0.00   3822.06       0.00
26       0.00   3142.76      0.00   13087.85
27     458.93      0.00   3881.99     542.70
28   15372.55      0.00      0.00       0.00
29       0.00      0.00      0.00   15163.03
30       0.00      0.00      0.00       0.00
;

por_ap [*] :=
 p1  0.40
p10  0.40
 p2  0.40
 p3  0.40
 p4  0.40
 p5  0.53
 p6  0.40
 p7  0.40
 p8  0.40
 p9  0.40
;

TInv [*,*] (tr)
:     Cuarto    Entero     Medio     Octavo     :=
1        0.00      0.00   3630.22    6850.88
2    14915.78      0.00      0.00       0.00
3        0.00      0.00      0.00   45127.19
4    19529.72      0.00      0.00       0.00
5    23098.34      0.00      0.00       0.00
6    25094.39      0.00      0.00       0.00
7        0.00   6355.90   1688.19       0.00
8        0.00      0.00      0.00   41258.89
9    11142.67      0.00   4784.61       0.00
10       0.00      0.00      0.00   45537.24
11       0.00   5825.63      0.00       0.00
12    8493.78      0.00   4285.48       0.00
13       0.00      0.00      0.00   47819.27
14    7221.27      0.00   4785.10       0.00
15       0.00   5971.77      0.00       0.00
16   17165.08      0.00      0.00       0.00
17    9266.40      0.00   3896.03       0.00
18    9580.61      0.00   5010.37       0.00
19       0.00      0.00      0.00   41264.68
20       0.00   6035.69      0.00       0.00
21    3145.00      0.00   4300.35       0.00
22     337.59      0.00   2890.38   11357.55
23   17879.52      0.00      0.00       0.00
24       0.00      0.00      0.00   41642.54
25    7183.95      0.00   3826.15       0.00
26       0.00   3143.32      0.00   13097.30
27     436.78      0.00   3886.12     551.60
28   15348.45      0.00      0.00       0.00
29       0.00      0.00      0.00   15262.19
30       0.00      0.00      0.00       0.00
;

por_ap [*] :=
 p1  0.40
p10  0.40
 p2  0.40
 p3  0.40
 p4  0.40
 p5  0.54
 p6  0.40
 p7  0.40
 p8  0.40
 p9  0.40
;

TInv [*,*] (tr)
:     Cuarto    Entero     Medio     Octavo     :=
1        0.00      0.00   3634.32    6970.43
2    15022.92      0.00      0.00       0.00
3        0.00      0.00      0.00   45127.19
4    19537.06      0.00      0.00       0.00
5    23098.84      0.00      0.00       0.00
6    25097.25      0.00      0.00       0.00
7        0.00   6358.02   1683.96       0.00
8        0.00      0.00      0.00   41258.89
9    11146.01      0.00   4784.61       0.00
10       0.00      0.00      0.00   45557.40
11       0.00   5824.64      0.00       0.00
12    8498.65      0.00   4285.48       0.00
13       0.00      0.00      0.00   47846.76
14    7228.86      0.00   4785.19       0.00
15       0.00   5971.44      0.00       0.00
16   17171.28      0.00      0.00       0.00
17    9267.16      0.00   3896.39       0.00
18    9583.73      0.00   5010.95       0.00
19       0.00      0.00      0.00   41260.08
20       0.00   6036.19      0.00       0.00
21    3147.47      0.00   4301.15       0.00
22     337.75      0.00   2888.56   11368.12
23   17880.24      0.00      0.00       0.00
24       0.00      0.00      0.00   41639.55
25    7189.32      0.00   3830.46       0.00
26       0.00   3143.91      0.00   13102.44
27     413.43      0.00   3890.96     563.48
28   15322.26      0.00      0.00       0.00
29       0.00      0.00      0.00   15366.78
30       0.00      0.00      0.00       0.00
;

por_ap [*] :=
 p1  0.40
p10  0.40
 p2  0.40
 p3  0.40
 p4  0.40
 p5  0.55
 p6  0.40
 p7  0.40
 p8  0.40
 p9  0.40
;

TInv [*,*] (tr)
:     Cuarto    Entero     Medio     Octavo     :=
1        0.00      0.00   3638.52    7090.98
2    15130.86      0.00      0.00       0.00
3        0.00      0.00      0.00   45127.19
4    19545.31      0.00      0.00       0.00
5    23100.58      0.00      0.00       0.00
6    25099.87      0.00      0.00       0.00
7        0.00   6360.18   1679.64       0.00
8        0.00      0.00      0.00   41258.89
9    11149.39      0.00   4784.67       0.00
10       0.00      0.00      0.00   45573.06
11       0.00   5824.99      0.00       0.00
12    8504.61      0.00   4285.48       0.00
13       0.00      0.00      0.00   47864.78
14    7236.29      0.00   4785.23       0.00
15       0.00   5971.56      0.00       0.00
16   17177.44      0.00      0.00       0.00
17    9267.15      0.00   3896.75       0.00
18    9587.14      0.00   5011.42       0.00
19       0.00      0.00      0.00   41255.46
20       0.00   6035.47      0.00       0.00
21    3147.97      0.00   4301.95       0.00
22     334.23      0.00   2886.78   11379.10
23   17880.64      0.00      0.00       0.00
24       0.00      0.00      0.00   41636.39
25    7192.44      0.00   3835.01       0.00
26       0.00   3144.53      0.00   13098.06
27     388.78      0.00   3895.92     570.02
28   15294.87      0.00      0.00       0.00
29       0.00      0.00      0.00   15477.23
30       0.00      0.00      0.00       0.00
;

por_ap [*] :=
 p1  0.40
p10  0.40
 p2  0.40
 p3  0.40
 p4  0.40
 p5  0.56
 p6  0.40
 p7  0.40
 p8  0.40
 p9  0.40
;

TInv [*,*] (tr)
:     Cuarto    Entero     Medio     Octavo     :=
1        0.00      0.00   3642.81    7212.62
2    15239.65      0.00      0.00       0.00
3        0.00      0.00      0.00   45127.19
4    19553.42      0.00      0.00       0.00
5    23106.03      0.00      0.00       0.00
6    25103.09      0.00      0.00       0.00
7        0.00   6362.39   1675.21       0.00
8        0.00      0.00      0.00   41258.89
9    11151.95      0.00   4783.22       0.00
10       0.00      0.00      0.00   45584.17
11       0.00   5826.24      0.00       0.00
12    8510.86      0.00   4285.48       0.00
13       0.00      0.00      0.00   47881.82
14    7237.90      0.00   4784.65       0.00
15       0.00   5971.76      0.00       0.00
16   17184.50      0.00      0.00       0.00
17    9270.28      0.00   3897.11       0.00
18    9588.86      0.00   5011.28       0.00
19       0.00      0.00      0.00   41250.79
20       0.00   6036.21      0.00       0.00
21    3149.36      0.00   4302.74       0.00
22     333.39      0.00   2884.00   11391.93
23   17879.87      0.00      0.00       0.00
24       0.00      0.00      0.00   41633.06
25    7193.81      0.00   3839.83       0.00
26       0.00   3145.18      0.00   13110.92
27     362.75      0.00   3900.95     585.55
28   15265.16      0.00      0.00       0.00
29       0.00      0.00      0.00   15593.96
30       0.00      0.00      0.00       0.00
;

por_ap [*] :=
 p1  0.40
p10  0.40
 p2  0.40
 p3  0.40
 p4  0.40
 p5  0.57
 p6  0.40
 p7  0.40
 p8  0.40
 p9  0.40
;

TInv [*,*] (tr)
:     Cuarto    Entero     Medio     Octavo     :=
1        0.00      0.00   3647.21    7335.37
2    15349.34      0.00      0.00       0.00
3        0.00      0.00      0.00   45127.19
4    19562.51      0.00      0.00       0.00
5    23114.97      0.00      0.00       0.00
6    25107.66      0.00      0.00       0.00
7        0.00   6364.66   1670.68       0.00
8        0.00      0.00      0.00   41258.89
9    11156.09      0.00   4782.35       0.00
10       0.00      0.00      0.00   45586.23
11       0.00   5826.89      0.00       0.00
12    8519.48      0.00   4285.48       0.00
13       0.00      0.00      0.00   47887.94
14    7240.05      0.00   4784.37       0.00
15       0.00   5971.92      0.00       0.00
16   17191.80      0.00      0.00       0.00
17    9276.64      0.00   3897.49       0.00
18    9590.84      0.00   5011.26       0.00
19       0.00      0.00      0.00   41246.03
20       0.00   6036.76      0.00       0.00
21    3155.37      0.00   4303.64       0.00
22     336.90      0.00   2881.55   11404.31
23   17879.57      0.00      0.00       0.00
24       0.00      0.00      0.00   41629.54
25    7193.25      0.00   3844.92       0.00
26       0.00   3145.87      0.00   13114.88
27     335.23      0.00   3906.68     601.28
28   15238.16      0.00      0.00       0.00
29       0.00      0.00      0.00   15717.49
30       0.00      0.00      0.00       0.00
;

por_ap [*] :=
 p1  0.40
p10  0.40
 p2  0.40
 p3  0.40
 p4  0.40
 p5  0.58
 p6  0.40
 p7  0.40
 p8  0.40
 p9  0.40
;

TInv [*,*] (tr)
:     Cuarto    Entero     Medio     Octavo     :=
1        0.00      0.00   3651.70    7459.24
2    15459.90      0.00      0.00       0.00
3        0.00      0.00      0.00   45127.19
4    19571.33      0.00      0.00       0.00
5    23122.80      0.00      0.00       0.00
6    25111.71      0.00      0.00       0.00
7        0.00   6366.98   1666.04       0.00
8        0.00      0.00      0.00   41258.89
9    11160.75      0.00   4782.02       0.00
10       0.00      0.00      0.00   45582.10
11       0.00   5826.90      0.00       0.00
12    8527.63      0.00   4285.48       0.00
13       0.00      0.00      0.00   47884.79
14    7244.85      0.00   4784.25       0.00
15       0.00   5971.68      0.00       0.00
16   17198.88      0.00      0.00       0.00
17    9282.06      0.00   3897.86       0.00
18    9593.26      0.00   5011.37       0.00
19       0.00      0.00      0.00   41241.21
20       0.00   6037.12      0.00       0.00
21    3159.85      0.00   4304.57       0.00
22     338.25      0.00   2879.56   11416.12
23   17880.11      0.00      0.00       0.00
24       0.00      0.00      0.00   41625.83
25    7191.55      0.00   3850.31       0.00
26       0.00   3146.60      0.00   13109.48
27     306.09      0.00   3912.71     613.51
28   15202.32      0.00      0.00       0.00
29       0.00      0.00      0.00   15848.33
30       0.00      0.00      0.00       0.00
;

por_ap [*] :=
 p1  0.40
p10  0.40
 p2  0.40
 p3  0.40
 p4  0.40
 p5  0.59
 p6  0.40
 p7  0.40
 p8  0.40
 p9  0.40
;

TInv [*,*] (tr)
:     Cuarto    Entero     Medio     Octavo     :=
1        0.00      0.00   3656.30    7584.14
2    15571.28      0.00      0.00       0.00
3        0.00      0.00      0.00   45127.19
4    19580.03      0.00      0.00       0.00
5    23129.83      0.00      0.00       0.00
6    25115.33      0.00      0.00       0.00
7        0.00   6369.35   1661.31       0.00
8        0.00      0.00      0.00   41258.89
9    11165.22      0.00   4781.94       0.00
10       0.00      0.00      0.00   45579.33
11       0.00   5826.85      0.00       0.00
12    8535.17      0.00   4285.48       0.00
13       0.00      0.00      0.00   47882.35
14    7250.43      0.00   4784.22       0.00
15       0.00   5971.47      0.00       0.00
16   17205.59      0.00      0.00       0.00
17    9286.54      0.00   3898.24       0.00
18    9595.72      0.00   5011.55       0.00
19       0.00      0.00      0.00   41236.39
20       0.00   6037.38      0.00       0.00
21    3161.94      0.00   4305.40       0.00
22     337.24      0.00   2877.60   11427.91
23   17880.61      0.00      0.00       0.00
24       0.00      0.00      0.00   41621.90
25    7190.11      0.00   3856.03       0.00
26       0.00   3147.38      0.00   13102.45
27     275.22      0.00   3918.94     625.66
28   15167.94      0.00      0.00       0.00
29       0.00      0.00      0.00   15987.07
30       0.00      0.00      0.00       0.00
;

por_ap [*] :=
 p1  0.40
p10  0.40
 p2  0.40
 p3  0.40
 p4  0.40
 p5  0.60
 p6  0.40
 p7  0.40
 p8  0.40
 p9  0.40
;

TInv [*,*] (tr)
:     Cuarto    Entero     Medio     Octavo     :=
1        0.00      0.00   3660.99    7710.15
2    15683.52      0.00      0.00       0.00
3        0.00      0.00      0.00   45127.19
4    19588.99      0.00      0.00       0.00
5    23136.22      0.00      0.00       0.00
6    25118.64      0.00      0.00       0.00
7        0.00   6371.77   1656.46       0.00
8        0.00      0.00      0.00   41258.89
9    11169.33      0.00   4781.94       0.00
10       0.00      0.00      0.00   45578.88
11       0.00   5827.01      0.00       0.00
12    8542.05      0.00   4285.48       0.00
13       0.00      0.00      0.00   47882.24
14    7256.33      0.00   4784.26       0.00
15       0.00   5971.54      0.00       0.00
16   17212.26      0.00      0.00       0.00
17    9290.71      0.00   3898.62       0.00
18    9598.38      0.00   5011.81       0.00
19       0.00      0.00      0.00   41231.53
20       0.00   6037.54      0.00       0.00
21    3164.38      0.00   4306.16       0.00
22     336.58      0.00   2875.60   11439.71
23   17881.07      0.00      0.00       0.00
24       0.00      0.00      0.00   41617.74
25    7189.07      0.00   3862.10       0.00
26       0.00   3148.19      0.00   13094.92
27     242.48      0.00   3925.46     639.50
28   15131.59      0.00      0.00       0.00
29       0.00      0.00      0.00   16134.33
30       0.00      0.00      0.00       0.00
;

por_ap [*] :=
 p1  0.40
p10  0.40
 p2  0.40
 p3  0.40
 p4  0.40
 p5  0.61
 p6  0.40
 p7  0.40
 p8  0.40
 p9  0.40
;

TInv [*,*] (tr)
:     Cuarto    Entero     Medio     Octavo     :=
1        0.00      0.00   3665.79    7837.28
2    15796.64      0.00      0.00       0.00
3        0.00      0.00      0.00   45127.19
4    19597.58      0.00      0.00       0.00
5    23141.66      0.00      0.00       0.00
6    25121.56      0.00      0.00       0.00
7        0.00   6374.24   1651.51       0.00
8        0.00      0.00      0.00   41258.89
9    11172.93      0.00   4781.94       0.00
10       0.00      0.00      0.00   45580.77
11       0.00   5827.38      0.00       0.00
12    8548.14      0.00   4285.48       0.00
13       0.00      0.00      0.00   47884.65
14    7262.37      0.00   4784.34       0.00
15       0.00   5971.75      0.00       0.00
16   17219.01      0.00      0.00       0.00
17    9294.93      0.00   3899.00       0.00
18    9601.31      0.00   5012.13       0.00
19       0.00      0.00      0.00   41226.63
20       0.00   6037.72      0.00       0.00
21    3166.98      0.00   4306.90       0.00
22     336.02      0.00   2873.59   11451.46
23   17881.51      0.00      0.00       0.00
24       0.00      0.00      0.00   41613.34
25    7188.35      0.00   3868.55       0.00
26       0.00   3149.06      0.00   13086.40
27     207.72      0.00   3932.36     654.95
28   15093.02      0.00      0.00       0.00
29       0.00      0.00      0.00   16290.81
30       0.00      0.00      0.00       0.00
;

por_ap [*] :=
 p1  0.40
p10  0.40
 p2  0.40
 p3  0.40
 p4  0.40
 p5  0.62
 p6  0.40
 p7  0.40
 p8  0.40
 p9  0.40
;

TInv [*,*] (tr)
:     Cuarto    Entero     Medio     Octavo     :=
1        0.00      0.00   3670.70    7965.53
2    15910.64      0.00      0.00       0.00
3        0.00      0.00      0.00   45127.19
4    19606.00      0.00      0.00       0.00
5    23146.17      0.00      0.00       0.00
6    25124.09      0.00      0.00       0.00
7        0.00   6376.77   1646.45       0.00
8        0.00      0.00      0.00   41258.89
9    11176.03      0.00   4781.95       0.00
10       0.00      0.00      0.00   45584.95
11       0.00   5827.93      0.00       0.00
12    8553.49      0.00   4285.48       0.00
13       0.00      0.00      0.00   47889.63
14    7268.52      0.00   4784.47       0.00
15       0.00   5972.07      0.00       0.00
16   17225.80      0.00      0.00       0.00
17    9299.23      0.00   3899.39       0.00
18    9604.49      0.00   5012.48       0.00
19       0.00      0.00      0.00   41221.68
20       0.00   6037.91      0.00       0.00
21    3169.76      0.00   4307.61       0.00
22     335.57      0.00   2871.58   11463.18
23   17881.93      0.00      0.00       0.00
24       0.00      0.00      0.00   41608.67
25    7187.84      0.00   3875.40       0.00
26       0.00   3149.98      0.00   13076.27
27     170.78      0.00   3939.65     672.26
28   15052.07      0.00      0.00       0.00
29       0.00      0.00      0.00   16457.25
30       0.00      0.00      0.00       0.00
;

por_ap [*] :=
 p1  0.40
p10  0.40
 p2  0.40
 p3  0.40
 p4  0.40
 p5  0.63
 p6  0.40
 p7  0.40
 p8  0.40
 p9  0.40
;

TInv [*,*] (tr)
:     Cuarto    Entero     Medio     Octavo     :=
1        0.00      0.00   3675.71    8094.92
2    16025.52      0.00      0.00       0.00
3        0.00      0.00      0.00   45127.19
4    19614.70      0.00      0.00       0.00
5    23150.56      0.00      0.00       0.00
6    25126.55      0.00      0.00       0.00
7        0.00   6379.36   1641.28       0.00
8        0.00      0.00      0.00   41258.89
9    11179.19      0.00   4781.97       0.00
10       0.00      0.00      0.00   45589.48
11       0.00   5828.31      0.00       0.00
12    8559.07      0.00   4285.48       0.00
13       0.00      0.00      0.00   47894.82
14    7274.85      0.00   4784.57       0.00
15       0.00   5972.28      0.00       0.00
16   17232.73      0.00      0.00       0.00
17    9303.65      0.00   3899.78       0.00
18    9607.89      0.00   5012.83       0.00
19       0.00      0.00      0.00   41216.71
20       0.00   6038.10      0.00       0.00
21    3172.53      0.00   4308.36       0.00
22     335.06      0.00   2869.58   11474.99
23   17882.39      0.00      0.00       0.00
24       0.00      0.00      0.00   41603.71
25    7187.28      0.00   3882.70       0.00
26       0.00   3150.95      0.00   13063.89
27     131.50      0.00   3947.49     689.90
28   15008.59      0.00      0.00       0.00
29       0.00      0.00      0.00   16634.46
30       0.00      0.00      0.00       0.00
;

por_ap [*] :=
 p1  0.40
p10  0.40
 p2  0.40
 p3  0.40
 p4  0.40
 p5  0.64
 p6  0.40
 p7  0.40
 p8  0.40
 p9  0.40
;

TInv [*,*] (tr)
:     Cuarto    Entero     Medio     Octavo     :=
1        0.00      0.00   3680.83    8225.45
2    16141.30      0.00      0.00       0.00
3        0.00      0.00      0.00   45127.19
4    19623.71      0.00      0.00       0.00
5    23155.31      0.00      0.00       0.00
6    25129.14      0.00      0.00       0.00
7        0.00   6382.00   1636.00       0.00
8        0.00      0.00      0.00   41258.89
9    11182.48      0.00   4782.00       0.00
10       0.00      0.00      0.00   45592.52
11       0.00   5828.55      0.00       0.00
12    8565.17      0.00   4285.48       0.00
13       0.00      0.00      0.00   47898.25
14    7281.24      0.00   4784.64       0.00
15       0.00   5972.42      0.00       0.00
16   17239.85      0.00      0.00       0.00
17    9307.89      0.00   3900.17       0.00
18    9611.30      0.00   5013.15       0.00
19       0.00      0.00      0.00   41211.69
20       0.00   6038.41      0.00       0.00
21    3174.90      0.00   4309.14       0.00
22     334.13      0.00   2867.57   11487.02
23   17882.84      0.00      0.00       0.00
24       0.00      0.00      0.00   41598.45
25    7186.73      0.00   3890.47       0.00
26       0.00   3151.98      0.00   13051.07
27      89.69      0.00   3955.89     707.07
28   14962.39      0.00      0.00       0.00
29       0.00      0.00      0.00   16823.29
30       0.00      0.00      0.00       0.00
;

por_ap [*] :=
 p1  0.40
p10  0.40
 p2  0.40
 p3  0.40
 p4  0.40
 p5  0.65
 p6  0.40
 p7  0.40
 p8  0.40
 p9  0.40
;

TInv [*,*] (tr)
:     Cuarto    Entero     Medio     Octavo     :=
1        0.00      0.00   3686.06    8357.15
2    16257.99      0.00      0.00       0.00
3        0.00      0.00      0.00   45127.19
4    19633.33      0.00      0.00       0.00
5    23160.72      0.00      0.00       0.00
6    25132.05      0.00      0.00       0.00
7        0.00   6384.70   1630.61       0.00
8        0.00      0.00      0.00   41258.89
9    11186.29      0.00   4782.00       0.00
10       0.00      0.00      0.00   45595.01
11       0.00   5828.53      0.00       0.00
12    8572.17      0.00   4285.48       0.00
13       0.00      0.00      0.00   47901.00
14    7287.82      0.00   4784.65       0.00
15       0.00   5972.37      0.00       0.00
16   17246.83      0.00      0.00       0.00
17    9311.63      0.00   3900.56       0.00
18    9614.57      0.00   5013.46       0.00
19       0.00      0.00      0.00   41206.63
20       0.00   6038.58      0.00       0.00
21    3177.90      0.00   4309.96       0.00
22     333.91      0.00   2865.49   11499.26
23   17883.30      0.00      0.00       0.00
24       0.00      0.00      0.00   41593.00
25    7186.28      0.00   3898.73       0.00
26       0.00   3153.05      0.00   13039.22
27      45.50      0.00   3964.68     726.40
28   14913.32      0.00      0.00       0.00
29       0.00      0.00      0.00   17024.29
30       0.00      0.00      0.00       0.00
;

por_ap [*] :=
 p1  0.40
p10  0.40
 p2  0.40
 p3  0.40
 p4  0.40
 p5  0.66
 p6  0.40
 p7  0.40
 p8  0.40
 p9  0.40
;

TInv [*,*] (tr)
:     Cuarto    Entero     Medio     Octavo     :=
1        0.00      0.00   3691.41    8490.02
2    16375.59      0.00      0.00       0.00
3        0.00      0.00      0.00   45127.19
4    19643.04      0.00      0.00       0.00
5    23166.01      0.00      0.00       0.00
6    25134.87      0.00      0.00       0.00
7        0.00   6387.45   1625.10       0.00
8        0.00      0.00      0.00   41258.89
9    11189.93      0.00   4782.00       0.00
10       0.00      0.00      0.00   45598.21
11       0.00   5828.44      0.00       0.00
12    8578.99      0.00   4285.48       0.00
13       0.00      0.00      0.00   47904.42
14    7294.61      0.00   4784.67       0.00
15       0.00   5972.26      0.00       0.00
16   17253.85      0.00      0.00       0.00
17    9314.51      0.00   3900.96       0.00
18    9617.65      0.00   5013.78       0.00
19       0.00      0.00      0.00   41201.53
20       0.00   6038.80      0.00       0.00
21    3180.53      0.00   4310.77       0.00
22     333.23      0.00   2863.39   11511.75
23   17883.78      0.00      0.00       0.00
24       0.00      0.00      0.00   41589.94
25    7186.06      0.00   3906.90       0.00
26       0.00   3153.70      0.00   13035.00
27       4.49      0.00   3975.78     738.80
28   14864.01      0.00      0.00       0.00
29       0.00      0.00      0.00   17229.72
30       0.00      0.00      0.00       0.00
;

por_ap [*] :=
 p1  0.40
p10  0.40
 p2  0.40
 p3  0.40
 p4  0.40
 p5  0.67
 p6  0.40
 p7  0.40
 p8  0.40
 p9  0.40
;

TInv [*,*] (tr)
:     Cuarto    Entero     Medio     Octavo     :=
1        0.00      0.00   3696.86    8624.07
2    16494.12      0.00      0.00       0.00
3        0.00      0.00      0.00   45127.19
4    19653.14      0.00      0.00       0.00
5    23171.59      0.00      0.00       0.00
6    25137.70      0.00      0.00       0.00
7        0.00   6390.27   1619.47       0.00
8        0.00      0.00      0.00   41258.89
9    11193.53      0.00   4782.04       0.00
10       0.00      0.00      0.00   45600.73
11       0.00   5828.27      0.00       0.00
12    8585.98      0.00   4285.48       0.00
13       0.00      0.00      0.00   47907.08
14    7301.58      0.00   4784.67       0.00
15       0.00   5972.11      0.00       0.00
16   17260.96      0.00      0.00       0.00
17    9316.76      0.00   3901.36       0.00
18    9620.58      0.00   5014.11       0.00
19       0.00      0.00      0.00   41196.40
20       0.00   6038.92      0.00       0.00
21    3185.78      0.00   4311.56       0.00
22     335.09      0.00   2861.28   11524.59
23   17884.23      0.00      0.00       0.00
24       0.00      0.00      0.00   41598.64
25    7185.84      0.00   3912.76       0.00
26       0.00   3151.95      0.00   13059.10
27       0.05      0.00   3994.25     709.07
28   14824.02      0.00      0.00       0.00
29       0.00      0.00      0.00   17412.02
30       0.00      0.00      0.00       0.00
;

por_ap [*] :=
 p1  0.40
p10  0.40
 p2  0.40
 p3  0.40
 p4  0.40
 p5  0.68
 p6  0.40
 p7  0.40
 p8  0.40
 p9  0.40
;

TInv [*,*] (tr)
:     Cuarto    Entero     Medio     Octavo     :=
1        0.00      0.00   3702.44    8759.33
2    16613.58      0.00      0.00       0.00
3        0.00      0.00      0.00   45127.19
4    19663.81      0.00      0.00       0.00
5    23178.12      0.00      0.00       0.00
6    25139.56      0.00      0.00       0.00
7        0.00   6393.14   1613.72       0.00
8        0.00      0.00      0.00   41258.89
9    11196.89      0.00   4783.26       0.00
10       0.00      0.00      0.00   45582.96
11       0.00   5827.50      0.00       0.00
12    8594.11      0.00   4285.48       0.00
13       0.00      0.00      0.00   47886.09
14    7311.39      0.00   4784.17       0.00
15       0.00   5971.33      0.00       0.00
16   17266.28      0.00      0.00       0.00
17    9315.47      0.00   3901.77       0.00
18    9622.98      0.00   5014.14       0.00
19       0.00      0.00      0.00   41191.22
20       0.00   6036.40      0.00       0.00
21    3191.48      0.00   4312.16       0.00
22     337.15      0.00   2859.43   11540.29
23   17885.45      0.00      0.00       0.00
24       0.00      0.00      0.00   41610.05
25    7185.02      0.00   3918.37       0.00
26       0.00   3149.70      0.00   13089.98
27       0.00      0.00   4012.61     669.79
28   14784.66      0.00      0.00       0.00
29       0.00      0.00      0.00   17595.36
30       0.00      0.00      0.00       0.00
;

por_ap [*] :=
 p1  0.40
p10  0.40
 p2  0.40
 p3  0.40
 p4  0.40
 p5  0.69
 p6  0.40
 p7  0.40
 p8  0.40
 p9  0.40
;

TInv [*,*] (tr)
:     Cuarto    Entero     Medio     Octavo     :=
1        0.00      0.00   3708.12    8895.79
2    16733.99      0.00      0.00       0.00
3        0.00      0.00      0.00   45127.19
4    19673.41      0.00      0.00       0.00
5    23183.23      0.00      0.00       0.00
6    25140.65      0.00      0.00       0.00
7        0.00   6396.07   1607.85       0.00
8        0.00      0.00      0.00   41258.89
9    11200.34      0.00   4784.09       0.00
10       0.00      0.00      0.00   45565.42
11       0.00   5828.56      0.00       0.00
12    8600.54      0.00   4285.48       0.00
13       0.00      0.00      0.00   47863.68
14    7320.43      0.00   4784.03       0.00
15       0.00   5972.04      0.00       0.00
16   17271.67      0.00      0.00       0.00
17    9316.30      0.00   3902.18       0.00
18    9626.64      0.00   5014.20       0.00
19       0.00      0.00      0.00   41186.00
20       0.00   6035.16      0.00       0.00
21    3192.51      0.00   4312.75       0.00
22     334.56      0.00   2857.72   11557.29
23   17886.66      0.00      0.00       0.00
24       0.00      0.00      0.00   41622.03
25    7183.88      0.00   3924.25       0.00
26       0.00   3147.35      0.00   13115.90
27       0.00      0.00   4032.71     627.31
28   14743.39      0.00      0.00       0.00
29       0.00      0.00      0.00   17787.64
30       0.00      0.00      0.00       0.00
;

por_ap [*] :=
 p1  0.40
p10  0.40
 p2  0.40
 p3  0.40
 p4  0.40
 p5  0.70
 p6  0.40
 p7  0.40
 p8  0.40
 p9  0.40
;

TInv [*,*] (tr)
:     Cuarto    Entero     Medio     Octavo     :=
1        0.00      0.00   3713.93    9033.51
2    16855.37      0.00      0.00       0.00
3        0.00      0.00      0.00   45127.19
4    19681.38      0.00      0.00       0.00
5    23185.99      0.00      0.00       0.00
6    25140.59      0.00      0.00       0.00
7        0.00   6399.07   1601.86       0.00
8        0.00      0.00      0.00   41258.89
9    11202.62      0.00   4784.90       0.00
10       0.00      0.00      0.00   45551.54
11       0.00   5829.89      0.00       0.00
12    8604.50      0.00   4285.48       0.00
13       0.00      0.00      0.00   47844.65
14    7329.79      0.00   4784.27       0.00
15       0.00   5973.00      0.00       0.00
16   17276.88      0.00      0.00       0.00
17    9318.59      0.00   3902.59       0.00
18    9630.84      0.00   5014.37       0.00
19       0.00      0.00      0.00   41180.72
20       0.00   6034.79      0.00       0.00
21    3192.15      0.00   4313.22       0.00
22     330.39      0.00   2856.03   11575.09
23   17887.93      0.00      0.00       0.00
24       0.00      0.00      0.00   41634.63
25    7182.68      0.00   3930.42       0.00
26       0.00   3144.88      0.00   13136.50
27       0.00      0.00   4053.80     582.40
28   14700.10      0.00      0.00       0.00
29       0.00      0.00      0.00   17989.50
30       0.00      0.00      0.00       0.00
;

por_ap [*] :=
 p1  0.40
p10  0.40
 p2  0.40
 p3  0.40
 p4  0.40
 p5  0.71
 p6  0.40
 p7  0.40
 p8  0.40
 p9  0.40
;

TInv [*,*] (tr)
:     Cuarto    Entero     Medio     Octavo     :=
1        0.00      0.00   3719.86    9172.43
2    16977.68      0.00      0.00       0.00
3        0.00      0.00      0.00   45127.19
4    19689.24      0.00      0.00       0.00
5    23188.21      0.00      0.00       0.00
6    25140.67      0.00      0.00       0.00
7        0.00   6402.13   1595.74       0.00
8        0.00      0.00      0.00   41258.89
9    11204.58      0.00   4785.20       0.00
10       0.00      0.00      0.00   45541.21
11       0.00   5830.80      0.00       0.00
12    8607.75      0.00   4285.48       0.00
13       0.00      0.00      0.00   47830.50
14    7337.99      0.00   4784.53       0.00
15       0.00   5973.69      0.00       0.00
16   17282.87      0.00      0.00       0.00
17    9320.91      0.00   3903.00       0.00
18    9634.91      0.00   5014.59       0.00
19       0.00      0.00      0.00   41175.43
20       0.00   6034.82      0.00       0.00
21    3195.07      0.00   4313.76       0.00
22     329.75      0.00   2854.05   11592.23
23   17888.73      0.00      0.00       0.00
24       0.00      0.00      0.00   41647.85
25    7181.68      0.00   3936.90       0.00
26       0.00   3142.28      0.00   13157.94
27       0.00      0.00   4076.27     534.73
28   14654.67      0.00      0.00       0.00
29       0.00      0.00      0.00   18201.43
30       0.00      0.00      0.00       0.00
;

por_ap [*] :=
 p1  0.40
p10  0.40
 p2  0.40
 p3  0.40
 p4  0.40
 p5  0.72
 p6  0.40
 p7  0.40
 p8  0.40
 p9  0.40
;

TInv [*,*] (tr)
:     Cuarto    Entero     Medio     Octavo     :=
1        0.00      0.00   3725.91    9312.61
2    17100.96      0.00      0.00       0.00
3        0.00      0.00      0.00   45127.19
4    19699.59      0.00      0.00       0.00
5    23192.85      0.00      0.00       0.00
6    25142.29      0.00      0.00       0.00
7        0.00   6405.25   1589.50       0.00
8        0.00      0.00      0.00   41258.89
9    11208.53      0.00   4785.16       0.00
10       0.00      0.00      0.00   45532.40
11       0.00   5830.95      0.00       0.00
12    8613.85      0.00   4285.48       0.00
13       0.00      0.00      0.00   47818.05
14    7345.78      0.00   4784.57       0.00
15       0.00   5973.70      0.00       0.00
16   17290.40      0.00      0.00       0.00
17    9324.60      0.00   3903.42       0.00
18    9639.82      0.00   5014.90       0.00
19       0.00      0.00      0.00   41170.09
20       0.00   6034.84      0.00       0.00
21    3200.61      0.00   4314.70       0.00
22     331.96      0.00   2852.07   11608.87
23   17889.13      0.00      0.00       0.00
24       0.00      0.00      0.00   41661.57
25    7180.78      0.00   3943.63       0.00
26       0.00   3139.58      0.00   13179.13
27       0.00      0.00   4100.56     485.00
28   14607.43      0.00      0.00       0.00
29       0.00      0.00      0.00   18421.38
30       0.00      0.00      0.00       0.00
;

por_ap [*] :=
 p1  0.40
p10  0.40
 p2  0.40
 p3  0.40
 p4  0.40
 p5  0.73
 p6  0.40
 p7  0.40
 p8  0.40
 p9  0.40
;

TInv [*,*] (tr)
:     Cuarto    Entero     Medio     Octavo     :=
1        0.00      0.00   3732.09    9454.06
2    17225.22      0.00      0.00       0.00
3        0.00      0.00      0.00   45127.19
4    19714.51      0.00      0.00       0.00
5    23203.18      0.00      0.00       0.00
6    25149.02      0.00      0.00       0.00
7        0.00   6408.44   1583.13       0.00
8        0.00      0.00      0.00   41258.89
9    11216.41      0.00   4783.71       0.00
10       0.00      0.00      0.00   45538.79
11       0.00   5830.08      0.00       0.00
12    8625.40      0.00   4285.48       0.00
13       0.00      0.00      0.00   47829.28
14    7346.70      0.00   4784.76       0.00
15       0.00   5972.88      0.00       0.00
16   17299.85      0.00      0.00       0.00
17    9329.96      0.00   3903.84       0.00
18    9642.77      0.00   5015.37       0.00
19       0.00      0.00      0.00   41164.70
20       0.00   6037.20      0.00       0.00
21    3208.06      0.00   4315.86       0.00
22     336.82      0.00   2849.10   11619.24
23   17888.45      0.00      0.00       0.00
24       0.00      0.00      0.00   41667.77
25    7180.59      0.00   3946.70       0.00
26       0.00   3138.36      0.00   13199.19
27       0.00      0.00   4112.56     462.27
28   14580.19      0.00      0.00       0.00
29       0.00      0.00      0.00   18521.71
30       0.00      0.00      0.00       0.00
;

por_ap [*] :=
 p1  0.40
p10  0.40
 p2  0.40
 p3  0.40
 p4  0.40
 p5  0.74
 p6  0.40
 p7  0.40
 p8  0.40
 p9  0.40
;

TInv [*,*] (tr)
:     Cuarto    Entero     Medio     Octavo     :=
1        0.00      0.00   3738.39    9596.79
2    17350.48      0.00      0.00       0.00
3        0.00      0.00      0.00   45127.19
4    19741.58      0.00      0.00       0.00
5    23227.78      0.00      0.00       0.00
6    25162.35      0.00      0.00       0.00
7        0.00   6411.69   1576.63       0.00
8        0.00      0.00      0.00   41258.89
9    11238.50      0.00   4783.29       0.00
10       0.00      0.00      0.00   45522.68
11       0.00   5823.52      0.00       0.00
12    8657.24      0.00   4285.48       0.00
13       0.00      0.00      0.00   47805.61
14    7355.83      0.00   4783.00       0.00
15       0.00   5968.06      0.00       0.00
16   17310.61      0.00      0.00       0.00
17    9337.89      0.00   3904.26       0.00
18    9650.00      0.00   5015.31       0.00
19       0.00      0.00      0.00   41159.28
20       0.00   6036.86      0.00       0.00
21    3225.60      0.00   4318.63       0.00
22     351.89      0.00   2846.44   11633.68
23   17888.23      0.00      0.00       0.00
24       0.00      0.00      0.00   41667.86
25    7178.48      0.00   3946.71       0.00
26       0.00   3138.35      0.00   13181.06
27       0.00      0.00   4115.57     460.70
28   14569.84      0.00      0.00       0.00
29       0.00      0.00      0.00   18522.01
30       0.00      0.00      0.00       0.00
;

por_ap [*] :=
 p1  0.40
p10  0.40
 p2  0.40
 p3  0.40
 p4  0.40
 p5  0.75
 p6  0.40
 p7  0.40
 p8  0.40
 p9  0.40
;

TInv [*,*] (tr)
:     Cuarto    Entero     Medio     Octavo     :=
1        0.00      0.00   3744.82    9740.82
2    17476.74      0.00      0.00       0.00
3        0.00      0.00      0.00   45127.19
4    19758.17      0.00      0.00       0.00
5    23243.22      0.00      0.00       0.00
6    25169.86      0.00      0.00       0.00
7        0.00   6415.00   1569.99       0.00
8        0.00      0.00      0.00   41258.89
9    11250.40      0.00   4783.31       0.00
10       0.00      0.00      0.00   45511.74
11       0.00   5820.40      0.00       0.00
12    8674.43      0.00   4285.48       0.00
13       0.00      0.00      0.00   47789.40
14    7362.49      0.00   4782.87       0.00
15       0.00   5965.68      0.00       0.00
16   17318.08      0.00      0.00       0.00
17    9342.87      0.00   3904.69       0.00
18    9654.75      0.00   5015.31       0.00
19       0.00      0.00      0.00   41153.81
20       0.00   6039.56      0.00       0.00
21    3230.09      0.00   4319.49       0.00
22     352.76      0.00   2844.22   11647.89
23   17888.69      0.00      0.00       0.00
24       0.00      0.00      0.00   41667.86
25    7176.92      0.00   3946.71       0.00
26       0.00   3138.35      0.00   13166.00
27       0.00      0.00   4115.72     460.24
28   14559.36      0.00      0.00       0.00
29       0.00      0.00      0.00   18522.01
30       0.00      0.00      0.00       0.00
;

por_ap [*] :=
 p1  0.40
p10  0.40
 p2  0.40
 p3  0.40
 p4  0.40
 p5  0.76
 p6  0.40
 p7  0.40
 p8  0.40
 p9  0.40
;

TInv [*,*] (tr)
:     Cuarto    Entero     Medio     Octavo     :=
1        0.00      0.00   3751.38    9886.16
2    17604.01      0.00      0.00       0.00
3        0.00      0.00      0.00   45127.19
4    19772.54      0.00      0.00       0.00
5    23255.55      0.00      0.00       0.00
6    25175.50      0.00      0.00       0.00
7        0.00   6418.39   1563.22       0.00
8        0.00      0.00      0.00   41258.89
9    11258.49      0.00   4783.32       0.00
10       0.00      0.00      0.00   45504.09
11       0.00   5816.99      0.00       0.00
12    8686.42      0.00   4285.48       0.00
13       0.00      0.00      0.00   47778.05
14    7369.53      0.00   4782.87       0.00
15       0.00   5962.79      0.00       0.00
16   17325.68      0.00      0.00       0.00
17    9347.67      0.00   3905.12       0.00
18    9659.26      0.00   5015.51       0.00
19       0.00      0.00      0.00   41148.29
20       0.00   6044.54      0.00       0.00
21    3235.51      0.00   4320.36       0.00
22     354.67      0.00   2841.97   11661.89
23   17889.14      0.00      0.00       0.00
24       0.00      0.00      0.00   41667.86
25    7175.82      0.00   3946.71       0.00
26       0.00   3138.35      0.00   13153.29
27       0.00      0.00   4115.73     460.12
28   14548.71      0.00      0.00       0.00
29       0.00      0.00      0.00   18522.01
30       0.00      0.00      0.00       0.00
;

por_ap [*] :=
 p1  0.40
p10  0.40
 p2  0.40
 p3  0.40
 p4  0.40
 p5  0.77
 p6  0.40
 p7  0.40
 p8  0.40
 p9  0.40
;

TInv [*,*] (tr)
:     Cuarto    Entero     Medio     Octavo     :=
1        0.00      0.00   3758.07   10032.82
2    17732.30      0.00      0.00       0.00
3        0.00      0.00      0.00   45127.19
4    19784.79      0.00      0.00       0.00
5    23263.95      0.00      0.00       0.00
6    25178.96      0.00      0.00       0.00
7        0.00   6421.84   1556.31       0.00
8        0.00      0.00      0.00   41258.89
9    11262.38      0.00   4783.18       0.00
10       0.00      0.00      0.00   45501.47
11       0.00   5814.78      0.00       0.00
12    8693.45      0.00   4285.48       0.00
13       0.00      0.00      0.00   47773.86
14    7376.68      0.00   4782.98       0.00
15       0.00   5960.53      0.00       0.00
16   17333.33      0.00      0.00       0.00
17    9349.84      0.00   3905.56       0.00
18    9662.84      0.00   5015.80       0.00
19       0.00      0.00      0.00   41142.73
20       0.00   6050.97      0.00       0.00
21    3238.46      0.00   4321.07       0.00
22     353.96      0.00   2839.75   11675.62
23   17889.56      0.00      0.00       0.00
24       0.00      0.00      0.00   41667.86
25    7175.41      0.00   3946.71       0.00
26       0.00   3138.35      0.00   13147.44
27       0.00      0.00   4115.75     459.84
28   14537.88      0.00      0.00       0.00
29       0.00      0.00      0.00   18522.01
30       0.00      0.00      0.00       0.00
;

por_ap [*] :=
 p1  0.40
p10  0.40
 p2  0.40
 p3  0.40
 p4  0.40
 p5  0.78
 p6  0.40
 p7  0.40
 p8  0.40
 p9  0.40
;

TInv [*,*] (tr)
:     Cuarto    Entero     Medio     Octavo     :=
1        0.00      0.00   3757.46   10086.07
2    17784.72      0.00      0.00       0.00
3        0.00      0.00      0.00   45127.19
4    19790.28      0.00      0.00       0.00
5    23267.79      0.00      0.00       0.00
6    25180.05      0.00      0.00       0.00
7        0.00   6421.52   1556.95       0.00
8        0.00      0.00      0.00   41258.89
9    11262.78      0.00   4783.05       0.00
10       0.00      0.00      0.00   45500.66
11       0.00   5814.15      0.00       0.00
12    8695.13      0.00   4285.48       0.00
13       0.00      0.00      0.00   47772.72
14    7378.97      0.00   4783.07       0.00
15       0.00   5959.70      0.00       0.00
16   17336.78      0.00      0.00       0.00
17    9349.56      0.00   3905.73       0.00
18    9664.05      0.00   5015.96       0.00
19       0.00      0.00      0.00   41140.46
20       0.00   6055.06      0.00       0.00
21    3240.21      0.00   4321.27       0.00
22     354.20      0.00   2838.90   11680.81
23   17889.62      0.00      0.00       0.00
24       0.00      0.00      0.00   41667.86
25    7175.17      0.00   3946.71       0.00
26       0.00   3138.35      0.00   13144.96
27       0.00      0.00   4115.73     459.83
28   14526.86      0.00      0.00       0.00
29       0.00      0.00      0.00   18522.01
30       0.00      0.00      0.00       0.00
;

por_ap [*] :=
 p1  0.40
p10  0.40
 p2  0.40
 p3  0.40
 p4  0.40
 p5  0.79
 p6  0.40
 p7  0.40
 p8  0.40
 p9  0.40
;

TInv [*,*] (tr)
:     Cuarto    Entero     Medio     Octavo     :=
1        0.00      0.00   3751.74   10074.71
2    17784.72      0.00      0.00       0.00
3        0.00      0.00      0.00   45127.19
4    19790.71      0.00      0.00       0.00
5    23268.80      0.00      0.00       0.00
6    25179.92      0.00      0.00       0.00
7        0.00   6418.58   1562.85       0.00
8        0.00      0.00      0.00   41258.89
9    11261.72      0.00   4782.95       0.00
10       0.00      0.00      0.00   45500.51
11       0.00   5813.32      0.00       0.00
12    8694.15      0.00   4285.48       0.00
13       0.00      0.00      0.00   47772.65
14    7378.33      0.00   4783.11       0.00
15       0.00   5959.13      0.00       0.00
16   17337.30      0.00      0.00       0.00
17    9348.19      0.00   3905.73       0.00
18    9663.83      0.00   5015.99       0.00
19       0.00      0.00      0.00   41140.46
20       0.00   6057.05      0.00       0.00
21    3241.14      0.00   4321.24       0.00
22     355.17      0.00   2838.97   11680.17
23   17889.47      0.00      0.00       0.00
24       0.00      0.00      0.00   41667.86
25    7174.95      0.00   3946.71       0.00
26       0.00   3138.35      0.00   13143.35
27       0.00      0.00   4115.82     459.81
28   14515.66      0.00      0.00       0.00
29       0.00      0.00      0.00   18522.01
30       0.00      0.00      0.00       0.00
;

por_ap [*] :=
 p1  0.40
p10  0.40
 p2  0.40
 p3  0.40
 p4  0.40
 p5  0.80
 p6  0.40
 p7  0.40
 p8  0.40
 p9  0.40
;

TInv [*,*] (tr)
:     Cuarto    Entero     Medio     Octavo     :=
1        0.00      0.00   3746.00   10063.30
2    17784.72      0.00      0.00       0.00
3        0.00      0.00      0.00   45127.19
4    19790.78      0.00      0.00       0.00
5    23269.69      0.00      0.00       0.00
6    25179.99      0.00      0.00       0.00
7        0.00   6415.62   1568.77       0.00
8        0.00      0.00      0.00   41258.89
9    11261.17      0.00   4782.87       0.00
10       0.00      0.00      0.00   45500.56
11       0.00   5812.40      0.00       0.00
12    8693.74      0.00   4285.48       0.00
13       0.00      0.00      0.00   47772.88
14    7377.77      0.00   4783.11       0.00
15       0.00   5958.61      0.00       0.00
16   17337.88      0.00      0.00       0.00
17    9347.52      0.00   3905.73       0.00
18    9663.74      0.00   5016.02       0.00
19       0.00      0.00      0.00   41140.46
20       0.00   6057.99      0.00       0.00
21    3242.43      0.00   4321.29       0.00
22     356.52      0.00   2839.01   11679.42
23   17889.32      0.00      0.00       0.00
24       0.00      0.00      0.00   41667.86
25    7174.77      0.00   3946.71       0.00
26       0.00   3138.35      0.00   13142.62
27       0.00      0.00   4115.97     466.54
28   14504.26      0.00      0.00       0.00
29       0.00      0.00      0.00   18522.01
30       0.00      0.00      0.00       0.00
;

por_ap [*] :=
 p1  0.40
p10  0.40
 p2  0.40
 p3  0.40
 p4  0.40
 p5  0.81
 p6  0.40
 p7  0.40
 p8  0.40
 p9  0.40
;

TInv [*,*] (tr)
:     Cuarto    Entero     Medio     Octavo     :=
1        0.00      0.00   3740.24   10051.82
2    17784.72      0.00      0.00       0.00
3        0.00      0.00      0.00   45127.19
4    19790.74      0.00      0.00       0.00
5    23270.44      0.00      0.00       0.00
6    25180.14      0.00      0.00       0.00
7        0.00   6412.64   1574.72       0.00
8        0.00      0.00      0.00   41258.89
9    11260.86      0.00   4782.82       0.00
10       0.00      0.00      0.00   45500.69
11       0.00   5811.92      0.00       0.00
12    8693.59      0.00   4285.48       0.00
13       0.00      0.00      0.00   47773.28
14    7377.25      0.00   4783.11       0.00
15       0.00   5958.46      0.00       0.00
16   17338.30      0.00      0.00       0.00
17    9347.21      0.00   3905.73       0.00
18    9663.61      0.00   5016.03       0.00
19       0.00      0.00      0.00   41140.46
20       0.00   6057.84      0.00       0.00
21    3243.38      0.00   4321.30       0.00
22     357.54      0.00   2839.04   11678.62
23   17889.20      0.00      0.00       0.00
24       0.00      0.00      0.00   41667.86
25    7174.56      0.00   3946.71       0.00
26       0.00   3138.35      0.00   13142.09
27       0.00      0.00   4116.09     468.37
28   14492.66      0.00      0.00       0.00
29       0.00      0.00      0.00   18522.01
30       0.00      0.00      0.00       0.00
;

por_ap [*] :=
 p1  0.40
p10  0.40
 p2  0.40
 p3  0.40
 p4  0.40
 p5  0.82
 p6  0.40
 p7  0.40
 p8  0.40
 p9  0.40
;

TInv [*,*] (tr)
:     Cuarto    Entero     Medio     Octavo     :=
1        0.00      0.00   3734.44   10040.29
2    17784.72      0.00      0.00       0.00
3        0.00      0.00      0.00   45127.19
4    19790.48      0.00      0.00       0.00
5    23270.75      0.00      0.00       0.00
6    25180.11      0.00      0.00       0.00
7        0.00   6409.65   1580.70       0.00
8        0.00      0.00      0.00   41258.89
9    11260.36      0.00   4782.85       0.00
10       0.00      0.00      0.00   45500.55
11       0.00   5812.17      0.00       0.00
12    8693.14      0.00   4285.48       0.00
13       0.00      0.00      0.00   47773.25
14    7377.04      0.00   4783.12       0.00
15       0.00   5958.87      0.00       0.00
16   17338.42      0.00      0.00       0.00
17    9346.63      0.00   3905.73       0.00
18    9663.41      0.00   5016.04       0.00
19       0.00      0.00      0.00   41140.46
20       0.00   6056.32      0.00       0.00
21    3243.62      0.00   4321.28       0.00
22     357.79      0.00   2839.08   11677.97
23   17889.16      0.00      0.00       0.00
24       0.00      0.00      0.00   41667.86
25    7174.40      0.00   3946.71       0.00
26       0.00   3138.35      0.00   13141.54
27       0.00      0.00   4116.15     468.77
28   14480.87      0.00      0.00       0.00
29       0.00      0.00      0.00   18522.01
30       0.00      0.00      0.00       0.00
;

por_ap [*] :=
 p1  0.40
p10  0.40
 p2  0.40
 p3  0.40
 p4  0.40
 p5  0.83
 p6  0.40
 p7  0.40
 p8  0.40
 p9  0.40
;

TInv [*,*] (tr)
:     Cuarto    Entero     Medio     Octavo     :=
1        0.00      0.00   3728.61   10028.70
2    17784.72      0.00      0.00       0.00
3        0.00      0.00      0.00   45127.19
4    19789.76      0.00      0.00       0.00
5    23270.14      0.00      0.00       0.00
6    25179.60      0.00      0.00       0.00
7        0.00   6406.64   1586.71       0.00
8        0.00      0.00      0.00   41258.89
9    11259.56      0.00   4783.08       0.00
10       0.00      0.00      0.00   45499.61
11       0.00   5812.94      0.00       0.00
12    8691.87      0.00   4285.48       0.00
13       0.00      0.00      0.00   47771.28
14    7377.52      0.00   4783.16       0.00
15       0.00   5959.76      0.00       0.00
16   17338.24      0.00      0.00       0.00
17    9345.38      0.00   3905.73       0.00
18    9663.53      0.00   5016.07       0.00
19       0.00      0.00      0.00   41140.46
20       0.00   6054.01      0.00       0.00
21    3243.44      0.00   4321.24       0.00
22     357.59      0.00   2839.23   11677.74
23   17889.24      0.00      0.00       0.00
24       0.00      0.00      0.00   41667.86
25    7174.39      0.00   3946.71       0.00
26       0.00   3138.35      0.00   13137.98
27       0.00      0.00   4116.14     468.53
28   14468.87      0.00      0.00       0.00
29       0.00      0.00      0.00   18522.01
30       0.00      0.00      0.00       0.00
;

por_ap [*] :=
 p1  0.40
p10  0.40
 p2  0.40
 p3  0.40
 p4  0.40
 p5  0.84
 p6  0.40
 p7  0.40
 p8  0.40
 p9  0.40
;

TInv [*,*] (tr)
:     Cuarto    Entero     Medio     Octavo     :=
1        0.00      0.00   3722.76   10017.05
2    17784.72      0.00      0.00       0.00
3        0.00      0.00      0.00   45127.19
4    19789.20      0.00      0.00       0.00
5    23269.32      0.00      0.00       0.00
6    25179.19      0.00      0.00       0.00
7        0.00   6403.62   1592.76       0.00
8        0.00      0.00      0.00   41258.89
9    11259.58      0.00   4783.91       0.00
10       0.00      0.00      0.00   45492.98
11       0.00   5816.55      0.00       0.00
12    8692.00      0.00   4285.48       0.00
13       0.00      0.00      0.00   47763.51
14    7377.87      0.00   4783.35       0.00
15       0.00   5962.71      0.00       0.00
16   17337.24      0.00      0.00       0.00
17    9345.52      0.00   3905.73       0.00
18    9663.76      0.00   5016.06       0.00
19       0.00      0.00      0.00   41140.46
20       0.00   6049.28      0.00       0.00
21    3243.61      0.00   4321.10       0.00
22     357.58      0.00   2839.22   11677.62
23   17889.74      0.00      0.00       0.00
24       0.00      0.00      0.00   41667.86
25    7174.08      0.00   3946.71       0.00
26       0.00   3138.35      0.00   13124.54
27       0.00      0.00   4115.60     465.25
28   14456.65      0.00      0.00       0.00
29       0.00      0.00      0.00   18522.01
30       0.00      0.00      0.00       0.00
;

por_ap [*] :=
 p1  0.40
p10  0.40
 p2  0.40
 p3  0.40
 p4  0.40
 p5  0.85
 p6  0.40
 p7  0.40
 p8  0.40
 p9  0.40
;

TInv [*,*] (tr)
:     Cuarto    Entero     Medio     Octavo     :=
1        0.00      0.00   3716.87   10005.34
2    17784.72      0.00      0.00       0.00
3        0.00      0.00      0.00   45127.19
4    20003.68      0.00      0.00       0.00
5    23399.72      0.00      0.00       0.00
6    25227.68      0.00      0.00       0.00
7        0.00   6400.59   1598.83       0.00
8        0.00      0.00      0.00   41258.89
9    11333.78      0.00   4754.67       0.00
10       0.00      0.00      0.00   45507.18
11       0.00   5795.88      0.00       0.00
12    8909.26      0.00   4285.48       0.00
13       0.00      0.00      0.00   47681.27
14    7556.99      0.00   4775.34       0.00
15       0.00   5948.42      0.00       0.00
16   17615.61      0.00      0.00       0.00
17    9455.95      0.00   3905.73       0.00
18    9712.03      0.00   5036.72       0.00
19       0.00      0.00      0.00   41140.46
20       0.00   6008.99      0.00       0.00
21    3519.29      0.00   4403.77       0.00
22     649.35      0.00   2838.98   11681.66
23   17910.19      0.00      0.00       0.00
24       0.00      0.00      0.00   41667.86
25    7141.46      0.00   3946.71       0.00
26       0.00   3138.35      0.00   13124.38
27       0.00      0.00   4134.98     470.77
28   14357.93      0.00      0.00       0.00
29       0.00      0.00      0.00   18522.01
30       0.00      0.00      0.00       0.00
;

por_ap [*] :=
 p1  0.40
p10  0.40
 p2  0.40
 p3  0.40
 p4  0.40
 p5  0.86
 p6  0.40
 p7  0.40
 p8  0.40
 p9  0.40
;

TInv [*,*] (tr)
:     Cuarto    Entero     Medio     Octavo     :=
1        0.00      0.00   3710.96    9993.57
2    17784.72      0.00      0.00       0.00
3        0.00      0.00      0.00   45127.19
4    19851.70      0.00      0.00       0.00
5    23318.44      0.00      0.00       0.00
6    25193.48      0.00      0.00       0.00
7        0.00   6397.53   1604.93       0.00
8        0.00      0.00      0.00   41258.89
9    11281.46      0.00   4782.84       0.00
10       0.00      0.00      0.00   45519.95
11       0.00   5820.95      0.00       0.00
12    8745.14      0.00   4285.48       0.00
13       0.00      0.00      0.00   47727.79
14    7368.38      0.00   4783.22       0.00
15       0.00   5966.59      0.00       0.00
16   17339.48      0.00      0.00       0.00
17    9356.25      0.00   3905.73       0.00
18    9666.81      0.00   5014.98       0.00
19       0.00      0.00      0.00   41140.46
20       0.00   6040.51      0.00       0.00
21    3244.13      0.00   4319.16       0.00
22     357.30      0.00   2838.81   11679.01
23   17888.65      0.00      0.00       0.00
24       0.00      0.00      0.00   41667.86
25    7167.00      0.00   3946.71       0.00
26       0.00   3138.35      0.00   13136.17
27       0.00      0.00   4115.09     463.34
28   14357.93      0.00      0.00       0.00
29       0.00      0.00      0.00   18522.01
30       0.00      0.00      0.00       0.00
;

por_ap [*] :=
 p1  0.40
p10  0.40
 p2  0.40
 p3  0.40
 p4  0.40
 p5  0.87
 p6  0.40
 p7  0.40
 p8  0.40
 p9  0.40
;

TInv [*,*] (tr)
:     Cuarto    Entero     Medio     Octavo     :=
1        0.00      0.00   3705.01    9981.74
2    17784.72      0.00      0.00       0.00
3        0.00      0.00      0.00   45127.19
4    19803.55      0.00      0.00       0.00
5    23289.15      0.00      0.00       0.00
6    25182.59      0.00      0.00       0.00
7        0.00   6394.47   1611.06       0.00
8        0.00      0.00      0.00   41258.89
9    11262.10      0.00   4782.33       0.00
10       0.00      0.00      0.00   45531.87
11       0.00   5823.92      0.00       0.00
12    8705.08      0.00   4285.48       0.00
13       0.00      0.00      0.00   47763.85
14    7372.16      0.00   4784.04       0.00
15       0.00   5969.83      0.00       0.00
16   17338.71      0.00      0.00       0.00
17    9349.71      0.00   3905.73       0.00
18    9663.33      0.00   5016.34       0.00
19       0.00      0.00      0.00   41140.46
20       0.00   6037.89      0.00       0.00
21    3241.46      0.00   4320.85       0.00
22     355.49      0.00   2838.65   11676.52
23   17888.88      0.00      0.00       0.00
24       0.00      0.00      0.00   41667.86
25    7169.47      0.00   3946.71       0.00
26       0.00   3138.35      0.00   13147.05
27       0.00      0.00   4115.29     461.09
28   14357.93      0.00      0.00       0.00
29       0.00      0.00      0.00   18522.01
30       0.00      0.00      0.00       0.00
;

por_ap [*] :=
 p1  0.40
p10  0.40
 p2  0.40
 p3  0.40
 p4  0.40
 p5  0.88
 p6  0.40
 p7  0.40
 p8  0.40
 p9  0.40
;

TInv [*,*] (tr)
:     Cuarto    Entero     Medio     Octavo     :=
1        0.00      0.00   3699.04    9969.85
2    17784.72      0.00      0.00       0.00
3        0.00      0.00      0.00   45127.19
4    19787.95      0.00      0.00       0.00
5    23275.69      0.00      0.00       0.00
6    25178.31      0.00      0.00       0.00
7        0.00   6391.39   1617.23       0.00
8        0.00      0.00      0.00   41258.89
9    11253.54      0.00   4782.38       0.00
10       0.00      0.00      0.00   45541.33
11       0.00   5824.65      0.00       0.00
12    8687.49      0.00   4285.48       0.00
13       0.00      0.00      0.00   47790.45
14    7373.61      0.00   4784.11       0.00
15       0.00   5970.81      0.00       0.00
16   17338.71      0.00      0.00       0.00
17    9345.11      0.00   3905.73       0.00
18    9661.26      0.00   5016.74       0.00
19       0.00      0.00      0.00   41140.46
20       0.00   6037.04      0.00       0.00
21    3241.48      0.00   4320.82       0.00
22     355.52      0.00   2838.59   11674.48
23   17888.90      0.00      0.00       0.00
24       0.00      0.00      0.00   41667.86
25    7171.37      0.00   3946.71       0.00
26       0.00   3138.35      0.00   13156.54
27       0.00      0.00   4115.33     460.40
28   14357.93      0.00      0.00       0.00
29       0.00      0.00      0.00   18522.01
30       0.00      0.00      0.00       0.00
;

por_ap [*] :=
 p1  0.40
p10  0.40
 p2  0.40
 p3  0.40
 p4  0.40
 p5  0.89
 p6  0.40
 p7  0.40
 p8  0.40
 p9  0.40
;

TInv [*,*] (tr)
:     Cuarto    Entero     Medio     Octavo     :=
1        0.00      0.00   3693.03    9957.91
2    17784.72      0.00      0.00       0.00
3        0.00      0.00      0.00   45127.19
4    19782.74      0.00      0.00       0.00
5    23268.07      0.00      0.00       0.00
6    25176.32      0.00      0.00       0.00
7        0.00   6388.29   1623.42       0.00
8        0.00      0.00      0.00   41258.89
9    11249.30      0.00   4782.40       0.00
10       0.00      0.00      0.00   45548.64
11       0.00   5824.40      0.00       0.00
12    8679.67      0.00   4285.48       0.00
13       0.00      0.00      0.00   47810.02
14    7374.23      0.00   4784.11       0.00
15       0.00   5970.84      0.00       0.00
16   17338.76      0.00      0.00       0.00
17    9341.51      0.00   3905.73       0.00
18    9659.72      0.00   5016.91       0.00
19       0.00      0.00      0.00   41140.46
20       0.00   6036.78      0.00       0.00
21    3241.58      0.00   4320.83       0.00
22     355.63      0.00   2838.57   11672.81
23   17888.90      0.00      0.00       0.00
24       0.00      0.00      0.00   41667.86
25    7172.79      0.00   3946.71       0.00
26       0.00   3138.35      0.00   13164.76
27       0.00      0.00   4115.35     460.17
28   14357.93      0.00      0.00       0.00
29       0.00      0.00      0.00   18522.01
30       0.00      0.00      0.00       0.00
;

por_ap [*] :=
 p1  0.40
p10  0.40
 p2  0.40
 p3  0.40
 p4  0.40
 p5  0.90
 p6  0.40
 p7  0.40
 p8  0.40
 p9  0.40
;

TInv [*,*] (tr)
:     Cuarto    Entero     Medio     Octavo     :=
1        0.00      0.00   3686.99    9945.90
2    17784.72      0.00      0.00       0.00
3        0.00      0.00      0.00   45127.19
4    19779.50      0.00      0.00       0.00
5    23261.85      0.00      0.00       0.00
6    25174.64      0.00      0.00       0.00
7        0.00   6385.18   1629.65       0.00
8        0.00      0.00      0.00   41258.89
9    11246.11      0.00   4782.33       0.00
10       0.00      0.00      0.00   45556.85
11       0.00   5824.29      0.00       0.00
12    8674.73      0.00   4285.48       0.00
13       0.00      0.00      0.00   47827.47
14    7374.20      0.00   4784.18       0.00
15       0.00   5970.86      0.00       0.00
16   17338.63      0.00      0.00       0.00
17    9338.52      0.00   3905.73       0.00
18    9658.32      0.00   5017.04       0.00
19       0.00      0.00      0.00   41140.46
20       0.00   6036.73      0.00       0.00
21    3241.15      0.00   4320.83       0.00
22     355.21      0.00   2838.54   11671.35
23   17888.95      0.00      0.00       0.00
24       0.00      0.00      0.00   41667.86
25    7173.96      0.00   3946.71       0.00
26       0.00   3138.35      0.00   13174.51
27       0.00      0.00   4115.30     464.78
28   14357.93      0.00      0.00       0.00
29       0.00      0.00      0.00   18522.01
30       0.00      0.00      0.00       0.00
;

