precio [*] :=
Cuarto  200
Entero  750
 Medio  400
Octavo  100
;

P [*,*] (tr)
:  Cuarto Entero   Medio Octavo    :=
1    1500   1500   15900   1500
2    2000   2000   16400   2000
3    2500   2500   16900   2500
4    3000   3000   17400   3000
5    3500   3500   17900   3500
6    3500   3500   17900   3500
7    3500   3500   17900   3500
8       0      0   14400      0
9       0      0   14400      0
10      0      0   14400      0
11      0      0   14400      0
12      0      0   14400      0
13      0      0   14400      0
14      0      0   14400      0
15      0      0   14400      0
16      0      0   14400      0
17      0      0   14400      0
18      0      0   14400      0
19      0      0   14400      0
20      0      0   14400      0
21      0      0   14400      0
22      0      0   14400      0
23      0      0   14400      0
24      0      0   14400      0
25      0      0   14400      0
26      0      0   14400      0
27      0      0   14400      0
28      0      0   14400      0
29      0      0   14400      0
30      0      0   14400      0
;

precio [*] :=
Cuarto  200
Entero  750
 Medio  400
Octavo  104
;

P [*,*] (tr)
:  Cuarto Entero   Medio Octavo    :=
1    1500   1500   15900   1500
2    2000   2000   16400   2000
3    2500   2500   16900   2500
4    3000   3000   17400   3000
5    3500   3500   17900   3500
6    3500   3500   17900   3500
7    3500   3500   17900   3500
8       0      0   14400      0
9       0      0   14400      0
10      0      0   14400      0
11      0      0   14400      0
12      0      0   14400      0
13      0      0   14400      0
14      0      0   14400      0
15      0      0   14400      0
16      0      0   14400      0
17      0      0   14400      0
18      0      0   14400      0
19      0      0   14400      0
20      0      0   14400      0
21      0      0   14400      0
22      0      0   14400      0
23      0      0   14400      0
24      0      0   14400      0
25      0      0   14400      0
26      0      0   14400      0
27      0      0   14400      0
28      0      0   14400      0
29      0      0   14400      0
30      0      0   14400      0
;

precio [*] :=
Cuarto  200
Entero  750
 Medio  400
Octavo  108
;

P [*,*] (tr)
:  Cuarto Entero   Medio Octavo    :=
1    1500   1500   15900   1500
2    2000   2000   16400   2000
3    2500   2500   16900   2500
4    3000   3000   17400   3000
5    3500   3500   17900   3500
6    3500   3500   17900   3500
7    3500   3500   17900   3500
8       0      0   14400      0
9       0      0   14400      0
10      0      0   14400      0
11      0      0   14400      0
12      0      0   14400      0
13      0      0   14400      0
14      0      0   14400      0
15      0      0   14400      0
16      0      0   14400      0
17      0      0   14400      0
18      0      0   14400      0
19      0      0   14400      0
20      0      0   14400      0
21      0      0   14400      0
22      0      0   14400      0
23      0      0   14400      0
24      0      0   14400      0
25      0      0   14400      0
26      0      0   14400      0
27      0      0   14400      0
28      0      0   14400      0
29      0      0   14400      0
30      0      0   14400      0
;

precio [*] :=
Cuarto  200
Entero  750
 Medio  400
Octavo  112
;

P [*,*] (tr)
:  Cuarto Entero   Medio Octavo    :=
1    1500   1500   15900   1500
2    2000   2000   16400   2000
3    2500   2500   16900   2500
4    3000   3000   17400   3000
5    3500   3500   17900   3500
6    3500   3500   17900   3500
7    3500   3500   17900   3500
8       0      0   14400      0
9       0      0   14400      0
10      0      0   14400      0
11      0      0   14400      0
12      0      0   14400      0
13      0      0   14400      0
14      0      0   14400      0
15      0      0   14400      0
16      0      0   14400      0
17      0      0   14400      0
18      0      0   14400      0
19      0      0   14400      0
20      0      0   14400      0
21      0      0   14400      0
22      0      0   14400      0
23      0      0   14400      0
24      0      0   14400      0
25      0      0   14400      0
26      0      0   14400      0
27      0      0   14400      0
28      0      0   14400      0
29      0      0   14400      0
30      0      0   14400      0
;

precio [*] :=
Cuarto  200
Entero  750
 Medio  400
Octavo  116
;

P [*,*] (tr)
:  Cuarto Entero   Medio Octavo    :=
1    1500   1500   15900   1500
2    2000   2000   16400   2000
3    2500   2500   16900   2500
4    3000   3000   17400   3000
5    3500   3500   17900   3500
6    3500   3500   17900   3500
7    3500   3500   17900   3500
8       0      0   14400      0
9       0      0   14400      0
10      0      0   14400      0
11      0      0   14400      0
12      0      0   14400      0
13      0      0   14400      0
14      0      0   14400      0
15      0      0   14400      0
16      0      0   14400      0
17      0      0   14400      0
18      0      0   14400      0
19      0      0   14400      0
20      0      0   14400      0
21      0      0   14400      0
22      0      0   14400      0
23      0      0   14400      0
24      0      0   14400      0
25      0      0   14400      0
26      0      0   14400      0
27      0      0   14400      0
28      0      0   14400      0
29      0      0   14400      0
30      0      0   14400      0
;

precio [*] :=
Cuarto  200
Entero  750
 Medio  400
Octavo  120
;

P [*,*] (tr)
:  Cuarto Entero   Medio Octavo    :=
1    1500   1500   15900   1500
2    2000   2000   16400   2000
3    2500   2500   16900   2500
4    3000   3000   17400   3000
5    3500   3500   17900   3500
6    3500   3500   17900   3500
7    3500   3500   17900   3500
8       0      0   14400      0
9       0      0   14400      0
10      0      0   14400      0
11      0      0   14400      0
12      0      0   14400      0
13      0      0   14400      0
14      0      0   14400      0
15      0      0   14400      0
16      0      0   14400      0
17      0      0   14400      0
18      0      0   14400      0
19      0      0   14400      0
20      0      0   14400      0
21      0      0   14400      0
22      0      0   14400      0
23      0      0   14400      0
24      0      0   14400      0
25      0      0   14400      0
26      0      0   14400      0
27      0      0   14400      0
28      0      0   14400      0
29      0      0   14400      0
30      0      0   14400      0
;

precio [*] :=
Cuarto  200
Entero  750
 Medio  400
Octavo  124
;

P [*,*] (tr)
:  Cuarto Entero  Medio  Octavo    :=
1    1500   1500   1500   59100
2    2000   2000   2000   59600
3    2500   2500   2500   60100
4    3000   3000   3000   60600
5    3500   3500   3500   61100
6    3500   3500   3500   61100
7    3500   3500   3500   61100
8       0      0      0   57600
9       0      0      0   57600
10      0      0      0   57600
11      0      0      0   57600
12      0      0      0   57600
13      0      0      0   57600
14      0      0      0   57600
15      0      0      0   57600
16      0      0      0   57600
17      0      0      0   57600
18      0      0      0   57600
19      0      0      0   57600
20      0      0      0   57600
21      0      0      0   57600
22      0      0      0   57600
23      0      0      0   57600
24      0      0      0   57600
25      0      0      0   57600
26      0      0      0   57600
27      0      0      0   57600
28      0      0      0   57600
29      0      0      0   57600
30      0      0      0   57600
;

precio [*] :=
Cuarto  200
Entero  750
 Medio  400
Octavo  128
;

P [*,*] (tr)
:  Cuarto Entero  Medio  Octavo    :=
1    1500   1500   1500   59100
2    2000   2000   2000   59600
3    2500   2500   2500   60100
4    3000   3000   3000   60600
5    3500   3500   3500   61100
6    3500   3500   3500   61100
7    3500   3500   3500   61100
8       0      0      0   57600
9       0      0      0   57600
10      0      0      0   57600
11      0      0      0   57600
12      0      0      0   57600
13      0      0      0   57600
14      0      0      0   57600
15      0      0      0   57600
16      0      0      0   57600
17      0      0      0   57600
18      0      0      0   57600
19      0      0      0   57600
20      0      0      0   57600
21      0      0      0   57600
22      0      0      0   57600
23      0      0      0   57600
24      0      0      0   57600
25      0      0      0   57600
26      0      0      0   57600
27      0      0      0   57600
28      0      0      0   57600
29      0      0      0   57600
30      0      0      0   57600
;

precio [*] :=
Cuarto  200
Entero  750
 Medio  400
Octavo  132
;

P [*,*] (tr)
:  Cuarto Entero  Medio  Octavo    :=
1    1500   1500   1500   59100
2    2000   2000   2000   59600
3    2500   2500   2500   60100
4    3000   3000   3000   60600
5    3500   3500   3500   61100
6    3500   3500   3500   61100
7    3500   3500   3500   61100
8       0      0      0   57600
9       0      0      0   57600
10      0      0      0   57600
11      0      0      0   57600
12      0      0      0   57600
13      0      0      0   57600
14      0      0      0   57600
15      0      0      0   57600
16      0      0      0   57600
17      0      0      0   57600
18      0      0      0   57600
19      0      0      0   57600
20      0      0      0   57600
21      0      0      0   57600
22      0      0      0   57600
23      0      0      0   57600
24      0      0      0   57600
25      0      0      0   57600
26      0      0      0   57600
27      0      0      0   57600
28      0      0      0   57600
29      0      0      0   57600
30      0      0      0   57600
;

precio [*] :=
Cuarto  200
Entero  750
 Medio  400
Octavo  136
;

P [*,*] (tr)
:  Cuarto Entero  Medio  Octavo    :=
1    1500   1500   1500   59100
2    2000   2000   2000   59600
3    2500   2500   2500   60100
4    3000   3000   3000   60600
5    3500   3500   3500   61100
6    3500   3500   3500   61100
7    3500   3500   3500   61100
8       0      0      0   57600
9       0      0      0   57600
10      0      0      0   57600
11      0      0      0   57600
12      0      0      0   57600
13      0      0      0   57600
14      0      0      0   57600
15      0      0      0   57600
16      0      0      0   57600
17      0      0      0   57600
18      0      0      0   57600
19      0      0      0   57600
20      0      0      0   57600
21      0      0      0   57600
22      0      0      0   57600
23      0      0      0   57600
24      0      0      0   57600
25      0      0      0   57600
26      0      0      0   57600
27      0      0      0   57600
28      0      0      0   57600
29      0      0      0   57600
30      0      0      0   57600
;

precio [*] :=
Cuarto  200
Entero  750
 Medio  400
Octavo  140
;

P [*,*] (tr)
:  Cuarto Entero  Medio  Octavo    :=
1    1500   1500   1500   59100
2    2000   2000   2000   59600
3    2500   2500   2500   60100
4    3000   3000   3000   60600
5    3500   3500   3500   61100
6    3500   3500   3500   61100
7    3500   3500   3500   61100
8       0      0      0   57600
9       0      0      0   57600
10      0      0      0   57600
11      0      0      0   57600
12      0      0      0   57600
13      0      0      0   57600
14      0      0      0   57600
15      0      0      0   57600
16      0      0      0   57600
17      0      0      0   57600
18      0      0      0   57600
19      0      0      0   57600
20      0      0      0   57600
21      0      0      0   57600
22      0      0      0   57600
23      0      0      0   57600
24      0      0      0   57600
25      0      0      0   57600
26      0      0      0   57600
27      0      0      0   57600
28      0      0      0   57600
29      0      0      0   57600
30      0      0      0   57600
;

precio [*] :=
Cuarto  200
Entero  750
 Medio  400
Octavo  144
;

P [*,*] (tr)
:  Cuarto Entero  Medio  Octavo    :=
1    1500   1500   1500   59100
2    2000   2000   2000   59600
3    2500   2500   2500   60100
4    3000   3000   3000   60600
5    3500   3500   3500   61100
6    3500   3500   3500   61100
7    3500   3500   3500   61100
8       0      0      0   57600
9       0      0      0   57600
10      0      0      0   57600
11      0      0      0   57600
12      0      0      0   57600
13      0      0      0   57600
14      0      0      0   57600
15      0      0      0   57600
16      0      0      0   57600
17      0      0      0   57600
18      0      0      0   57600
19      0      0      0   57600
20      0      0      0   57600
21      0      0      0   57600
22      0      0      0   57600
23      0      0      0   57600
24      0      0      0   57600
25      0      0      0   57600
26      0      0      0   57600
27      0      0      0   57600
28      0      0      0   57600
29      0      0      0   57600
30      0      0      0   57600
;

precio [*] :=
Cuarto  200
Entero  750
 Medio  400
Octavo  148
;

P [*,*] (tr)
:  Cuarto Entero  Medio  Octavo    :=
1    1500   1500   1500   59100
2    2000   2000   2000   59600
3    2500   2500   2500   60100
4    3000   3000   3000   60600
5    3500   3500   3500   61100
6    3500   3500   3500   61100
7    3500   3500   3500   61100
8       0      0      0   57600
9       0      0      0   57600
10      0      0      0   57600
11      0      0      0   57600
12      0      0      0   57600
13      0      0      0   57600
14      0      0      0   57600
15      0      0      0   57600
16      0      0      0   57600
17      0      0      0   57600
18      0      0      0   57600
19      0      0      0   57600
20      0      0      0   57600
21      0      0      0   57600
22      0      0      0   57600
23      0      0      0   57600
24      0      0      0   57600
25      0      0      0   57600
26      0      0      0   57600
27      0      0      0   57600
28      0      0      0   57600
29      0      0      0   57600
30      0      0      0   57600
;

precio [*] :=
Cuarto  200
Entero  750
 Medio  400
Octavo  152
;

P [*,*] (tr)
:  Cuarto Entero  Medio  Octavo    :=
1    1500   1500   1500   59100
2    2000   2000   2000   59600
3    2500   2500   2500   60100
4    3000   3000   3000   60600
5    3500   3500   3500   61100
6    3500   3500   3500   61100
7    3500   3500   3500   61100
8       0      0      0   57600
9       0      0      0   57600
10      0      0      0   57600
11      0      0      0   57600
12      0      0      0   57600
13      0      0      0   57600
14      0      0      0   57600
15      0      0      0   57600
16      0      0      0   57600
17      0      0      0   57600
18      0      0      0   57600
19      0      0      0   57600
20      0      0      0   57600
21      0      0      0   57600
22      0      0      0   57600
23      0      0      0   57600
24      0      0      0   57600
25      0      0      0   57600
26      0      0      0   57600
27      0      0      0   57600
28      0      0      0   57600
29      0      0      0   57600
30      0      0      0   57600
;

precio [*] :=
Cuarto  200
Entero  750
 Medio  400
Octavo  156
;

P [*,*] (tr)
:  Cuarto Entero  Medio  Octavo    :=
1    1500   1500   1500   59100
2    2000   2000   2000   59600
3    2500   2500   2500   60100
4    3000   3000   3000   60600
5    3500   3500   3500   61100
6    3500   3500   3500   61100
7    3500   3500   3500   61100
8       0      0      0   57600
9       0      0      0   57600
10      0      0      0   57600
11      0      0      0   57600
12      0      0      0   57600
13      0      0      0   57600
14      0      0      0   57600
15      0      0      0   57600
16      0      0      0   57600
17      0      0      0   57600
18      0      0      0   57600
19      0      0      0   57600
20      0      0      0   57600
21      0      0      0   57600
22      0      0      0   57600
23      0      0      0   57600
24      0      0      0   57600
25      0      0      0   57600
26      0      0      0   57600
27      0      0      0   57600
28      0      0      0   57600
29      0      0      0   57600
30      0      0      0   57600
;

precio [*] :=
Cuarto  200
Entero  750
 Medio  400
Octavo  160
;

P [*,*] (tr)
:  Cuarto Entero  Medio  Octavo    :=
1    1500   1500   1500   59100
2    2000   2000   2000   59600
3    2500   2500   2500   60100
4    3000   3000   3000   60600
5    3500   3500   3500   61100
6    3500   3500   3500   61100
7    3500   3500   3500   61100
8       0      0      0   57600
9       0      0      0   57600
10      0      0      0   57600
11      0      0      0   57600
12      0      0      0   57600
13      0      0      0   57600
14      0      0      0   57600
15      0      0      0   57600
16      0      0      0   57600
17      0      0      0   57600
18      0      0      0   57600
19      0      0      0   57600
20      0      0      0   57600
21      0      0      0   57600
22      0      0      0   57600
23      0      0      0   57600
24      0      0      0   57600
25      0      0      0   57600
26      0      0      0   57600
27      0      0      0   57600
28      0      0      0   57600
29      0      0      0   57600
30      0      0      0   57600
;

precio [*] :=
Cuarto  200
Entero  750
 Medio  400
Octavo  164
;

P [*,*] (tr)
:  Cuarto Entero  Medio  Octavo    :=
1    1500   1500   1500   59100
2    2000   2000   2000   59600
3    2500   2500   2500   60100
4    3000   3000   3000   60600
5    3500   3500   3500   61100
6    3500   3500   3500   61100
7    3500   3500   3500   61100
8       0      0      0   57600
9       0      0      0   57600
10      0      0      0   57600
11      0      0      0   57600
12      0      0      0   57600
13      0      0      0   57600
14      0      0      0   57600
15      0      0      0   57600
16      0      0      0   57600
17      0      0      0   57600
18      0      0      0   57600
19      0      0      0   57600
20      0      0      0   57600
21      0      0      0   57600
22      0      0      0   57600
23      0      0      0   57600
24      0      0      0   57600
25      0      0      0   57600
26      0      0      0   57600
27      0      0      0   57600
28      0      0      0   57600
29      0      0      0   57600
30      0      0      0   57600
;

precio [*] :=
Cuarto  200
Entero  750
 Medio  400
Octavo  168
;

P [*,*] (tr)
:  Cuarto Entero  Medio  Octavo    :=
1    1500   1500   1500   59100
2    2000   2000   2000   59600
3    2500   2500   2500   60100
4    3000   3000   3000   60600
5    3500   3500   3500   61100
6    3500   3500   3500   61100
7    3500   3500   3500   61100
8       0      0      0   57600
9       0      0      0   57600
10      0      0      0   57600
11      0      0      0   57600
12      0      0      0   57600
13      0      0      0   57600
14      0      0      0   57600
15      0      0      0   57600
16      0      0      0   57600
17      0      0      0   57600
18      0      0      0   57600
19      0      0      0   57600
20      0      0      0   57600
21      0      0      0   57600
22      0      0      0   57600
23      0      0      0   57600
24      0      0      0   57600
25      0      0      0   57600
26      0      0      0   57600
27      0      0      0   57600
28      0      0      0   57600
29      0      0      0   57600
30      0      0      0   57600
;

precio [*] :=
Cuarto  200
Entero  750
 Medio  400
Octavo  172
;

P [*,*] (tr)
:  Cuarto Entero  Medio  Octavo    :=
1    1500   1500   1500   59100
2    2000   2000   2000   59600
3    2500   2500   2500   60100
4    3000   3000   3000   60600
5    3500   3500   3500   61100
6    3500   3500   3500   61100
7    3500   3500   3500   61100
8       0      0      0   57600
9       0      0      0   57600
10      0      0      0   57600
11      0      0      0   57600
12      0      0      0   57600
13      0      0      0   57600
14      0      0      0   57600
15      0      0      0   57600
16      0      0      0   57600
17      0      0      0   57600
18      0      0      0   57600
19      0      0      0   57600
20      0      0      0   57600
21      0      0      0   57600
22      0      0      0   57600
23      0      0      0   57600
24      0      0      0   57600
25      0      0      0   57600
26      0      0      0   57600
27      0      0      0   57600
28      0      0      0   57600
29      0      0      0   57600
30      0      0      0   57600
;

precio [*] :=
Cuarto  200
Entero  750
 Medio  400
Octavo  176
;

P [*,*] (tr)
:  Cuarto Entero  Medio  Octavo    :=
1    1500   1500   1500   59100
2    2000   2000   2000   59600
3    2500   2500   2500   60100
4    3000   3000   3000   60600
5    3500   3500   3500   61100
6    3500   3500   3500   61100
7    3500   3500   3500   61100
8       0      0      0   57600
9       0      0      0   57600
10      0      0      0   57600
11      0      0      0   57600
12      0      0      0   57600
13      0      0      0   57600
14      0      0      0   57600
15      0      0      0   57600
16      0      0      0   57600
17      0      0      0   57600
18      0      0      0   57600
19      0      0      0   57600
20      0      0      0   57600
21      0      0      0   57600
22      0      0      0   57600
23      0      0      0   57600
24      0      0      0   57600
25      0      0      0   57600
26      0      0      0   57600
27      0      0      0   57600
28      0      0      0   57600
29      0      0      0   57600
30      0      0      0   57600
;

precio [*] :=
Cuarto  200
Entero  750
 Medio  400
Octavo  180
;

P [*,*] (tr)
:  Cuarto Entero  Medio  Octavo    :=
1    1500   1500   1500   59100
2    2000   2000   2000   59600
3    2500   2500   2500   60100
4    3000   3000   3000   60600
5    3500   3500   3500   61100
6    3500   3500   3500   61100
7    3500   3500   3500   61100
8       0      0      0   57600
9       0      0      0   57600
10      0      0      0   57600
11      0      0      0   57600
12      0      0      0   57600
13      0      0      0   57600
14      0      0      0   57600
15      0      0      0   57600
16      0      0      0   57600
17      0      0      0   57600
18      0      0      0   57600
19      0      0      0   57600
20      0      0      0   57600
21      0      0      0   57600
22      0      0      0   57600
23      0      0      0   57600
24      0      0      0   57600
25      0      0      0   57600
26      0      0      0   57600
27      0      0      0   57600
28      0      0      0   57600
29      0      0      0   57600
30      0      0      0   57600
;

precio [*] :=
Cuarto  200
Entero  750
 Medio  400
Octavo  184
;

P [*,*] (tr)
:  Cuarto Entero  Medio  Octavo    :=
1    1500   1500   1500   59100
2    2000   2000   2000   59600
3    2500   2500   2500   60100
4    3000   3000   3000   60600
5    3500   3500   3500   61100
6    3500   3500   3500   61100
7    3500   3500   3500   61100
8       0      0      0   57600
9       0      0      0   57600
10      0      0      0   57600
11      0      0      0   57600
12      0      0      0   57600
13      0      0      0   57600
14      0      0      0   57600
15      0      0      0   57600
16      0      0      0   57600
17      0      0      0   57600
18      0      0      0   57600
19      0      0      0   57600
20      0      0      0   57600
21      0      0      0   57600
22      0      0      0   57600
23      0      0      0   57600
24      0      0      0   57600
25      0      0      0   57600
26      0      0      0   57600
27      0      0      0   57600
28      0      0      0   57600
29      0      0      0   57600
30      0      0      0   57600
;

precio [*] :=
Cuarto  200
Entero  750
 Medio  400
Octavo  188
;

P [*,*] (tr)
:  Cuarto Entero  Medio  Octavo    :=
1    1500   1500   1500   59100
2    2000   2000   2000   59600
3    2500   2500   2500   60100
4    3000   3000   3000   60600
5    3500   3500   3500   61100
6    3500   3500   3500   61100
7    3500   3500   3500   61100
8       0      0      0   57600
9       0      0      0   57600
10      0      0      0   57600
11      0      0      0   57600
12      0      0      0   57600
13      0      0      0   57600
14      0      0      0   57600
15      0      0      0   57600
16      0      0      0   57600
17      0      0      0   57600
18      0      0      0   57600
19      0      0      0   57600
20      0      0      0   57600
21      0      0      0   57600
22      0      0      0   57600
23      0      0      0   57600
24      0      0      0   57600
25      0      0      0   57600
26      0      0      0   57600
27      0      0      0   57600
28      0      0      0   57600
29      0      0      0   57600
30      0      0      0   57600
;

precio [*] :=
Cuarto  200
Entero  750
 Medio  400
Octavo  192
;

P [*,*] (tr)
:  Cuarto Entero  Medio  Octavo    :=
1    1500   1500   1500   59100
2    2000   2000   2000   59600
3    2500   2500   2500   60100
4    3000   3000   3000   60600
5    3500   3500   3500   61100
6    3500   3500   3500   61100
7    3500   3500   3500   61100
8       0      0      0   57600
9       0      0      0   57600
10      0      0      0   57600
11      0      0      0   57600
12      0      0      0   57600
13      0      0      0   57600
14      0      0      0   57600
15      0      0      0   57600
16      0      0      0   57600
17      0      0      0   57600
18      0      0      0   57600
19      0      0      0   57600
20      0      0      0   57600
21      0      0      0   57600
22      0      0      0   57600
23      0      0      0   57600
24      0      0      0   57600
25      0      0      0   57600
26      0      0      0   57600
27      0      0      0   57600
28      0      0      0   57600
29      0      0      0   57600
30      0      0      0   57600
;

precio [*] :=
Cuarto  200
Entero  750
 Medio  400
Octavo  196
;

P [*,*] (tr)
:  Cuarto Entero  Medio  Octavo    :=
1    1500   1500   1500   59100
2    2000   2000   2000   59600
3    2500   2500   2500   60100
4    3000   3000   3000   60600
5    3500   3500   3500   61100
6    3500   3500   3500   61100
7    3500   3500   3500   61100
8       0      0      0   57600
9       0      0      0   57600
10      0      0      0   57600
11      0      0      0   57600
12      0      0      0   57600
13      0      0      0   57600
14      0      0      0   57600
15      0      0      0   57600
16      0      0      0   57600
17      0      0      0   57600
18      0      0      0   57600
19      0      0      0   57600
20      0      0      0   57600
21      0      0      0   57600
22      0      0      0   57600
23      0      0      0   57600
24      0      0      0   57600
25      0      0      0   57600
26      0      0      0   57600
27      0      0      0   57600
28      0      0      0   57600
29      0      0      0   57600
30      0      0      0   57600
;

precio [*] :=
Cuarto  200
Entero  750
 Medio  400
Octavo  200
;

P [*,*] (tr)
:  Cuarto Entero  Medio  Octavo    :=
1    1500   1500   1500   59100
2    2000   2000   2000   59600
3    2500   2500   2500   60100
4    3000   3000   3000   60600
5    3500   3500   3500   61100
6    3500   3500   3500   61100
7    3500   3500   3500   61100
8       0      0      0   57600
9       0      0      0   57600
10      0      0      0   57600
11      0      0      0   57600
12      0      0      0   57600
13      0      0      0   57600
14      0      0      0   57600
15      0      0      0   57600
16      0      0      0   57600
17      0      0      0   57600
18      0      0      0   57600
19      0      0      0   57600
20      0      0      0   57600
21      0      0      0   57600
22      0      0      0   57600
23      0      0      0   57600
24      0      0      0   57600
25      0      0      0   57600
26      0      0      0   57600
27      0      0      0   57600
28      0      0      0   57600
29      0      0      0   57600
30      0      0      0   57600
;

precio [*] :=
Cuarto  200
Entero  750
 Medio  400
Octavo  204
;

P [*,*] (tr)
:  Cuarto Entero  Medio  Octavo    :=
1    1500   1500   1500   59100
2    2000   2000   2000   59600
3    2500   2500   2500   60100
4    3000   3000   3000   60600
5    3500   3500   3500   61100
6    3500   3500   3500   61100
7    3500   3500   3500   61100
8       0      0      0   57600
9       0      0      0   57600
10      0      0      0   57600
11      0      0      0   57600
12      0      0      0   57600
13      0      0      0   57600
14      0      0      0   57600
15      0      0      0   57600
16      0      0      0   57600
17      0      0      0   57600
18      0      0      0   57600
19      0      0      0   57600
20      0      0      0   57600
21      0      0      0   57600
22      0      0      0   57600
23      0      0      0   57600
24      0      0      0   57600
25      0      0      0   57600
26      0      0      0   57600
27      0      0      0   57600
28      0      0      0   57600
29      0      0      0   57600
30      0      0      0   57600
;

precio [*] :=
Cuarto  200
Entero  750
 Medio  400
Octavo  208
;

P [*,*] (tr)
:  Cuarto Entero  Medio  Octavo    :=
1    1500   1500   1500   59100
2    2000   2000   2000   59600
3    2500   2500   2500   60100
4    3000   3000   3000   60600
5    3500   3500   3500   61100
6    3500   3500   3500   61100
7    3500   3500   3500   61100
8       0      0      0   57600
9       0      0      0   57600
10      0      0      0   57600
11      0      0      0   57600
12      0      0      0   57600
13      0      0      0   57600
14      0      0      0   57600
15      0      0      0   57600
16      0      0      0   57600
17      0      0      0   57600
18      0      0      0   57600
19      0      0      0   57600
20      0      0      0   57600
21      0      0      0   57600
22      0      0      0   57600
23      0      0      0   57600
24      0      0      0   57600
25      0      0      0   57600
26      0      0      0   57600
27      0      0      0   57600
28      0      0      0   57600
29      0      0      0   57600
30      0      0      0   57600
;

precio [*] :=
Cuarto  200
Entero  750
 Medio  400
Octavo  212
;

P [*,*] (tr)
:  Cuarto Entero  Medio  Octavo    :=
1    1500   1500   1500   59100
2    2000   2000   2000   59600
3    2500   2500   2500   60100
4    3000   3000   3000   60600
5    3500   3500   3500   61100
6    3500   3500   3500   61100
7    3500   3500   3500   61100
8       0      0      0   57600
9       0      0      0   57600
10      0      0      0   57600
11      0      0      0   57600
12      0      0      0   57600
13      0      0      0   57600
14      0      0      0   57600
15      0      0      0   57600
16      0      0      0   57600
17      0      0      0   57600
18      0      0      0   57600
19      0      0      0   57600
20      0      0      0   57600
21      0      0      0   57600
22      0      0      0   57600
23      0      0      0   57600
24      0      0      0   57600
25      0      0      0   57600
26      0      0      0   57600
27      0      0      0   57600
28      0      0      0   57600
29      0      0      0   57600
30      0      0      0   57600
;

precio [*] :=
Cuarto  200
Entero  750
 Medio  400
Octavo  216
;

P [*,*] (tr)
:  Cuarto Entero  Medio  Octavo    :=
1    1500   1500   1500   59100
2    2000   2000   2000   59600
3    2500   2500   2500   60100
4    3000   3000   3000   60600
5    3500   3500   3500   61100
6    3500   3500   3500   61100
7    3500   3500   3500   61100
8       0      0      0   57600
9       0      0      0   57600
10      0      0      0   57600
11      0      0      0   57600
12      0      0      0   57600
13      0      0      0   57600
14      0      0      0   57600
15      0      0      0   57600
16      0      0      0   57600
17      0      0      0   57600
18      0      0      0   57600
19      0      0      0   57600
20      0      0      0   57600
21      0      0      0   57600
22      0      0      0   57600
23      0      0      0   57600
24      0      0      0   57600
25      0      0      0   57600
26      0      0      0   57600
27      0      0      0   57600
28      0      0      0   57600
29      0      0      0   57600
30      0      0      0   57600
;

precio [*] :=
Cuarto  200
Entero  750
 Medio  400
Octavo  220
;

P [*,*] (tr)
:  Cuarto Entero  Medio  Octavo    :=
1    1500   1500   1500   59100
2    2000   2000   2000   59600
3    2500   2500   2500   60100
4    3000   3000   3000   60600
5    3500   3500   3500   61100
6    3500   3500   3500   61100
7    3500   3500   3500   61100
8       0      0      0   57600
9       0      0      0   57600
10      0      0      0   57600
11      0      0      0   57600
12      0      0      0   57600
13      0      0      0   57600
14      0      0      0   57600
15      0      0      0   57600
16      0      0      0   57600
17      0      0      0   57600
18      0      0      0   57600
19      0      0      0   57600
20      0      0      0   57600
21      0      0      0   57600
22      0      0      0   57600
23      0      0      0   57600
24      0      0      0   57600
25      0      0      0   57600
26      0      0      0   57600
27      0      0      0   57600
28      0      0      0   57600
29      0      0      0   57600
30      0      0      0   57600
;

precio [*] :=
Cuarto  200
Entero  750
 Medio  400
Octavo  224
;

P [*,*] (tr)
:  Cuarto Entero  Medio  Octavo    :=
1    1500   1500   1500   59100
2    2000   2000   2000   59600
3    2500   2500   2500   60100
4    3000   3000   3000   60600
5    3500   3500   3500   61100
6    3500   3500   3500   61100
7    3500   3500   3500   61100
8       0      0      0   57600
9       0      0      0   57600
10      0      0      0   57600
11      0      0      0   57600
12      0      0      0   57600
13      0      0      0   57600
14      0      0      0   57600
15      0      0      0   57600
16      0      0      0   57600
17      0      0      0   57600
18      0      0      0   57600
19      0      0      0   57600
20      0      0      0   57600
21      0      0      0   57600
22      0      0      0   57600
23      0      0      0   57600
24      0      0      0   57600
25      0      0      0   57600
26      0      0      0   57600
27      0      0      0   57600
28      0      0      0   57600
29      0      0      0   57600
30      0      0      0   57600
;

precio [*] :=
Cuarto  200
Entero  750
 Medio  400
Octavo  228
;

P [*,*] (tr)
:  Cuarto Entero  Medio  Octavo    :=
1    1500   1500   1500   59100
2    2000   2000   2000   59600
3    2500   2500   2500   60100
4    3000   3000   3000   60600
5    3500   3500   3500   61100
6    3500   3500   3500   61100
7    3500   3500   3500   61100
8       0      0      0   57600
9       0      0      0   57600
10      0      0      0   57600
11      0      0      0   57600
12      0      0      0   57600
13      0      0      0   57600
14      0      0      0   57600
15      0      0      0   57600
16      0      0      0   57600
17      0      0      0   57600
18      0      0      0   57600
19      0      0      0   57600
20      0      0      0   57600
21      0      0      0   57600
22      0      0      0   57600
23      0      0      0   57600
24      0      0      0   57600
25      0      0      0   57600
26      0      0      0   57600
27      0      0      0   57600
28      0      0      0   57600
29      0      0      0   57600
30      0      0      0   57600
;

precio [*] :=
Cuarto  200
Entero  750
 Medio  400
Octavo  232
;

P [*,*] (tr)
:  Cuarto Entero  Medio  Octavo    :=
1    1500   1500   1500   59100
2    2000   2000   2000   59600
3    2500   2500   2500   60100
4    3000   3000   3000   60600
5    3500   3500   3500   61100
6    3500   3500   3500   61100
7    3500   3500   3500   61100
8       0      0      0   57600
9       0      0      0   57600
10      0      0      0   57600
11      0      0      0   57600
12      0      0      0   57600
13      0      0      0   57600
14      0      0      0   57600
15      0      0      0   57600
16      0      0      0   57600
17      0      0      0   57600
18      0      0      0   57600
19      0      0      0   57600
20      0      0      0   57600
21      0      0      0   57600
22      0      0      0   57600
23      0      0      0   57600
24      0      0      0   57600
25      0      0      0   57600
26      0      0      0   57600
27      0      0      0   57600
28      0      0      0   57600
29      0      0      0   57600
30      0      0      0   57600
;

precio [*] :=
Cuarto  200
Entero  750
 Medio  400
Octavo  236
;

P [*,*] (tr)
:  Cuarto Entero  Medio  Octavo    :=
1    1500   1500   1500   59100
2    2000   2000   2000   59600
3    2500   2500   2500   60100
4    3000   3000   3000   60600
5    3500   3500   3500   61100
6    3500   3500   3500   61100
7    3500   3500   3500   61100
8       0      0      0   57600
9       0      0      0   57600
10      0      0      0   57600
11      0      0      0   57600
12      0      0      0   57600
13      0      0      0   57600
14      0      0      0   57600
15      0      0      0   57600
16      0      0      0   57600
17      0      0      0   57600
18      0      0      0   57600
19      0      0      0   57600
20      0      0      0   57600
21      0      0      0   57600
22      0      0      0   57600
23      0      0      0   57600
24      0      0      0   57600
25      0      0      0   57600
26      0      0      0   57600
27      0      0      0   57600
28      0      0      0   57600
29      0      0      0   57600
30      0      0      0   57600
;

precio [*] :=
Cuarto  200
Entero  750
 Medio  400
Octavo  240
;

P [*,*] (tr)
:  Cuarto Entero  Medio  Octavo    :=
1    1500   1500   1500   59100
2    2000   2000   2000   59600
3    2500   2500   2500   60100
4    3000   3000   3000   60600
5    3500   3500   3500   61100
6    3500   3500   3500   61100
7    3500   3500   3500   61100
8       0      0      0   57600
9       0      0      0   57600
10      0      0      0   57600
11      0      0      0   57600
12      0      0      0   57600
13      0      0      0   57600
14      0      0      0   57600
15      0      0      0   57600
16      0      0      0   57600
17      0      0      0   57600
18      0      0      0   57600
19      0      0      0   57600
20      0      0      0   57600
21      0      0      0   57600
22      0      0      0   57600
23      0      0      0   57600
24      0      0      0   57600
25      0      0      0   57600
26      0      0      0   57600
27      0      0      0   57600
28      0      0      0   57600
29      0      0      0   57600
30      0      0      0   57600
;

precio [*] :=
Cuarto  200
Entero  750
 Medio  400
Octavo  244
;

P [*,*] (tr)
:  Cuarto Entero  Medio  Octavo    :=
1    1500   1500   1500   59100
2    2000   2000   2000   59600
3    2500   2500   2500   60100
4    3000   3000   3000   60600
5    3500   3500   3500   61100
6    3500   3500   3500   61100
7    3500   3500   3500   61100
8       0      0      0   57600
9       0      0      0   57600
10      0      0      0   57600
11      0      0      0   57600
12      0      0      0   57600
13      0      0      0   57600
14      0      0      0   57600
15      0      0      0   57600
16      0      0      0   57600
17      0      0      0   57600
18      0      0      0   57600
19      0      0      0   57600
20      0      0      0   57600
21      0      0      0   57600
22      0      0      0   57600
23      0      0      0   57600
24      0      0      0   57600
25      0      0      0   57600
26      0      0      0   57600
27      0      0      0   57600
28      0      0      0   57600
29      0      0      0   57600
30      0      0      0   57600
;

precio [*] :=
Cuarto  200
Entero  750
 Medio  400
Octavo  248
;

P [*,*] (tr)
:  Cuarto Entero  Medio  Octavo    :=
1    1500   1500   1500   59100
2    2000   2000   2000   59600
3    2500   2500   2500   60100
4    3000   3000   3000   60600
5    3500   3500   3500   61100
6    3500   3500   3500   61100
7    3500   3500   3500   61100
8       0      0      0   57600
9       0      0      0   57600
10      0      0      0   57600
11      0      0      0   57600
12      0      0      0   57600
13      0      0      0   57600
14      0      0      0   57600
15      0      0      0   57600
16      0      0      0   57600
17      0      0      0   57600
18      0      0      0   57600
19      0      0      0   57600
20      0      0      0   57600
21      0      0      0   57600
22      0      0      0   57600
23      0      0      0   57600
24      0      0      0   57600
25      0      0      0   57600
26      0      0      0   57600
27      0      0      0   57600
28      0      0      0   57600
29      0      0      0   57600
30      0      0      0   57600
;

precio [*] :=
Cuarto  200
Entero  750
 Medio  400
Octavo  252
;

P [*,*] (tr)
:  Cuarto Entero  Medio  Octavo    :=
1    1500   1500   1500   59100
2    2000   2000   2000   59600
3    2500   2500   2500   60100
4    3000   3000   3000   60600
5    3500   3500   3500   61100
6    3500   3500   3500   61100
7    3500   3500   3500   61100
8       0      0      0   57600
9       0      0      0   57600
10      0      0      0   57600
11      0      0      0   57600
12      0      0      0   57600
13      0      0      0   57600
14      0      0      0   57600
15      0      0      0   57600
16      0      0      0   57600
17      0      0      0   57600
18      0      0      0   57600
19      0      0      0   57600
20      0      0      0   57600
21      0      0      0   57600
22      0      0      0   57600
23      0      0      0   57600
24      0      0      0   57600
25      0      0      0   57600
26      0      0      0   57600
27      0      0      0   57600
28      0      0      0   57600
29      0      0      0   57600
30      0      0      0   57600
;

precio [*] :=
Cuarto  200
Entero  750
 Medio  400
Octavo  256
;

P [*,*] (tr)
:  Cuarto Entero  Medio  Octavo    :=
1    1500   1500   1500   59100
2    2000   2000   2000   59600
3    2500   2500   2500   60100
4    3000   3000   3000   60600
5    3500   3500   3500   61100
6    3500   3500   3500   61100
7    3500   3500   3500   61100
8       0      0      0   57600
9       0      0      0   57600
10      0      0      0   57600
11      0      0      0   57600
12      0      0      0   57600
13      0      0      0   57600
14      0      0      0   57600
15      0      0      0   57600
16      0      0      0   57600
17      0      0      0   57600
18      0      0      0   57600
19      0      0      0   57600
20      0      0      0   57600
21      0      0      0   57600
22      0      0      0   57600
23      0      0      0   57600
24      0      0      0   57600
25      0      0      0   57600
26      0      0      0   57600
27      0      0      0   57600
28      0      0      0   57600
29      0      0      0   57600
30      0      0      0   57600
;

precio [*] :=
Cuarto  200
Entero  750
 Medio  400
Octavo  260
;

P [*,*] (tr)
:  Cuarto Entero  Medio  Octavo    :=
1    1500   1500   1500   59100
2    2000   2000   2000   59600
3    2500   2500   2500   60100
4    3000   3000   3000   60600
5    3500   3500   3500   61100
6    3500   3500   3500   61100
7    3500   3500   3500   61100
8       0      0      0   57600
9       0      0      0   57600
10      0      0      0   57600
11      0      0      0   57600
12      0      0      0   57600
13      0      0      0   57600
14      0      0      0   57600
15      0      0      0   57600
16      0      0      0   57600
17      0      0      0   57600
18      0      0      0   57600
19      0      0      0   57600
20      0      0      0   57600
21      0      0      0   57600
22      0      0      0   57600
23      0      0      0   57600
24      0      0      0   57600
25      0      0      0   57600
26      0      0      0   57600
27      0      0      0   57600
28      0      0      0   57600
29      0      0      0   57600
30      0      0      0   57600
;

precio [*] :=
Cuarto  200
Entero  750
 Medio  400
Octavo  264
;

P [*,*] (tr)
:  Cuarto Entero  Medio  Octavo    :=
1    1500   1500   1500   59100
2    2000   2000   2000   59600
3    2500   2500   2500   60100
4    3000   3000   3000   60600
5    3500   3500   3500   61100
6    3500   3500   3500   61100
7    3500   3500   3500   61100
8       0      0      0   57600
9       0      0      0   57600
10      0      0      0   57600
11      0      0      0   57600
12      0      0      0   57600
13      0      0      0   57600
14      0      0      0   57600
15      0      0      0   57600
16      0      0      0   57600
17      0      0      0   57600
18      0      0      0   57600
19      0      0      0   57600
20      0      0      0   57600
21      0      0      0   57600
22      0      0      0   57600
23      0      0      0   57600
24      0      0      0   57600
25      0      0      0   57600
26      0      0      0   57600
27      0      0      0   57600
28      0      0      0   57600
29      0      0      0   57600
30      0      0      0   57600
;

precio [*] :=
Cuarto  200
Entero  750
 Medio  400
Octavo  268
;

P [*,*] (tr)
:  Cuarto Entero  Medio  Octavo    :=
1    1500   1500   1500   59100
2    2000   2000   2000   59600
3    2500   2500   2500   60100
4    3000   3000   3000   60600
5    3500   3500   3500   61100
6    3500   3500   3500   61100
7    3500   3500   3500   61100
8       0      0      0   57600
9       0      0      0   57600
10      0      0      0   57600
11      0      0      0   57600
12      0      0      0   57600
13      0      0      0   57600
14      0      0      0   57600
15      0      0      0   57600
16      0      0      0   57600
17      0      0      0   57600
18      0      0      0   57600
19      0      0      0   57600
20      0      0      0   57600
21      0      0      0   57600
22      0      0      0   57600
23      0      0      0   57600
24      0      0      0   57600
25      0      0      0   57600
26      0      0      0   57600
27      0      0      0   57600
28      0      0      0   57600
29      0      0      0   57600
30      0      0      0   57600
;

precio [*] :=
Cuarto  200
Entero  750
 Medio  400
Octavo  272
;

P [*,*] (tr)
:  Cuarto Entero  Medio  Octavo    :=
1    1500   1500   1500   59100
2    2000   2000   2000   59600
3    2500   2500   2500   60100
4    3000   3000   3000   60600
5    3500   3500   3500   61100
6    3500   3500   3500   61100
7    3500   3500   3500   61100
8       0      0      0   57600
9       0      0      0   57600
10      0      0      0   57600
11      0      0      0   57600
12      0      0      0   57600
13      0      0      0   57600
14      0      0      0   57600
15      0      0      0   57600
16      0      0      0   57600
17      0      0      0   57600
18      0      0      0   57600
19      0      0      0   57600
20      0      0      0   57600
21      0      0      0   57600
22      0      0      0   57600
23      0      0      0   57600
24      0      0      0   57600
25      0      0      0   57600
26      0      0      0   57600
27      0      0      0   57600
28      0      0      0   57600
29      0      0      0   57600
30      0      0      0   57600
;

precio [*] :=
Cuarto  200
Entero  750
 Medio  400
Octavo  276
;

P [*,*] (tr)
:  Cuarto Entero  Medio  Octavo    :=
1    1500   1500   1500   59100
2    2000   2000   2000   59600
3    2500   2500   2500   60100
4    3000   3000   3000   60600
5    3500   3500   3500   61100
6    3500   3500   3500   61100
7    3500   3500   3500   61100
8       0      0      0   57600
9       0      0      0   57600
10      0      0      0   57600
11      0      0      0   57600
12      0      0      0   57600
13      0      0      0   57600
14      0      0      0   57600
15      0      0      0   57600
16      0      0      0   57600
17      0      0      0   57600
18      0      0      0   57600
19      0      0      0   57600
20      0      0      0   57600
21      0      0      0   57600
22      0      0      0   57600
23      0      0      0   57600
24      0      0      0   57600
25      0      0      0   57600
26      0      0      0   57600
27      0      0      0   57600
28      0      0      0   57600
29      0      0      0   57600
30      0      0      0   57600
;

precio [*] :=
Cuarto  200
Entero  750
 Medio  400
Octavo  280
;

P [*,*] (tr)
:  Cuarto Entero  Medio  Octavo    :=
1    1500   1500   1500   59100
2    2000   2000   2000   59600
3    2500   2500   2500   60100
4    3000   3000   3000   60600
5    3500   3500   3500   61100
6    3500   3500   3500   61100
7    3500   3500   3500   61100
8       0      0      0   57600
9       0      0      0   57600
10      0      0      0   57600
11      0      0      0   57600
12      0      0      0   57600
13      0      0      0   57600
14      0      0      0   57600
15      0      0      0   57600
16      0      0      0   57600
17      0      0      0   57600
18      0      0      0   57600
19      0      0      0   57600
20      0      0      0   57600
21      0      0      0   57600
22      0      0      0   57600
23      0      0      0   57600
24      0      0      0   57600
25      0      0      0   57600
26      0      0      0   57600
27      0      0      0   57600
28      0      0      0   57600
29      0      0      0   57600
30      0      0      0   57600
;

precio [*] :=
Cuarto  200
Entero  750
 Medio  400
Octavo  284
;

P [*,*] (tr)
:  Cuarto Entero  Medio  Octavo    :=
1    1500   1500   1500   59100
2    2000   2000   2000   59600
3    2500   2500   2500   60100
4    3000   3000   3000   60600
5    3500   3500   3500   61100
6    3500   3500   3500   61100
7    3500   3500   3500   61100
8       0      0      0   57600
9       0      0      0   57600
10      0      0      0   57600
11      0      0      0   57600
12      0      0      0   57600
13      0      0      0   57600
14      0      0      0   57600
15      0      0      0   57600
16      0      0      0   57600
17      0      0      0   57600
18      0      0      0   57600
19      0      0      0   57600
20      0      0      0   57600
21      0      0      0   57600
22      0      0      0   57600
23      0      0      0   57600
24      0      0      0   57600
25      0      0      0   57600
26      0      0      0   57600
27      0      0      0   57600
28      0      0      0   57600
29      0      0      0   57600
30      0      0      0   57600
;

precio [*] :=
Cuarto  200
Entero  750
 Medio  400
Octavo  288
;

P [*,*] (tr)
:  Cuarto Entero  Medio  Octavo    :=
1    1500   1500   1500   59100
2    2000   2000   2000   59600
3    2500   2500   2500   60100
4    3000   3000   3000   60600
5    3500   3500   3500   61100
6    3500   3500   3500   61100
7    3500   3500   3500   61100
8       0      0      0   57600
9       0      0      0   57600
10      0      0      0   57600
11      0      0      0   57600
12      0      0      0   57600
13      0      0      0   57600
14      0      0      0   57600
15      0      0      0   57600
16      0      0      0   57600
17      0      0      0   57600
18      0      0      0   57600
19      0      0      0   57600
20      0      0      0   57600
21      0      0      0   57600
22      0      0      0   57600
23      0      0      0   57600
24      0      0      0   57600
25      0      0      0   57600
26      0      0      0   57600
27      0      0      0   57600
28      0      0      0   57600
29      0      0      0   57600
30      0      0      0   57600
;

precio [*] :=
Cuarto  200
Entero  750
 Medio  400
Octavo  292
;

P [*,*] (tr)
:  Cuarto Entero  Medio  Octavo    :=
1    1500   1500   1500   59100
2    2000   2000   2000   59600
3    2500   2500   2500   60100
4    3000   3000   3000   60600
5    3500   3500   3500   61100
6    3500   3500   3500   61100
7    3500   3500   3500   61100
8       0      0      0   57600
9       0      0      0   57600
10      0      0      0   57600
11      0      0      0   57600
12      0      0      0   57600
13      0      0      0   57600
14      0      0      0   57600
15      0      0      0   57600
16      0      0      0   57600
17      0      0      0   57600
18      0      0      0   57600
19      0      0      0   57600
20      0      0      0   57600
21      0      0      0   57600
22      0      0      0   57600
23      0      0      0   57600
24      0      0      0   57600
25      0      0      0   57600
26      0      0      0   57600
27      0      0      0   57600
28      0      0      0   57600
29      0      0      0   57600
30      0      0      0   57600
;

precio [*] :=
Cuarto  200
Entero  750
 Medio  400
Octavo  296
;

P [*,*] (tr)
:  Cuarto Entero  Medio  Octavo    :=
1    1500   1500   1500   59100
2    2000   2000   2000   59600
3    2500   2500   2500   60100
4    3000   3000   3000   60600
5    3500   3500   3500   61100
6    3500   3500   3500   61100
7    3500   3500   3500   61100
8       0      0      0   57600
9       0      0      0   57600
10      0      0      0   57600
11      0      0      0   57600
12      0      0      0   57600
13      0      0      0   57600
14      0      0      0   57600
15      0      0      0   57600
16      0      0      0   57600
17      0      0      0   57600
18      0      0      0   57600
19      0      0      0   57600
20      0      0      0   57600
21      0      0      0   57600
22      0      0      0   57600
23      0      0      0   57600
24      0      0      0   57600
25      0      0      0   57600
26      0      0      0   57600
27      0      0      0   57600
28      0      0      0   57600
29      0      0      0   57600
30      0      0      0   57600
;

precio [*] :=
Cuarto  200
Entero  750
 Medio  400
Octavo  300
;

P [*,*] (tr)
:  Cuarto Entero  Medio  Octavo    :=
1    1500   1500   1500   59100
2    2000   2000   2000   59600
3    2500   2500   2500   60100
4    3000   3000   3000   60600
5    3500   3500   3500   61100
6    3500   3500   3500   61100
7    3500   3500   3500   61100
8       0      0      0   57600
9       0      0      0   57600
10      0      0      0   57600
11      0      0      0   57600
12      0      0      0   57600
13      0      0      0   57600
14      0      0      0   57600
15      0      0      0   57600
16      0      0      0   57600
17      0      0      0   57600
18      0      0      0   57600
19      0      0      0   57600
20      0      0      0   57600
21      0      0      0   57600
22      0      0      0   57600
23      0      0      0   57600
24      0      0      0   57600
25      0      0      0   57600
26      0      0      0   57600
27      0      0      0   57600
28      0      0      0   57600
29      0      0      0   57600
30      0      0      0   57600
;

