hold [*] :=
Cuarto  0.8750
Entero  2.0000
 Medio  1.4500
Octavo  0.4500
;

TInv [*,*] (tr)
:      Cuarto      Entero       Medio       Octavo      :=
1        0.0000      0.0000   3564.0097    5975.6211
2     9547.4636      0.0000   1907.8779    2011.1216
3        0.0000      0.0000      0.0000   45468.8845
4    19412.2596      0.0000      0.0000       0.0000
5    23888.5169      0.0000      0.0000       0.0000
6    25235.0613      0.0000      0.0000       0.0000
7        0.0000   7200.0000      0.0000       0.0000
8        0.0000      0.0000      0.0000   41258.8866
9    11200.4516      0.0000   4414.4533       0.0000
10       0.0000      0.0000      0.0000   47700.8823
11       0.0000   5708.8011      0.0000       0.0000
12    9953.3488      0.0000   4285.4762       0.0000
13       0.0000      0.0000      0.0000   47891.0099
14    7188.3231      0.0000   4780.0708       0.0000
15       0.0000   5752.8361      0.0000       0.0000
16   17111.7308      0.0000      0.0000       0.0000
17    8950.9048      0.0000   3892.9526       0.0000
18    9569.4534      0.0000   4736.1647       0.0000
19       0.0000      0.0000      0.0000   41304.0642
20       0.0000   6073.5132      0.0000       0.0000
21    3131.9816      0.0000   3986.7334       0.0000
22     693.0616      0.0000   2905.5589   11398.6049
23   18062.3246      0.0000      0.0000       0.0000
24       0.0000      0.0000      0.0000   40796.3761
25    7178.1539      0.0000   3760.6399       0.0000
26       0.0000   3309.6747      0.0000   10563.9501
27    1215.1460      0.0000   3795.2316       0.0000
28   13228.9649      0.0000      0.0000       0.0000
29     414.4052      0.0000      0.0000    4512.3245
30       0.0000      0.0000      0.0000       0.0000
;

hold [*] :=
Cuarto  0.9625
Entero  2.0000
 Medio  1.4500
Octavo  0.4500
;

TInv [*,*] (tr)
:      Cuarto      Entero       Medio       Octavo      :=
1        0.0000      0.0000   3563.5831    5973.0744
2     9538.8870      0.0000   1647.2071    1306.2886
3        0.0000      0.0000      0.0000   45145.9257
4    19365.9855      0.0000      0.0000       0.0001
5    23265.2427      0.0000      0.0000       0.0001
6    25087.2261      0.0000      0.0000       0.0001
7        0.0001   7199.9999      0.0001       0.0001
8        0.0000      0.0000      0.0000   41258.8864
9    11123.3820      0.0000   4772.9744       0.0001
10       0.0000      0.0000      0.0000   46214.6979
11       0.0001   5892.8319      0.0000       0.0002
12    8741.5459      0.0000   4285.4762       0.0001
13       0.0000      0.0000      0.0000   47774.0328
14    7155.4089      0.0000   4779.9642       0.0001
15       0.0001   5996.5510      0.0000       0.0001
16   17094.9085      0.0000      0.0000       0.0001
17    9165.3497      0.0000   3893.8358       0.0001
18    9557.0780      0.0000   4960.1700       0.0001
19       0.0000      0.0000      0.0000   41292.7596
20       0.0000   6041.4846      0.0000       0.0001
21    3113.3009      0.0000   4302.0947       0.0001
22     338.7402      0.0000   2900.9634   11325.9869
23   17860.1813      0.0000      0.0000       0.0000
24       0.0000      0.0000      0.0000   40791.1210
25    7146.5960      0.0000   3760.9429       0.0000
26       0.0000   3310.7089      0.0000   10787.8198
27    1206.3602      0.0000   3913.1585       0.0000
28   12595.9910      0.0000      0.0000       0.0000
29    1283.3396      0.0000      0.0000    4533.4131
30       0.0000      0.0000      0.0000       0.0000
;

hold [*] :=
Cuarto  1.0500
Entero  2.0000
 Medio  1.4500
Octavo  0.4500
;

TInv [*,*] (tr)
:      Cuarto      Entero       Medio       Octavo      :=
1        0.0000      0.0000   3563.1564    5970.5275
2     9530.3102      0.0000   1701.7832    1287.2257
3        0.0000      0.0000      0.0000   45131.1317
4    19319.7114      0.0000      0.0000       0.0001
5    23120.7488      0.0000      0.0000       0.0001
6    25041.3925      0.0000      0.0000       0.0001
7        0.0000   7199.9999      0.0001       0.0001
8        0.0000      0.0000      0.0000   41258.8865
9    11098.2047      0.0000   4781.2954       0.0000
10       0.0000      0.0000      0.0000   45916.9777
11       0.0000   5894.7774      0.0000       0.0001
12    8531.7473      0.0000   4285.4762       0.0000
13       0.0000      0.0000      0.0000   47766.7206
14    7155.6098      0.0000   4782.8964       0.0000
15       0.0000   6000.6933      0.0000       0.0001
16   17078.0859      0.0000      0.0000       0.0001
17    9196.4440      0.0000   3894.7188       0.0001
18    9550.8943      0.0000   4987.5792       0.0000
19       0.0000      0.0000      0.0000   41281.4563
20       0.0000   6048.9825      0.0000       0.0000
21    3094.6227      0.0000   4298.4130       0.0000
22     308.4388      0.0000   2896.7050   11338.8929
23   17849.6718      0.0000      0.0000       0.0000
24       0.0000      0.0000      0.0000   40785.8657
25    7162.5085      0.0000   3761.2457       0.0000
26       0.0000   3311.7432      0.0000   10817.7068
27    1197.5746      0.0000   3914.3716       0.0000
28   12433.5304      0.0000      0.0000       0.0000
29    1586.2700      0.0000      0.0000    4554.4930
30       0.0000      0.0000      0.0000       0.0000
;

hold [*] :=
Cuarto  1.1375
Entero  2.0000
 Medio  1.4500
Octavo  0.4500
;

TInv [*,*] (tr)
:      Cuarto      Entero       Medio       Octavo      :=
1        0.0000      0.0000   3562.7297    5967.9809
2     9521.7333      0.0000   1712.8582    1283.6022
3        0.0000      0.0000      0.0000   45100.2267
4    19273.4371      0.0000      0.0001       0.0003
5    23106.4039      0.0000      0.0001       0.0002
6    25025.7356      0.0000      0.0001       0.0002
7        0.0000   7199.9999      0.0002       0.0001
8        0.0000      0.0000      0.0000   41258.8864
9    11090.1274      0.0000   4754.7248       0.0001
10       0.0000      0.0000      0.0000   45805.7914
11       0.0001   5891.5331      0.0001       0.0002
12    8550.9380      0.0000   4285.4762       0.0001
13       0.0000      0.0000      0.0000   47692.8472
14    7121.5309      0.0000   4773.3909       0.0001
15       0.0001   5998.1216      0.0001       0.0001
16   17061.2559      0.0000      0.0000       0.0001
17    9166.3255      0.0000   3895.6014       0.0001
18    9542.7483      0.0000   5002.1852       0.0001
19       0.0000      0.0000      0.0000   41270.1593
20       0.0000   6038.9419      0.0000       0.0001
21    3075.9405      0.0000   4316.4489       0.0000
22     286.8964      0.0000   2891.0835   11352.4822
23   17836.2907      0.0000      0.0000       0.0000
24       0.0000      0.0000      0.0000   40780.6108
25    7140.6121      0.0000   3761.5485       0.0000
26       0.0000   3312.7774      0.0000   10805.0042
27    1188.7887      0.0000   3915.4282       0.0000
28   12371.7611      0.0000      0.0000       0.0000
29    1652.6757      0.0000      0.0000    4575.5743
30       0.0000      0.0000      0.0000       0.0000
;

hold [*] :=
Cuarto  1.2250
Entero  2.0000
 Medio  1.4500
Octavo  0.4500
;

TInv [*,*] (tr)
:      Cuarto      Entero       Medio       Octavo      :=
1        0.0003      0.0001   3562.3030    5965.4337
2     9513.1573      0.0001   1648.5120    1236.4813
3        0.0003      0.0001      0.0002   45074.8899
4    19227.1613      0.0001      0.0008       0.0021
5    22955.3716      0.0001      0.0007       0.0018
6    25001.5702      0.0001      0.0006       0.0015
7        0.0005   7199.9990      0.0010       0.0014
8        0.0003      0.0001      0.0003   41258.8846
9    11064.4855      0.0001   4777.5583       0.0008
10       0.0003      0.0001      0.0002   45499.7862
11       0.0005   5892.7992      0.0004       0.0015
12    8408.7190      0.0001   4285.4761       0.0008
13       0.0003      0.0001      0.0002   47709.9675
14    7133.8767      0.0001   4779.8299       0.0007
15       0.0005   5999.4935      0.0003       0.0012
16   17044.4237      0.0001      0.0002       0.0009
17    9230.2646      0.0001   3896.4837       0.0009
18    9539.1634      0.0001   5010.4673       0.0007
19       0.0003      0.0001      0.0001   41258.8639
20       0.0004   6045.5737      0.0001       0.0007
21    3057.2639      0.0001   4308.2564       0.0006
22     261.4973      0.0001   2887.4377   11366.7626
23   17821.6642      0.0000      0.0001       0.0004
24       0.0002      0.0000      0.0001   40775.3558
25    7138.8523      0.0000   3761.8514       0.0004
26       0.0001   3313.8113      0.0001   10866.4145
27    1180.0020      0.0000   3915.0393       0.0004
28   12352.6588      0.0000      0.0001       0.0002
29    1873.7004      0.0000      0.0000    4596.6579
30       0.0000      0.0000      0.0000       0.0000
;

hold [*] :=
Cuarto  1.3125
Entero  2.0000
 Medio  1.4500
Octavo  0.4500
;

TInv [*,*] (tr)
:      Cuarto      Entero       Medio       Octavo      :=
1        0.0000      0.0000   3561.8762    5962.8874
2     9504.5794      0.0000   1715.3931    1314.7066
3        0.0000      0.0000      0.0000   45125.7073
4    19180.8893      0.0000      0.0001       0.0001
5    22909.9799      0.0000      0.0000       0.0001
6    24978.9231      0.0000      0.0000       0.0000
7        0.0000   7200.0000      0.0000       0.0000
8        0.0000      0.0000      0.0000   41258.8866
9    11053.8907      0.0000   4771.2989       0.0000
10       0.0000      0.0000      0.0000   45486.1247
11       0.0000   5893.0886      0.0000       0.0000
12    8375.9267      0.0000   4285.4762       0.0000
13       0.0000      0.0000      0.0000   47725.1420
14    7139.4466      0.0000   4782.7096       0.0000
15       0.0000   5999.8092      0.0000       0.0000
16   17027.5973      0.0000      0.0000       0.0000
17    9226.4239      0.0000   3897.3665       0.0000
18    9534.9895      0.0000   5009.2452       0.0000
19       0.0000      0.0000      0.0000   41247.5664
20       0.0000   6049.0493      0.0000       0.0000
21    3038.5828      0.0000   4304.3193       0.0000
22     240.7325      0.0000   2883.2058   11394.3532
23   17811.2780      0.0000      0.0000       0.0000
24       0.0000      0.0000      0.0000   40770.1028
25    7144.6070      0.0000   3762.1543       0.0000
26       0.0000   3314.8455      0.0000   10854.2401
27    1171.2157      0.0000   3915.6139       0.0000
28   12335.5395      0.0000      0.0000       0.0000
29    1890.3405      0.0000      0.0000    4617.7406
30       0.0000      0.0000      0.0000       0.0000
;

hold [*] :=
Cuarto  1.4000
Entero  2.0000
 Medio  1.4500
Octavo  0.4500
;

TInv [*,*] (tr)
:      Cuarto      Entero       Medio       Octavo      :=
1        0.0000      0.0000   3561.4493    5960.3404
2     9496.0024      0.0000   1643.5191    1309.3880
3        0.0000      0.0000      0.0000   45128.4388
4    19134.6154      0.0000      0.0000       0.0000
5    22855.4461      0.0000      0.0000       0.0000
6    24957.1410      0.0000      0.0000       0.0000
7        0.0000   7200.0000      0.0000       0.0000
8        0.0000      0.0000      0.0000   41258.8866
9    11036.5584      0.0000   4783.5054       0.0000
10       0.0000      0.0000      0.0000   45456.1407
11       0.0000   5892.8941      0.0000       0.0000
12    8343.7373      0.0000   4285.4762       0.0000
13       0.0000      0.0000      0.0000   47734.5323
14    7137.4118      0.0000   4783.2826       0.0000
15       0.0000   5999.9060      0.0000       0.0000
16   17010.7692      0.0000      0.0000       0.0000
17    9231.6236      0.0000   3898.2490       0.0000
18    9530.7838      0.0000   5010.2666       0.0000
19       0.0000      0.0000      0.0000   41236.2706
20       0.0000   6048.7849      0.0000       0.0000
21    3019.9033      0.0000   4305.8487       0.0000
22     219.0422      0.0000   2878.5244   11422.3157
23   17798.5925      0.0000      0.0000       0.0000
24       0.0000      0.0000      0.0000   40764.8494
25    7145.5620      0.0000   3762.4573       0.0000
26       0.0000   3315.8793      0.0000   10842.9557
27    1162.4280      0.0000   3916.1405       0.0000
28   12313.5927      0.0000      0.0000       0.0000
29    1909.9105      0.0000      0.0000    4638.8271
30       0.0000      0.0000      0.0000       0.0000
;

hold [*] :=
Cuarto  1.4875
Entero  2.0000
 Medio  1.4500
Octavo  0.4500
;

TInv [*,*] (tr)
:      Cuarto      Entero       Medio       Octavo      :=
1        0.0000      0.0000   3561.0225    5957.7937
2     9487.4253      0.0000   1645.6933    1312.7843
3        0.0000      0.0000      0.0000   45129.1985
4    19088.3413      0.0000      0.0000       0.0001
5    22823.6782      0.0000      0.0000       0.0000
6    24938.4461      0.0000      0.0000       0.0000
7        0.0000   7200.0000      0.0000       0.0000
8        0.0000      0.0000      0.0000   41258.8866
9    11026.5287      0.0000   4779.4087       0.0000
10       0.0000      0.0000      0.0000   45456.9128
11       0.0000   5892.8194      0.0000       0.0000
12    8331.3269      0.0000   4285.4762       0.0000
13       0.0000      0.0000      0.0000   47740.2194
14    7134.7672      0.0000   4783.2643       0.0000
15       0.0000   5999.7835      0.0000       0.0000
16   16993.9423      0.0000      0.0000       0.0000
17    9224.0989      0.0000   3899.1315       0.0000
18    9526.5808      0.0000   5010.9998       0.0000
19       0.0000      0.0000      0.0000   41224.9742
20       0.0000   6048.9337      0.0000       0.0000
21    3001.2228      0.0000   4307.8229       0.0000
22     197.6521      0.0000   2873.7818   11450.2477
23   17785.9462      0.0000      0.0000       0.0000
24       0.0000      0.0000      0.0000   40759.5967
25    7146.7292      0.0000   3762.7603       0.0000
26       0.0000   3316.9132      0.0000   10831.1987
27    1153.6406      0.0000   3916.6801       0.0000
28   12290.8423      0.0000      0.0000       0.0000
29    1907.7573      0.0000      0.0000    4659.9135
30       0.0000      0.0000      0.0000       0.0000
;

hold [*] :=
Cuarto  1.5750
Entero  2.0000
 Medio  1.4500
Octavo  0.4500
;

TInv [*,*] (tr)
:      Cuarto      Entero       Medio       Octavo      :=
1        0.0000      0.0000   3560.5956    5955.2470
2     9478.8480      0.0000   1635.8900    1304.6068
3        0.0000      0.0000      0.0000   45128.7737
4    19042.0673      0.0000      0.0000       0.0000
5    22782.3933      0.0000      0.0000       0.0000
6    24917.5613      0.0000      0.0000       0.0000
7        0.0000   7200.0000      0.0000       0.0000
8        0.0000      0.0000      0.0000   41258.8866
9    11010.2570      0.0000   4783.0230       0.0000
10       0.0000      0.0000      0.0000   45448.9342
11       0.0000   5892.7680      0.0000       0.0000
12    8309.9658      0.0000   4285.4762       0.0000
13       0.0000      0.0000      0.0000   47738.1681
14    7129.6497      0.0000   4783.3096       0.0000
15       0.0000   5999.8591      0.0000       0.0000
16   16977.1154      0.0000      0.0000       0.0000
17    9220.1659      0.0000   3900.0140       0.0000
18    9522.0894      0.0000   5011.5940       0.0000
19       0.0000      0.0000      0.0000   41213.6789
20       0.0000   6048.7589      0.0000       0.0000
21    2982.5426      0.0000   4309.4413       0.0000
22     175.6954      0.0000   2869.1211   11478.3578
23   17773.2149      0.0000      0.0000       0.0000
24       0.0000      0.0000      0.0000   40754.3445
25    7141.7175      0.0000   3763.0634       0.0000
26       0.0000   3317.9469      0.0000   10817.4925
27    1144.8524      0.0000   3917.1827       0.0000
28   12268.1713      0.0000      0.0000       0.0000
29    1906.4650      0.0000      0.0000    4681.0021
30       0.0000      0.0000      0.0000       0.0000
;

hold [*] :=
Cuarto  1.6625
Entero  2.0000
 Medio  1.4500
Octavo  0.4500
;

TInv [*,*] (tr)
:      Cuarto      Entero       Medio       Octavo      :=
1        0.0000      0.0000   3560.1688    5952.7004
2     9470.2707      0.0000   1648.1313    1327.5370
3        0.0000      0.0000      0.0000   45129.5253
4    18995.7933      0.0000      0.0000       0.0000
5    22761.4515      0.0000      0.0000       0.0000
6    24899.9354      0.0000      0.0000       0.0000
7        0.0000   7200.0000      0.0000       0.0000
8        0.0000      0.0000      0.0000   41258.8866
9    11003.0906      0.0000   4779.3868       0.0000
10       0.0000      0.0000      0.0000   45455.1901
11       0.0000   5892.7047      0.0000       0.0000
12    8302.0372      0.0000   4285.4762       0.0000
13       0.0000      0.0000      0.0000   47743.2411
14    7127.3804      0.0000   4783.2081       0.0000
15       0.0000   5999.6575      0.0000       0.0000
16   16960.2885      0.0000      0.0000       0.0000
17    9211.5116      0.0000   3908.7012       0.0000
18    9518.1261      0.0000   5017.9071       0.0000
19       0.0000      0.0000      0.0000   41102.4826
20       0.0000   6048.9465      0.0000       0.0000
21    2873.0149      0.0000   4327.6386       0.0000
22       0.0000      0.0000   2822.8945   11755.1606
23   17420.0417      0.0000      0.0000       0.0000
24       0.0000      0.0000      0.0000   40834.9399
25    6574.8639      0.0000   3738.5118       0.0000
26       0.0000   3339.8265      0.0000    8702.5773
27    1405.6695      0.0000   3875.6080       0.0000
28   11344.0699      0.0000      0.0000       0.0000
29    1886.5841      0.0000      0.0000    4065.5170
30       0.0000      0.0000      0.0000       0.0000
;

hold [*] :=
Cuarto  1.7500
Entero  2.0000
 Medio  1.4500
Octavo  0.4500
;

TInv [*,*] (tr)
:      Cuarto      Entero       Medio       Octavo      :=
1        0.0000      0.0000   3360.6791    4517.7315
2     9782.8269      0.0000      0.0000    5037.5972
3        0.0000      0.0000      0.0000   45059.9384
4    14102.3722      0.0000   2641.1549       0.0000
5    22413.4172      0.0000      0.0000       0.0000
6    24844.1750      0.0000      0.0000       0.0000
7        0.0000   7200.0000      0.0000       0.0000
8        0.0000      0.0000      0.0000   41258.8866
9    10919.1070      0.0000   4778.0316       0.0000
10       0.0000      0.0000      0.0000   45457.5344
11       0.0000   5890.5602      0.0000       0.0000
12    8244.4758      0.0000   4285.4762       0.0000
13       0.0000      0.0000      0.0000   47721.4664
14    7109.7645      0.0000   4781.4095       0.0000
15       0.0000   5998.6350      0.0000       0.0000
16   16945.6151      0.0000      0.0000       0.0000
17    9205.6917      0.0000   3974.1433       0.0000
18    9514.7152      0.0000   5056.8233       0.0000
19       0.0000      0.0000      0.0000   41204.1779
20       0.0000   6045.8730      0.0000       0.0000
21    3386.9614      0.0000   4376.9965       0.0000
22       0.0000      0.0000   2473.4369   15562.7475
23   17371.9661      0.0000      0.0000       0.0000
24       0.0000      0.0000      0.0000   42236.2717
25    6495.3019      0.0000   3805.7332       0.0000
26       0.0000   5109.9441      0.0000       0.0000
27    1147.7910      0.0000   3935.4171       0.0000
28    7238.4720      0.0000      0.0000       0.0000
29       0.0000      0.0000      0.0000   19141.9386
30       0.0000      0.0000      0.0000       0.0000
;

hold [*] :=
Cuarto  1.8375
Entero  2.0000
 Medio  1.4500
Octavo  0.4500
;

TInv [*,*] (tr)
:      Cuarto      Entero       Medio       Octavo      :=
1        0.0000      0.0000   3335.7424    4481.8043
2     9771.2829      0.0000      0.0000    4262.1297
3        0.0000      0.0000      0.0000   45132.8042
4    13809.1435      0.0000   2768.4262       0.0000
5    22095.2678      0.0000      0.0000       0.0000
6    24768.0958      0.0000      0.0000       0.0000
7        0.0000   7200.0000      0.0000       0.0000
8        0.0000      0.0000      0.0000   41258.8866
9    10852.0448      0.0000   4784.4372       0.0000
10       0.0000      0.0000      0.0000   45475.3455
11       0.0000   5893.2630      0.0000       0.0000
12    8145.1093      0.0000   4285.4762       0.0000
13       0.0000      0.0000      0.0000   47758.3206
14    7126.5170      0.0000   4783.9880       0.0000
15       0.0000   5999.6839      0.0000       0.0000
16   16926.6484      0.0000      0.0000       0.0000
17    9200.0968      0.0000   3973.3498       0.0000
18    9512.3372      0.0000   5064.6889       0.0000
19       0.0000      0.0000      0.0000   41209.8132
20       0.0000   6046.9976      0.0000       0.0000
21    3381.7955      0.0000   4460.8335       0.0000
22       0.0000      0.0000   2478.2276   15245.3569
23   17354.4250      0.0000      0.0000       0.0000
24       0.0000      0.0000      0.0000   42900.6970
25    6530.3523      0.0000   3805.4313       0.0000
26       0.0000   5106.2534      0.0000       0.0000
27    1138.5889      0.0000   3989.1875       0.0000
28    7519.4057      0.0000      0.0000       0.0000
29       0.0000      0.0000      0.0000   19135.9006
30       0.0000      0.0000      0.0000       0.0000
;

hold [*] :=
Cuarto  1.9250
Entero  2.0000
 Medio  1.4500
Octavo  0.4500
;

TInv [*,*] (tr)
:      Cuarto      Entero       Medio       Octavo      :=
1        0.0000      0.0000   3310.8006    4445.8786
2     9759.7395      0.0000      0.0000    4188.4309
3        0.0000      0.0000      0.0000   45145.2577
4    13515.8340      0.0000   2895.2183       0.0000
5    22031.1611      0.0000      0.0000       0.0000
6    24747.0217      0.0000      0.0000       0.0000
7        0.0000   7200.0000      0.0000       0.0000
8        0.0000      0.0000      0.0000   41258.8867
9    10842.0499      0.0000   4785.0113       0.0000
10       0.0000      0.0000      0.0000   45506.4284
11       0.0000   5893.8813      0.0000       0.0000
12    8133.2492      0.0000   4285.4763       0.0000
13       0.0000      0.0000      0.0000   47791.9074
14    7144.1805      0.0000   4784.8511       0.0000
15       0.0000   5999.5346      0.0000       0.0000
16   16909.8107      0.0000      0.0000       0.0000
17    9193.6273      0.0000   3972.9870       0.0000
18    9512.9363      0.0000   5064.6865       0.0000
19       0.0000      0.0000      0.0000   41212.3991
20       0.0000   6047.2627      0.0000       0.0000
21    3374.6820      0.0000   4459.6495       0.0000
22       0.0000      0.0000   2479.9078   15056.3019
23   17336.8842      0.0000      0.0000       0.0000
24       0.0000      0.0000      0.0000   43007.9669
25    6562.5820      0.0000   3805.1294       0.0000
26       0.0000   5102.5630      0.0000       0.0000
27    1129.3869      0.0000   3988.6358       0.0000
28    7537.7000      0.0000      0.0000       0.0000
29       0.0000      0.0000      0.0000   19129.8626
30       0.0000      0.0000      0.0000       0.0000
;

hold [*] :=
Cuarto  2.0125
Entero  2.0000
 Medio  1.4500
Octavo  0.4500
;

TInv [*,*] (tr)
:      Cuarto      Entero       Medio       Octavo      :=
1        0.0000      0.0000   3285.8862    4409.9318
2     9748.1896      0.0000      0.0000    4223.8411
3        0.0000      0.0000      0.0000   45146.0478
4    13222.9935      0.0000   3023.7752       0.0000
5    21971.2398      0.0000      0.0000       0.0000
6    24718.2044      0.0000      0.0000       0.0000
7        0.0000   7200.0000      0.0000       0.0000
8        0.0000      0.0000      0.0000   41258.8866
9    10814.5737      0.0000   4784.8522       0.0000
10       0.0000      0.0000      0.0000   45490.0235
11       0.0000   5893.1191      0.0000       0.0000
12    8099.7561      0.0000   4285.4762       0.0000
13       0.0000      0.0000      0.0000   47776.9375
14    7125.8322      0.0000   4784.7023       0.0000
15       0.0000   5999.4268      0.0000       0.0000
16   16892.9808      0.0000      0.0000       0.0000
17    9186.0155      0.0000   3972.6312       0.0000
18    9506.3656      0.0000   5064.7347       0.0000
19       0.0000      0.0000      0.0000   41214.9302
20       0.0000   6047.7440      0.0000       0.0000
21    3367.6282      0.0000   4458.7119       0.0000
22       0.0000      0.0000   2483.1404   15033.3429
23   17319.3435      0.0000      0.0000       0.0000
24       0.0000      0.0000      0.0000   43012.3786
25    6503.3989      0.0000   3804.8275       0.0000
26       0.0000   5098.8726      0.0000       0.0000
27    1120.1849      0.0000   3988.0412       0.0000
28    7534.8696      0.0000      0.0000       0.0000
29       0.0000      0.0000      0.0000   19123.8247
30       0.0000      0.0000      0.0000       0.0000
;

hold [*] :=
Cuarto  2.1000
Entero  2.0000
 Medio  1.4500
Octavo  0.4500
;

TInv [*,*] (tr)
:      Cuarto      Entero       Medio       Octavo      :=
1        0.0000      0.0000   3254.8140    4365.8921
2     9735.8323      0.0000      0.0000    4207.9737
3        0.0000      0.0000      0.0000   45148.3678
4    12697.5357      0.0000   3272.9692       0.0000
5    21887.9754      0.0000      0.0000       0.0000
6    24685.0459      0.0000      0.0000       0.0000
7        0.0000   7200.0000      0.0000       0.0000
8        0.0000      0.0000      0.0000   41258.8866
9    10785.1143      0.0000   4796.5639       0.0000
10       0.0000      0.0000      0.0000   45479.0158
11       0.0000   5892.9962      0.0000       0.0000
12    8069.9388      0.0000   4286.5282       0.0000
13       0.0000      0.0000      0.0000   47765.7433
14    7120.4899      0.0000   4786.3376       0.0000
15       0.0000   5999.6679      0.0000       0.0000
16   16876.1540      0.0000      0.0000       0.0000
17    9178.7452      0.0000   3972.2778       0.0000
18    9500.0603      0.0000   5064.4917       0.0000
19       0.0000      0.0000      0.0000   41217.4434
20       0.0000   6048.0336      0.0000       0.0000
21    3360.5944      0.0000   4458.1810       0.0000
22       0.0000      0.0000   2485.1558   15024.2957
23   17301.8033      0.0000      0.0000       0.0000
24       0.0000      0.0000      0.0000   43012.7069
25    6471.9113      0.0000   3804.5256       0.0000
26       0.0000   5095.1826      0.0000       0.0000
27    1110.9828      0.0000   3987.5191       0.0000
28    7529.0515      0.0000      0.0000       0.0000
29       0.0000      0.0000      0.0000   19117.7868
30       0.0000      0.0000      0.0000       0.0000
;

hold [*] :=
Cuarto  2.1875
Entero  2.0000
 Medio  1.4500
Octavo  0.4500
;

TInv [*,*] (tr)
:      Cuarto      Entero       Medio       Octavo      :=
1        0.0000      0.0000   3223.3937    4321.3424
2     9723.4197      0.0000      0.0000    4186.6425
3        0.0000      0.0000      0.0000   45151.8804
4    12158.2036      0.0000   3531.4624       0.0000
5    21805.0096      0.0000      0.0000       0.0000
6    24653.4513      0.0000      0.0000       0.0000
7        0.0000   7200.0000      0.0000       0.0000
8        0.0000      0.0000      0.0000   41258.8866
9    10756.9858      0.0000   4808.6001       0.0000
10       0.0000      0.0000      0.0000   45480.2677
11       0.0000   5892.9366      0.0000       0.0000
12    8042.2032      0.0000   4288.8597       0.0000
13       0.0000      0.0000      0.0000   47762.5962
14    7121.9162      0.0000   4788.5963       0.0000
15       0.0000   5999.5871      0.0000       0.0000
16   16859.3269      0.0000      0.0000       0.0000
17    9171.1667      0.0000   3971.9243       0.0000
18    9494.9702      0.0000   5064.4295       0.0000
19       0.0000      0.0000      0.0000   41219.9572
20       0.0000   6048.2784      0.0000       0.0000
21    3353.5596      0.0000   4457.6349       0.0000
22       0.0000      0.0000   2487.1386   15022.0822
23   17284.2632      0.0000      0.0000       0.0000
24       0.0000      0.0000      0.0000   43017.0428
25    6446.4863      0.0000   3804.2237       0.0000
26       0.0000   5091.4927      0.0000       0.0000
27    1101.7808      0.0000   3987.0541       0.0000
28    7523.0789      0.0000      0.0000       0.0000
29       0.0000      0.0000      0.0000   19111.7489
30       0.0000      0.0000      0.0000       0.0000
;

hold [*] :=
Cuarto  2.2750
Entero  2.0000
 Medio  1.4500
Octavo  0.4500
;

TInv [*,*] (tr)
:      Cuarto      Entero       Medio       Octavo      :=
1        0.0000      0.0000   3192.0311    4276.8762
2     9711.0139      0.0000      0.0004    4096.6776
3        0.0000      0.0000      0.0000   45137.8113
4    11619.7301      0.0000   3789.6159       0.0003
5    21732.7565      0.0000      0.0001       0.0002
6    24623.1354      0.0000      0.0001       0.0002
7        0.0000   7199.9999      0.0001       0.0002
8        0.0000      0.0000      0.0000   41258.8869
9    10720.3158      0.0000   4823.2054       0.0001
10       0.0000      0.0000      0.0000   45481.8801
11       0.0001   5887.4058      0.0002       0.0003
12    8007.4914      0.0000   4292.0395       0.0001
13       0.0000      0.0000      0.0000   47757.4347
14    7131.3131      0.0000   4790.7684       0.0001
15       0.0000   5989.5689      0.0001       0.0002
16   16842.5032      0.0000      0.0000       0.0002
17    9164.4015      0.0000   3971.5715       0.0001
18    9490.1978      0.0000   5064.5596       0.0001
19       0.0000      0.0000      0.0000   41222.4647
20       0.0000   6029.7946      0.0000       0.0001
21    3346.5303      0.0000   4457.4382       0.0001
22       0.0000      0.0000   2487.2163   14952.4162
23   17266.7240      0.0000      0.0000       0.0001
24       0.0000      0.0000      0.0000   43010.4050
25    6290.2361      0.0000   3803.9220       0.0001
26       0.0000   5087.8029      0.0000       0.0026
27    1092.5773      0.0000   3986.7519       0.0000
28    7516.3146      0.0000      0.0000       0.0000
29       0.0000      0.0000      0.0000   19105.7101
30       0.0000      0.0000      0.0000       0.0000
;

hold [*] :=
Cuarto  2.3625
Entero  2.0000
 Medio  1.4500
Octavo  0.4500
;

TInv [*,*] (tr)
:      Cuarto      Entero       Medio       Octavo      :=
1        0.0000      0.0000   3160.7294    4232.4863
2     9698.6196      0.0000      0.0000    4151.5821
3        0.0000      0.0000      0.0000   45101.3713
4    11082.2330      0.0000   4046.5022       0.0000
5    21654.1614      0.0000      0.0000       0.0000
6    24586.7804      0.0000      0.0000       0.0000
7        0.0000   7200.0000      0.0000       0.0000
8        0.0000      0.0000      0.0000   41258.8866
9    10671.5205      0.0000   4838.6670       0.0000
10       0.0000      0.0000      0.0000   45473.5247
11       0.0000   5887.0283      0.0000       0.0000
12    7967.2287      0.0000   4296.2840       0.0000
13       0.0000      0.0000      0.0000   47742.9068
14    7079.0160      0.0000   4790.8574       0.0000
15       0.0000   5989.0888      0.0000       0.0000
16   16825.6732      0.0000      0.0000       0.0000
17    9152.0378      0.0000   3971.2176       0.0000
18    9484.6951      0.0000   5065.8976       0.0000
19       0.0000      0.0000      0.0000   41224.9829
20       0.0000   6032.2998      0.0000       0.0000
21    3339.4922      0.0000   4460.9112       0.0000
22       0.0000      0.0000   2489.1049   14950.2289
23   17249.1841      0.0000      0.0000       0.0000
24       0.0000      0.0000      0.0000   43010.3709
25    6183.5279      0.0000   3803.6200       0.0000
26       0.0000   5084.1136      0.0000       0.0001
27    1083.3766      0.0000   3986.2433       0.0000
28    7509.3802      0.0000      0.0000       0.0000
29       0.0000      0.0000      0.0000   19099.6731
30       0.0000      0.0000      0.0000       0.0000
;

hold [*] :=
Cuarto  2.4500
Entero  2.0000
 Medio  1.4500
Octavo  0.4500
;

TInv [*,*] (tr)
:      Cuarto      Entero       Medio       Octavo      :=
1        0.0000      0.0000   3129.4776    4188.1666
2     9686.2308      0.0000      0.0000    4487.2356
3        0.0000      0.0000      0.0000   44934.0915
4    10545.5091      0.0000   4303.1294       0.0001
5    21549.8556      0.0000      0.0000       0.0000
6    24535.8905      0.0000      0.0000       0.0000
7        0.0000   7200.0000      0.0000       0.0000
8        0.0000      0.0000      0.0000   41258.8866
9    10610.7622      0.0000   4845.4742       0.0000
10       0.0000      0.0000      0.0000   45496.5937
11       0.0000   5891.4935      0.0000       0.0001
12    7903.2181      0.0000   4300.8936       0.0000
13       0.0000      0.0000      0.0000   47703.7757
14    6835.2486      0.0000   4785.5190       0.0000
15       0.0000   5994.0373      0.0000       0.0000
16   16808.8461      0.0000      0.0000       0.0000
17    9128.4581      0.0000   3970.8642       0.0000
18    9480.3598      0.0000   5070.8672       0.0000
19       0.0000      0.0000      0.0000   41227.4961
20       0.0000   6030.3474      0.0000       0.0000
21    3332.4582      0.0000   4467.6875       0.0000
22       0.0000      0.0000   2490.7890   15112.9360
23   17231.6448      0.0000      0.0000       0.0000
24       0.0000      0.0000      0.0000   42938.2327
25    6224.9871      0.0000   3803.3181       0.0000
26       0.0000   5080.4243      0.0000       0.0001
27    1074.1747      0.0000   3986.1298       0.0000
28    7517.1473      0.0000      0.0000       0.0000
29       0.0000      0.0000      0.0000   19093.6353
30       0.0000      0.0000      0.0000       0.0000
;

hold [*] :=
Cuarto  2.5375
Entero  2.0000
 Medio  1.4500
Octavo  0.4500
;

TInv [*,*] (tr)
:      Cuarto      Entero       Medio       Octavo      :=
1        0.0000      0.0000   3098.2661    4143.9016
2     9673.8474      0.0000      0.0000    4378.3077
3        0.0000      0.0000      0.0000   45079.2901
4    10009.4145      0.0000   4556.6554       0.0001
5    21478.2399      0.0000      0.0000       0.0000
6    24514.9944      0.0000      0.0000       0.0000
7        0.0000   7200.0000      0.0000       0.0001
8        0.0000      0.0000      0.0000   41258.8866
9    10624.2354      0.0000   4861.6047       0.0000
10       0.0000      0.0000      0.0000   45495.2003
11       0.0000   5890.4620      0.0000       0.0001
12    7905.5170      0.0000   4299.8503       0.0000
13       0.0000      0.0000      0.0000   47722.5830
14    7011.8461      0.0000   4793.5272       0.0000
15       0.0000   5995.5099      0.0000       0.0001
16   16792.0193      0.0000      0.0000       0.0000
17    9126.6198      0.0000   3970.5108       0.0000
18    9478.6086      0.0000   5063.7046       0.0000
19       0.0000      0.0000      0.0000   41230.0089
20       0.0000   6047.8042      0.0000       0.0000
21    3325.4244      0.0000   4455.5323       0.0000
22       0.0000      0.0000   2493.4072   15006.1601
23   17214.1060      0.0000      0.0000       0.0000
24       0.0000      0.0000      0.0000   42978.1803
25    6305.5559      0.0000   3803.0162       0.0000
26       0.0000   5076.7353      0.0000       0.0002
27    1064.9725      0.0000   3985.2411       0.0000
28    7501.2173      0.0000      0.0000       0.0000
29       0.0000      0.0000      0.0000   19087.5973
30       0.0000      0.0000      0.0000       0.0000
;

hold [*] :=
Cuarto  2.6250
Entero  2.0000
 Medio  1.4500
Octavo  0.4500
;

TInv [*,*] (tr)
:      Cuarto      Entero       Medio       Octavo      :=
1        0.0000      0.0000   2766.9732    3693.6170
2     9620.5497      0.0000      0.0000    4377.9533
3        0.0000      0.0000      0.0000   45123.2839
4     4333.3301      0.0000   7142.8969       0.0001
5    20801.3388      0.0000      0.0000       0.0000
6    24189.7132      0.0000      0.0000       0.0000
7        0.0000   7200.0000      0.0000       0.0000
8        0.0000      0.0000      0.0000   41258.8866
9    10248.0546      0.0000   4953.9455       0.0000
10       0.0000      0.0000      0.0000   45470.9583
11       0.0000   5973.2988      0.0000       0.0000
12    7082.6691      0.0000   4338.4282       0.0000
13       0.0000      0.0000      0.0000   47737.3049
14    4213.6211      0.0000   4794.8139       0.0000
15       0.0000   4752.5090      0.0000       0.0000
16   16775.1923      0.0000      0.0000       0.0000
17    9128.8370      0.0000   3970.1574       0.0000
18    9471.9375      0.0000   5062.8850       0.0000
19       0.0000      0.0000      0.0000   41232.5222
20       0.0000   6046.4431      0.0000       0.0000
21    3318.3903      0.0000   4449.1264       0.0000
22       0.0000      0.0000   2496.1146   14992.4995
23   17196.5673      0.0000      0.0000       0.0000
24       0.0000      0.0000      0.0000   42957.7107
25    6373.6255      0.0000   3802.7143       0.0000
26       0.0000   5073.0465      0.0000       0.0000
27    1055.7707      0.0000   3983.0466       0.0000
28    7490.7294      0.0000      0.0000       0.0000
29       0.0000      0.0000      0.0000   19081.5596
30       0.0000      0.0000      0.0000       0.0000
;

hold [*] :=
Cuarto  2.7125
Entero  2.0000
 Medio  1.4500
Octavo  0.4500
;

TInv [*,*] (tr)
:      Cuarto      Entero       Medio       Octavo      :=
1        0.0000      0.0000   2741.3869    3648.1551
2     9608.0450      0.0000      0.0000    4318.4899
3        0.0000      0.0000      0.0000   45138.8888
4     3953.2728      0.0000   7321.0081       0.0000
5    20671.7417      0.0000      0.0000       0.0000
6    24117.6209      0.0000      0.0000       0.0000
7        0.0000   7200.0000      0.0000       0.0000
8        0.0000      0.0000      0.0000   41258.8867
9    10179.3528      0.0000   5034.0648       0.0000
10       0.0000      0.0000      0.0000   45472.7746
11       0.0000   5983.1844      0.0000       0.0000
12    7080.2067      0.0000   4340.4598       0.0000
13       0.0000      0.0000      0.0000   47741.9702
14    4204.9930      0.0000   4797.0665       0.0000
15       0.0000   4774.8409      0.0000       0.0000
16   16758.3654      0.0000      0.0000       0.0000
17    9123.1071      0.0000   3969.8040       0.0000
18    9468.3769      0.0000   5061.4189       0.0000
19       0.0000      0.0000      0.0000   41235.0344
20       0.0000   6046.1357      0.0000       0.0000
21    3311.3569      0.0000   4451.5549       0.0000
22       0.0000      0.0000   2497.9449   14944.4483
23   17179.0290      0.0000      0.0000       0.0000
24       0.0000      0.0000      0.0000   42990.4828
25    6372.5430      0.0000   3802.4124       0.0000
26       0.0000   5069.3579      0.0000       0.0000
27    1046.5684      0.0000   3983.6137       0.0000
28    7484.8702      0.0000      0.0000       0.0000
29       0.0000      0.0000      0.0000   19075.5209
30       0.0000      0.0000      0.0000       0.0000
;

hold [*] :=
Cuarto  2.8000
Entero  2.0000
 Medio  1.4500
Octavo  0.4500
;

TInv [*,*] (tr)
:      Cuarto      Entero       Medio       Octavo      :=
1        0.0000      0.0000   2715.7853    3602.6964
2     9595.5448      0.0000      0.0000    4321.2013
3        0.0000      0.0000      0.0000   45149.1395
4     3572.8794      0.0000   7491.2620       0.0000
5    20537.0768      0.0000      0.0000       0.0000
6    24074.3122      0.0000      0.0000       0.0000
7        0.0000   7200.0000      0.0000       0.0000
8        0.0000      0.0000      0.0000   41258.8866
9    10142.4433      0.0000   5064.5535       0.0000
10       0.0000      0.0000      0.0000   45465.5078
11       0.0000   5986.2791      0.0000       0.0000
12    7075.4817      0.0000   4345.5654       0.0000
13       0.0000      0.0000      0.0000   47740.3929
14    4196.3860      0.0000   4794.7790       0.0000
15       0.0000   4775.3500      0.0000       0.0000
16   16741.5385      0.0000      0.0000       0.0000
17    9117.2578      0.0000   3969.4506       0.0000
18    9463.0138      0.0000   5061.1757       0.0000
19       0.0000      0.0000      0.0000   41237.5485
20       0.0000   6045.7182      0.0000       0.0000
21    3304.3224      0.0000   4452.2955       0.0000
22       0.0000      0.0000   2500.4236   14929.7435
23   17161.4909      0.0000      0.0000       0.0000
24       0.0000      0.0000      0.0000   43008.7720
25    6332.0779      0.0000   3802.1105       0.0000
26       0.0000   5065.6694      0.0000       0.0000
27    1037.3666      0.0000   3983.4393       0.0000
28    7479.1880      0.0000      0.0000       0.0000
29       0.0000      0.0000      0.0000   19069.4840
30       0.0000      0.0000      0.0000       0.0000
;

hold [*] :=
Cuarto  2.8875
Entero  2.0000
 Medio  1.4500
Octavo  0.4500
;

TInv [*,*] (tr)
:      Cuarto      Entero       Medio       Octavo      :=
1        0.0001      0.0000   2701.9863    3576.8496
2     9585.0187      0.0000      0.0000    4336.1752
3        0.0000      0.0000      0.0000   45163.3369
4     2388.2450    267.7669   7582.2766       0.0013
5    20428.5799      0.0000      0.0000       0.0002
6    24038.7820      0.0000      0.0000       0.0001
7        0.0001   7199.9999      0.0000       0.0002
8        0.0000      0.0000      0.0000   41258.8865
9    10110.5141      0.0000   5074.3666       0.0001
10       0.0000      0.0000      0.0000   45464.8966
11       0.0001   6003.5716      0.0000       0.0002
12    7071.5400      0.0000   4348.8570       0.0001
13       0.0000      0.0000      0.0000   47741.1878
14    4053.0086      0.0000   4793.8484       0.0001
15       0.0001   4729.2447      0.0000       0.0002
16   16724.7114      0.0000      0.0000       0.0002
17    9111.3882      0.0000   3969.0971       0.0001
18    9459.2670      0.0000   5060.7329       0.0001
19       0.0000      0.0000      0.0000   41240.0597
20       0.0000   6047.2782      0.0000       0.0001
21    3297.2872      0.0000   4452.2096       0.0001
22       0.0001      0.0000   2502.3982   14909.9194
23   17143.9531      0.0000      0.0000       0.0001
24       0.0000      0.0000      0.0000   43016.0945
25    6319.5136      0.0000   3801.8090       0.0001
26       0.0000   5061.9811      0.0000       0.0011
27    1028.1599      0.0000   3983.0206       0.0000
28    7473.4549      0.0000      0.0000       0.0000
29       0.0000      0.0000      0.0000   19063.4432
30       0.0000      0.0000      0.0000       0.0000
;

hold [*] :=
Cuarto  2.9750
Entero  2.0000
 Medio  1.4500
Octavo  0.4500
;

TInv [*,*] (tr)
:      Cuarto      Entero       Medio       Octavo      :=
1        0.0000      0.0000   2688.1549    3550.9562
2     9574.4883      0.0000      0.0000    4337.4183
3        0.0000      0.0000      0.0000   45154.9089
4      930.9272    611.1475   7673.6032       0.0000
5    20390.5681      0.0000      0.0000       0.0000
6    24003.7552      0.0000      0.0000       0.0000
7        0.0000   7200.0000      0.0000       0.0000
8        0.0000      0.0000      0.0000   41258.8866
9    10080.0171      0.0000   5081.9355       0.0000
10       0.0000      0.0000      0.0000   45462.1518
11       0.0000   6030.3518      0.0000       0.0000
12    7066.6237      0.0000   4349.6967       0.0000
13       0.0000      0.0000      0.0000   47740.4537
14    3871.7297      0.0000   4793.0899       0.0000
15       0.0000   4670.2660      0.0000       0.0000
16   16707.8846      0.0000      0.0000       0.0000
17    9105.2621      0.0000   3968.7437       0.0000
18    9454.6325      0.0000   5060.2978       0.0000
19       0.0000      0.0000      0.0000   41242.5749
20       0.0000   6050.9861      0.0000       0.0000
21    3290.2541      0.0000   4451.2567       0.0000
22       0.0000      0.0000   2504.4058   14893.0784
23   17126.4155      0.0000      0.0000       0.0000
24       0.0000      0.0000      0.0000   43018.7655
25    6298.4586      0.0000   3801.5067       0.0000
26       0.0000   5058.2932      0.0000       0.0000
27    1018.9626      0.0000   3982.4611       0.0000
28    7467.2804      0.0000      0.0000       0.0000
29       0.0000      0.0000      0.0000   19057.4084
30       0.0000      0.0000      0.0000       0.0000
;

hold [*] :=
Cuarto  3.0625
Entero  2.0000
 Medio  1.4500
Octavo  0.4500
;

TInv [*,*] (tr)
:      Cuarto      Entero       Medio       Octavo      :=
1        0.0000      0.0000   2678.0991    3531.3401
2     9564.5903      0.0000      0.0000    4341.0626
3        0.0000      0.0000      0.0000   45148.6954
4        0.0004    826.7667   7740.1727       0.0000
5    20355.4487      0.0000      0.0000       0.0000
6    23978.9675      0.0000      0.0000       0.0000
7        0.0000   7200.0000      0.0000       0.0000
8        0.0000      0.0000      0.0000   41258.8866
9    10061.9027      0.0000   5088.7420       0.0000
10       0.0000      0.0000      0.0000   45456.4183
11       0.0000   6048.5821      0.0000       0.0000
12    7061.3993      0.0000   4351.7153       0.0000
13       0.0000      0.0000      0.0000   47738.9842
14    3754.7914      0.0000   4792.5287       0.0000
15       0.0000   4632.7864      0.0000       0.0000
16   16691.0577      0.0000      0.0000       0.0000
17    9098.9028      0.0000   3968.3903       0.0000
18    9449.0265      0.0000   5060.1904       0.0000
19       0.0000      0.0000      0.0000   41245.0882
20       0.0000   6052.4915      0.0000       0.0000
21    3283.2199      0.0000   4450.4824       0.0000
22       0.0000      0.0000   2506.2239   14872.9206
23   17108.8782      0.0000      0.0000       0.0000
24       0.0000      0.0000      0.0000   43017.6808
25    6289.2105      0.0000   3801.2048       0.0000
26       0.0000   5054.6054      0.0000       0.0000
27    1009.7605      0.0000   3981.8998       0.0000
28    7461.0509      0.0000      0.0000       0.0000
29       0.0000      0.0000      0.0000   19051.3706
30       0.0000      0.0000      0.0000       0.0000
;

hold [*] :=
Cuarto  3.1500
Entero  2.0000
 Medio  1.4500
Octavo  0.4500
;

TInv [*,*] (tr)
:      Cuarto      Entero       Medio       Octavo      :=
1        0.0000      0.0000   2678.4610    3529.0545
2     9556.4385      0.0000      0.0000    4354.5516
3        0.0000      0.0000      0.0000   45142.5498
4        0.0000    829.4177   7736.2393       0.0000
5    20321.7949      0.0000      0.0000       0.0000
6    23955.1454      0.0000      0.0000       0.0000
7        0.0000   7200.0000      0.0000       0.0000
8        0.0000      0.0000      0.0000   41258.8866
9    10045.7353      0.0000   5088.6814       0.0000
10       0.0000      0.0000      0.0000   45448.6791
11       0.0000   6040.8526      0.0000       0.0000
12    7055.9364      0.0000   4353.0971       0.0000
13       0.0000      0.0000      0.0000   47736.5832
14    3744.8583      0.0000   4792.4950       0.0000
15       0.0000   4631.1679      0.0000       0.0000
16   16674.2308      0.0000      0.0000       0.0000
17    9091.2894      0.0000   3968.0368       0.0000
18    9442.1600      0.0000   5060.3545       0.0000
19       0.0000      0.0000      0.0000   41247.6016
20       0.0000   6052.8359      0.0000       0.0000
21    3276.1857      0.0000   4449.8027       0.0000
22       0.0000      0.0000   2507.9362   14854.6715
23   17091.3412      0.0000      0.0000       0.0000
24       0.0000      0.0000      0.0000   43015.2023
25    6281.8236      0.0000   3800.9029       0.0000
26       0.0000   5050.9178      0.0000       0.0000
27    1000.5586      0.0000   3981.3101       0.0000
28    7454.7594      0.0000      0.0000       0.0000
29       0.0000      0.0000      0.0000   19045.3329
30       0.0000      0.0000      0.0000       0.0000
;

hold [*] :=
Cuarto  3.2375
Entero  2.0000
 Medio  1.4500
Octavo  0.4500
;

TInv [*,*] (tr)
:      Cuarto      Entero       Medio       Octavo      :=
1        0.0000      0.0000   2678.8228    3526.7689
2     9548.2868      0.0000      0.0000    4366.7243
3        0.0000      0.0000      0.0000   45142.6632
4        0.0000    832.0683   7732.0107       0.0000
5    20288.1410      0.0000      0.0000       0.0000
6    23933.9791      0.0000      0.0000       0.0000
7        0.0000   7200.0000      0.0000       0.0000
8        0.0000      0.0000      0.0000   41258.8866
9    10032.8672      0.0000   5088.2753       0.0000
10       0.0000      0.0000      0.0000   45445.9888
11       0.0000   6041.9704      0.0000       0.0000
12    7051.4577      0.0000   4353.2230       0.0000
13       0.0000      0.0000      0.0000   47735.7411
14    3734.9256      0.0000   4792.5295       0.0000
15       0.0000   4628.6815      0.0000       0.0000
16   16657.4038      0.0000      0.0000       0.0000
17    9083.7940      0.0000   3967.6834       0.0000
18    9436.7366      0.0000   5060.2025       0.0000
19       0.0000      0.0000      0.0000   41250.1150
20       0.0000   6052.9175      0.0000       0.0000
21    3269.1514      0.0000   4449.0744       0.0000
22       0.0000      0.0000   2509.7599   14839.5830
23   17073.8045      0.0000      0.0000       0.0000
24       0.0000      0.0000      0.0000   43014.6985
25    6270.5819      0.0000   3800.6011       0.0000
26       0.0000   5047.2304      0.0000       0.0000
27     991.3565      0.0000   3980.7929       0.0000
28    7448.5849      0.0000      0.0000       0.0000
29       0.0000      0.0000      0.0000   19039.2951
30       0.0000      0.0000      0.0000       0.0000
;

hold [*] :=
Cuarto  3.3250
Entero  2.0000
 Medio  1.4500
Octavo  0.4500
;

TInv [*,*] (tr)
:      Cuarto      Entero       Medio       Octavo      :=
1        0.0000      0.0000   2679.1846    3524.4832
2     9540.1351      0.0000      0.0000    4378.8678
3        0.0000      0.0000      0.0000   45140.6326
4        0.0000    834.7186   7727.7657       0.0000
5    20254.4872      0.0000      0.0000       0.0000
6    23913.4059      0.0000      0.0000       0.0000
7        0.0000   7200.0000      0.0000       0.0000
8        0.0000      0.0000      0.0000   41258.8866
9    10020.6724      0.0000   5087.7682       0.0000
10       0.0000      0.0000      0.0000   45444.7306
11       0.0000   6041.9385      0.0000       0.0000
12    7047.0210      0.0000   4353.2500       0.0000
13       0.0000      0.0000      0.0000   47735.3197
14    3724.9933      0.0000   4792.5495       0.0000
15       0.0000   4626.3474      0.0000       0.0000
16   16640.5769      0.0000      0.0000       0.0000
17    9076.1297      0.0000   3967.3299       0.0000
18    9431.6426      0.0000   5060.0268       0.0000
19       0.0000      0.0000      0.0000   41252.6284
20       0.0000   6052.9569      0.0000       0.0000
21    3262.1170      0.0000   4448.3418       0.0000
22       0.0000      0.0000   2511.6052   14824.9094
23   17056.2681      0.0000      0.0000       0.0000
24       0.0000      0.0000      0.0000   43014.2662
25    6258.0037      0.0000   3800.2992       0.0000
26       0.0000   5043.5432      0.0000       0.0000
27     982.1545      0.0000   3980.2637       0.0000
28    7442.4003      0.0000      0.0000       0.0000
29       0.0000      0.0000      0.0000   19033.2574
30       0.0000      0.0000      0.0000       0.0000
;

hold [*] :=
Cuarto  3.4125
Entero  2.0000
 Medio  1.4500
Octavo  0.4500
;

TInv [*,*] (tr)
:      Cuarto      Entero       Medio       Octavo      :=
1        0.0016      0.0004   2679.5456    3522.1966
2     9531.9850      0.0005      0.0007    4390.2317
3        0.0008      0.0002      0.0004   45135.1994
4        0.0096    837.3516   7723.7252       0.0270
5    20220.8299      0.0004      0.0005       0.0032
6    23892.4757      0.0003      0.0005       0.0027
7        0.0014   7199.9988      0.0006       0.0034
8        0.0009      0.0003      0.0005   41258.8819
9    10008.0549      0.0004   5087.0325       0.0027
10       0.0009      0.0003      0.0005   45443.3734
11       0.0018   6042.8008      0.0006       0.0035
12    7042.1745      0.0003   4353.2414       0.0022
13       0.0007      0.0003      0.0004   47734.7643
14    3715.0689      0.0003   4792.5154       0.0025
15       0.0009   4624.6255      0.0006       0.0033
16   16623.7468      0.0005      0.0006       0.0035
17    9067.8592      0.0004   3966.9724       0.0028
18    9426.3158      0.0004   5059.9458       0.0022
19       0.0007      0.0003      0.0004   41255.1267
20       0.0007   6052.6644      0.0004       0.0019
21    3255.0483      0.0002   4447.5444       0.0017
22       0.0008      0.0003   2513.4772   14806.0279
23   17038.7299      0.0002      0.0003       0.0016
24       0.0004      0.0001      0.0002   43007.6408
25    6244.7910      0.0001   3800.0042       0.0013
26       0.0002   5039.8550      0.0003       0.0037
27     972.8776      0.0001   3979.6503       0.0005
28    7435.9140      0.0001      0.0002       0.0006
29       0.0002      0.0000      0.0000   19027.1722
30       0.0000      0.0000      0.0000       0.0000
;

hold [*] :=
Cuarto  3.5000
Entero  2.0000
 Medio  1.4500
Octavo  0.4500
;

TInv [*,*] (tr)
:      Cuarto      Entero       Medio       Octavo      :=
1        0.0000      0.0000   2679.9080    3519.9116
2     9523.8319      0.0000      0.0000    4400.0053
3        0.0000      0.0000      0.0000   45130.9368
4        0.0000    840.0182   7719.2898       0.0000
5    20187.1795      0.0000      0.0000       0.0000
6    23872.3604      0.0000      0.0000       0.0000
7        0.0000   7200.0000      0.0000       0.0000
8        0.0000      0.0000      0.0000   41258.8866
9     9996.3064      0.0000   5086.8503       0.0000
10       0.0000      0.0000      0.0000   45443.3998
11       0.0000   6041.0402      0.0000       0.0000
12    7037.7309      0.0000   4353.5327       0.0000
13       0.0000      0.0000      0.0000   47734.7514
14    3705.1296      0.0000   4792.5787       0.0000
15       0.0000   4620.9520      0.0000       0.0000
16   16606.9231      0.0000      0.0000       0.0000
17    9060.1470      0.0000   3904.2035       0.0000
18    9421.5511      0.0000   5022.2093       0.0000
19       0.0000      0.0000      0.0000   41160.0527
20       0.0000   6053.3644      0.0000       0.0000
21    2748.6922      0.0000   4387.8903       0.0000
22       0.0000      0.0000   2847.6790   11610.1368
23   17021.1960      0.0000      0.0000       0.0000
24       0.0000      0.0000      0.0000   41765.2422
25    6231.3923      0.0000   3894.9151       0.0000
26       0.0000   5036.1694      0.0000       0.0000
27       0.0000      0.0000   3536.5089       0.0000
28    7375.2485      0.0000      0.0000       0.0000
29       0.0000      0.0000      0.0000   18435.2743
30       0.0000      0.0000      0.0000       0.0000
;

hold [*] :=
Cuarto  3.5875
Entero  2.0000
 Medio  1.4500
Octavo  0.4500
;

TInv [*,*] (tr)
:      Cuarto      Entero       Medio       Octavo      :=
1        0.0000      0.0000   2680.2696    3517.6257
2     9515.6803      0.0000      0.0000    4411.7167
3        0.0000      0.0000      0.0000   45133.7227
4        0.0000    842.6675   7715.2230       0.0000
5    20153.5256      0.0000      0.0000       0.0000
6    23851.9328      0.0000      0.0000       0.0000
7        0.0000   7200.0000      0.0000       0.0000
8        0.0000      0.0000      0.0000   41258.8866
9     9984.3973      0.0000   5086.0587       0.0000
10       0.0000      0.0000      0.0000   45442.8290
11       0.0000   6044.6383      0.0000       0.0000
12    7033.4799      0.0000   4353.0374       0.0000
13       0.0000      0.0000      0.0000   47734.5240
14    3695.1982      0.0000   4792.5166       0.0000
15       0.0000   4621.0233      0.0000       0.0000
16   16590.0962      0.0000      0.0000       0.0000
17    9052.3322      0.0000   3903.9893       0.0000
18    9416.6283      0.0000   5014.4448       0.0000
19       0.0000      0.0000      0.0000   41162.7945
20       0.0000   6052.1485      0.0000       0.0000
21    2742.7719      0.0000   4317.7541       0.0000
22       0.0000      0.0000   2848.0414   11605.4727
23   17003.6603      0.0000      0.0000       0.0000
24       0.0000      0.0000      0.0000   41764.8721
25    6218.0593      0.0000   3894.7581       0.0000
26       0.0000   5032.4828      0.0000       0.0000
27       0.0000      0.0000   3529.0056       0.0000
28    7368.5551      0.0000      0.0000       0.0000
29       0.0000      0.0000      0.0000   18431.3932
30       0.0000      0.0000      0.0000       0.0000
;

hold [*] :=
Cuarto  3.6750
Entero  2.0000
 Medio  1.4500
Octavo  0.4500
;

TInv [*,*] (tr)
:      Cuarto      Entero       Medio       Octavo      :=
1        0.0000      0.0000   2680.6311    3515.3397
2     9507.5287      0.0000      0.0000    4427.8886
3        0.0000      0.0000      0.0000   45147.9296
4        0.0000    845.3166   7710.3436       0.0001
5    20119.8718      0.0000      0.0000       0.0000
6    23833.1298      0.0000      0.0000       0.0000
7        0.0000   7200.0000      0.0000       0.0000
8        0.0000      0.0000      0.0000   41258.8866
9     9973.8160      0.0000   5086.8876       0.0000
10       0.0000      0.0000      0.0000   45443.4522
11       0.0000   6046.2227      0.0000       0.0000
12    7030.4504      0.0000   4354.0112       0.0000
13       0.0000      0.0000      0.0000   47734.7525
14    3685.2673      0.0000   4792.6988       0.0000
15       0.0000   4618.1192      0.0000       0.0000
16   16573.2692      0.0000      0.0000       0.0000
17    9045.6070      0.0000   3903.7758       0.0000
18    9412.4982      0.0000   5014.1442       0.0000
19       0.0000      0.0000      0.0000   41165.5373
20       0.0000   6051.8740      0.0000       0.0000
21    2736.8567      0.0000   4316.7405       0.0000
22       0.0000      0.0000   2849.0747   11598.8544
23   16986.1250      0.0000      0.0000       0.0000
24       0.0000      0.0000      0.0000   41764.5104
25    6202.5253      0.0000   3894.6004       0.0000
26       0.0000   5028.7965      0.0000       0.0000
27       0.0000      0.0000   3528.9844       0.0000
28    7361.8624      0.0000      0.0000       0.0000
29       0.0000      0.0000      0.0000   18427.5140
30       0.0000      0.0000      0.0000       0.0000
;

hold [*] :=
Cuarto  3.7625
Entero  2.0000
 Medio  1.4500
Octavo  0.4500
;

TInv [*,*] (tr)
:      Cuarto      Entero       Medio       Octavo      :=
1        0.0000      0.0000   2680.9926    3513.0536
2     9499.3771      0.0000      0.0000    4439.6998
3        0.0000      0.0000      0.0000   45148.6852
4        0.0000    847.9653   7706.1210       0.0001
5    20086.2179      0.0000      0.0000       0.0000
6    23813.2247      0.0000      0.0000       0.0000
7        0.0000   7200.0000      0.0000       0.0000
8        0.0000      0.0000      0.0000   41258.8866
9     9962.3594      0.0000   5086.3084       0.0000
10       0.0000      0.0000      0.0000   45443.7561
11       0.0000   6046.4345      0.0000       0.0000
12    7026.3638      0.0000   4353.9385       0.0000
13       0.0000      0.0000      0.0000   47734.9307
14    3675.3366      0.0000   4792.7088       0.0000
15       0.0000   4615.8780      0.0000       0.0000
16   16556.4423      0.0000      0.0000       0.0000
17    9038.4269      0.0000   3903.5612       0.0000
18    9408.0348      0.0000   5013.9657       0.0000
19       0.0000      0.0000      0.0000   41168.2785
20       0.0000   6051.9427      0.0000       0.0000
21    2730.9332      0.0000   4316.2964       0.0000
22       0.0000      0.0000   2850.1841   11592.0083
23   16968.5899      0.0000      0.0000       0.0000
24       0.0000      0.0000      0.0000   41764.1351
25    6189.0103      0.0000   3894.4438       0.0000
26       0.0000   5025.1103      0.0000       0.0000
27       0.0000      0.0000   3528.5927       0.0000
28    7355.1687      0.0000      0.0000       0.0000
29       0.0000      0.0000      0.0000   18423.6319
30       0.0000      0.0000      0.0000       0.0000
;

hold [*] :=
Cuarto  3.8500
Entero  2.0000
 Medio  1.4500
Octavo  0.4500
;

TInv [*,*] (tr)
:      Cuarto      Entero       Medio       Octavo      :=
1        0.0000      0.0000   2681.3540    3510.7675
2     9491.2256      0.0000      0.0000    4450.3411
3        0.0000      0.0000      0.0000   45147.8331
4        0.0000    850.6137   7701.8685       0.0000
5    20052.5641      0.0000      0.0000       0.0000
6    23793.0611      0.0000      0.0000       0.0000
7        0.0000   7200.0000      0.0000       0.0000
8        0.0000      0.0000      0.0000   41258.8866
9     9950.7346      0.0000   5085.7444       0.0000
10       0.0000      0.0000      0.0000   45443.9449
11       0.0000   6046.5817      0.0000       0.0000
12    7022.1916      0.0000   4353.7044       0.0000
13       0.0000      0.0000      0.0000   47735.0967
14    3665.4063      0.0000   4792.7227       0.0000
15       0.0000   4613.7182      0.0000       0.0000
16   16539.6154      0.0000      0.0000       0.0000
17    9031.0908      0.0000   3903.3468       0.0000
18    9403.3947      0.0000   5013.8031       0.0000
19       0.0000      0.0000      0.0000   41171.0201
20       0.0000   6051.9625      0.0000       0.0000
21    2725.0114      0.0000   4315.8718       0.0000
22       0.0000      0.0000   2851.3246   11585.1479
23   16951.0551      0.0000      0.0000       0.0000
24       0.0000      0.0000      0.0000   41763.7626
25    6176.8704      0.0000   3894.2869       0.0000
26       0.0000   5021.4243      0.0000       0.0000
27       0.0000      0.0000   3528.0790       0.0000
28    7348.4751      0.0000      0.0000       0.0000
29       0.0000      0.0000      0.0000   18419.7503
30       0.0000      0.0000      0.0000       0.0000
;

hold [*] :=
Cuarto  3.9375
Entero  2.0000
 Medio  1.4500
Octavo  0.4500
;

TInv [*,*] (tr)
:      Cuarto      Entero       Medio       Octavo      :=
1        0.0000      0.0000   2681.7153    3508.4813
2     9483.0741      0.0000      0.0000    4461.0977
3        0.0000      0.0000      0.0000   45152.2353
4        0.0000    853.2618   7697.4190       0.0001
5    20018.9102      0.0000      0.0000       0.0000
6    23773.5121      0.0000      0.0000       0.0000
7        0.0000   7200.0000      0.0000       0.0000
8        0.0000      0.0000      0.0000   41258.8866
9     9939.6864      0.0000   5085.7709       0.0000
10       0.0000      0.0000      0.0000   45444.3493
11       0.0000   6047.3257      0.0000       0.0000
12    7018.1875      0.0000   4353.5500       0.0000
13       0.0000      0.0000      0.0000   47735.4449
14    3655.4763      0.0000   4792.8076       0.0000
15       0.0000   4611.3595      0.0000       0.0000
16   16522.7885      0.0000      0.0000       0.0000
17    9024.3249      0.0000   3903.1327       0.0000
18    9399.0821      0.0000   5013.5725       0.0000
19       0.0000      0.0000      0.0000   41173.7622
20       0.0000   6051.9136      0.0000       0.0000
21    2719.0921      0.0000   4315.3190       0.0000
22       0.0000      0.0000   2852.4281   11578.3874
23   16933.5205      0.0000      0.0000       0.0000
24       0.0000      0.0000      0.0000   41763.3942
25    6163.3084      0.0000   3894.1297       0.0000
26       0.0000   5017.7385      0.0000       0.0000
27       0.0000      0.0000   3527.5649       0.0000
28    7341.7818      0.0000      0.0000       0.0000
29       0.0000      0.0000      0.0000   18415.8692
30       0.0000      0.0000      0.0000       0.0000
;

hold [*] :=
Cuarto  4.0250
Entero  2.0000
 Medio  1.4500
Octavo  0.4500
;

TInv [*,*] (tr)
:      Cuarto      Entero       Medio       Octavo      :=
1        0.0000      0.0000   2682.0766    3506.1950
2     9474.9227      0.0000      0.0000    4470.4595
3        0.0000      0.0000      0.0000   45147.1256
4        0.0000    855.9096   7693.3847       0.0000
5    19985.2564      0.0000      0.0000       0.0000
6    23752.8075      0.0000      0.0000       0.0000
7        0.0000   7200.0000      0.0000       0.0000
8        0.0000      0.0000      0.0000   41258.8866
9     9927.5390      0.0000   5084.7830       0.0000
10       0.0000      0.0000      0.0000   45443.9137
11       0.0000   6047.3773      0.0000       0.0000
12    7013.8806      0.0000   4352.8107       0.0000
13       0.0000      0.0000      0.0000   47735.2871
14    3645.5467      0.0000   4792.7728       0.0000
15       0.0000   4609.2383      0.0000       0.0000
16   16505.9615      0.0000      0.0000       0.0000
17    9016.2916      0.0000   3902.9183       0.0000
18    9394.0416      0.0000   5013.4766       0.0000
19       0.0000      0.0000      0.0000   41176.5038
20       0.0000   6052.0587      0.0000       0.0000
21    2713.1700      0.0000   4315.0219       0.0000
22       0.0000      0.0000   2853.6203   11571.4472
23   16915.9862      0.0000      0.0000       0.0000
24       0.0000      0.0000      0.0000   41763.0212
25    6150.4990      0.0000   3893.9729       0.0000
26       0.0000   5014.0530      0.0000       0.0000
27       0.0000      0.0000   3526.9776       0.0000
28    7335.0883      0.0000      0.0000       0.0000
29       0.0000      0.0000      0.0000   18411.9880
30       0.0000      0.0000      0.0000       0.0000
;

hold [*] :=
Cuarto  4.1125
Entero  2.0000
 Medio  1.4500
Octavo  0.4500
;

TInv [*,*] (tr)
:      Cuarto      Entero       Medio       Octavo      :=
1        0.0000      0.0000   2682.4378    3503.9086
2     9466.7712      0.0000      0.0000    4480.5194
3        0.0000      0.0000      0.0000   45143.7152
4        0.0000    858.5571   7689.1543       0.0000
5    19951.6026      0.0000      0.0000       0.0000
6    23732.1176      0.0000      0.0000       0.0000
7        0.0000   7200.0000      0.0000       0.0000
8        0.0000      0.0000      0.0000   41258.8866
9     9915.2473      0.0000   5084.1963       0.0000
10       0.0000      0.0000      0.0000   45443.5092
11       0.0000   6047.5183      0.0000       0.0000
12    7009.4297      0.0000   4352.4888       0.0000
13       0.0000      0.0000      0.0000   47735.0836
14    3635.6174      0.0000   4792.7762       0.0000
15       0.0000   4606.9842      0.0000       0.0000
16   16489.1346      0.0000      0.0000       0.0000
17    9008.1698      0.0000   3902.7041       0.0000
18    9388.9855      0.0000   5013.3696       0.0000
19       0.0000      0.0000      0.0000   41179.2458
20       0.0000   6052.1128      0.0000       0.0000
21    2707.2495      0.0000   4314.6481       0.0000
22       0.0000      0.0000   2854.7930   11564.5503
23   16898.4522      0.0000      0.0000       0.0000
24       0.0000      0.0000      0.0000   41762.6509
25    6136.8859      0.0000   3893.8159       0.0000
26       0.0000   5010.3676      0.0000       0.0000
27       0.0000      0.0000   3526.4628       0.0000
28    7328.3950      0.0000      0.0000       0.0000
29       0.0000      0.0000      0.0000   18408.1069
30       0.0000      0.0000      0.0000       0.0000
;

hold [*] :=
Cuarto  4.2000
Entero  2.0000
 Medio  1.4500
Octavo  0.4500
;

TInv [*,*] (tr)
:      Cuarto      Entero       Medio       Octavo      :=
1        0.0000      0.0000   2682.7990    3501.6222
2     9458.6198      0.0000      0.0000    4496.9076
3        0.0000      0.0000      0.0000   45156.9123
4        0.0000    861.2043   7684.4844       0.0000
5    19917.9487      0.0000      0.0000       0.0000
6    23713.5076      0.0000      0.0000       0.0000
7        0.0000   7200.0000      0.0000       0.0000
8        0.0000      0.0000      0.0000   41258.8866
9     9905.1867      0.0000   5084.4918       0.0000
10       0.0000      0.0000      0.0000   45443.9874
11       0.0000   6049.0437      0.0000       0.0000
12    7007.3522      0.0000   4352.4809       0.0000
13       0.0000      0.0000      0.0000   47735.7266
14    3625.6885      0.0000   4792.9253       0.0000
15       0.0000   4604.7508      0.0000       0.0000
16   16472.3077      0.0000      0.0000       0.0000
17    9002.7470      0.0000   3902.4898       0.0000
18    9385.2848      0.0000   5013.0263       0.0000
19       0.0000      0.0000      0.0000   41181.9878
20       0.0000   6051.8098      0.0000       0.0000
21    2701.3290      0.0000   4313.9721       0.0000
22       0.0000      0.0000   2855.7893   11558.0469
23   16880.9184      0.0000      0.0000       0.0000
24       0.0000      0.0000      0.0000   41762.2807
25    6121.5774      0.0000   3893.6588       0.0000
26       0.0000   5006.6824      0.0000       0.0000
27       0.0000      0.0000   3526.3141       0.0000
28    7321.7017      0.0000      0.0000       0.0000
29       0.0000      0.0000      0.0000   18404.2259
30       0.0000      0.0000      0.0000       0.0000
;

hold [*] :=
Cuarto  4.2875
Entero  2.0000
 Medio  1.4500
Octavo  0.4500
;

TInv [*,*] (tr)
:      Cuarto      Entero       Medio       Octavo      :=
1        0.0000      0.0000   2683.1600    3499.3355
2     9450.4684      0.0000      0.0000    4510.2542
3        0.0000      0.0000      0.0000   45161.6645
4        0.0001    863.8511   7680.1003       0.0003
5    19884.2948      0.0000      0.0000       0.0001
6    23694.4786      0.0000      0.0000       0.0001
7        0.0000   7200.0000      0.0000       0.0001
8        0.0000      0.0000      0.0000   41258.8865
9     9894.6251      0.0000   5084.2156       0.0000
10       0.0000      0.0000      0.0000   45444.1902
11       0.0000   6049.3725      0.0000       0.0001
12    7004.4872      0.0000   4352.0090       0.0000
13       0.0000      0.0000      0.0000   47736.2792
14    3615.7599      0.0000   4792.9928       0.0000
15       0.0000   4602.8384      0.0000       0.0001
16   16455.4807      0.0000      0.0000       0.0001
17    8996.9641      0.0000   3902.2762       0.0001
18    9381.3584      0.0000   5012.7564       0.0000
19       0.0000      0.0000      0.0000   41184.7307
20       0.0000   6051.7545      0.0000       0.0000
21    2695.4130      0.0000   4313.4553       0.0000
22       0.0000      0.0000   2856.8556   11551.4446
23   16863.3849      0.0000      0.0000       0.0000
24       0.0000      0.0000      0.0000   41761.9175
25    6106.9615      0.0000   3893.5010       0.0000
26       0.0000   5002.9974      0.0000       0.0001
27       0.0000      0.0000   3525.8460       0.0000
28    7315.0068      0.0000      0.0000       0.0000
29       0.0000      0.0000      0.0000   18400.3333
30       0.0000      0.0000      0.0000       0.0000
;

hold [*] :=
Cuarto  4.3750
Entero  2.0000
 Medio  1.4500
Octavo  0.4500
;

TInv [*,*] (tr)
:      Cuarto      Entero       Medio       Octavo      :=
1        0.0000      0.0000   2683.5210    3497.0488
2     9442.3170      0.0000      0.0000    4525.5981
3        0.0000      0.0000      0.0000   45165.3330
4        0.0001    866.4976   7675.8884       0.0004
5    19850.6409      0.0000      0.0000       0.0001
6    23675.7539      0.0000      0.0000       0.0001
7        0.0000   7200.0000      0.0000       0.0001
8        0.0000      0.0000      0.0000   41258.8865
9     9884.8054      0.0000   5082.9267       0.0001
10       0.0000      0.0000      0.0000   45445.1048
11       0.0000   6050.2825      0.0000       0.0001
12    7001.7754      0.0000   4351.2348       0.0000
13       0.0000      0.0000      0.0000   47737.5064
14    3605.8316      0.0000   4792.9900       0.0001
15       0.0000   4600.8247      0.0000       0.0001
16   16438.6538      0.0000      0.0000       0.0001
17    8991.5518      0.0000   3902.0621       0.0001
18    9377.5804      0.0000   5012.4360       0.0001
19       0.0000      0.0000      0.0000   41187.4729
20       0.0000   6051.8445      0.0000       0.0000
21    2689.4934      0.0000   4312.8987       0.0001
22       0.0000      0.0000   2857.9589   11544.7549
23   16845.8517      0.0000      0.0000       0.0000
24       0.0000      0.0000      0.0000   41761.5483
25    6097.5706      0.0000   3893.3436       0.0000
26       0.0000   4999.3127      0.0000       0.0001
27       0.0000      0.0000   3525.4528       0.0000
28    7308.3119      0.0000      0.0000       0.0000
29       0.0000      0.0000      0.0000   18396.4421
30       0.0000      0.0000      0.0000       0.0000
;

hold [*] :=
Cuarto  4.4625
Entero  2.0000
 Medio  1.4500
Octavo  0.4500
;

TInv [*,*] (tr)
:      Cuarto      Entero       Medio       Octavo      :=
1        0.0000      0.0000   2683.8820    3494.7621
2     9434.1657      0.0000      0.0000    4540.4562
3        0.0000      0.0000      0.0000   45167.5053
4        0.0001    869.1438   7671.7075       0.0004
5    19816.9871      0.0000      0.0000       0.0001
6    23656.8945      0.0000      0.0000       0.0001
7        0.0000   7200.0000      0.0000       0.0001
8        0.0000      0.0000      0.0000   41258.8865
9     9874.7916      0.0000   5081.7947       0.0001
10       0.0000      0.0000      0.0000   45446.2336
11       0.0001   6051.0412      0.0000       0.0001
12    6998.8933      0.0000   4350.5608       0.0001
13       0.0000      0.0000      0.0000   47738.9653
14    3595.9037      0.0000   4792.9936       0.0001
15       0.0000   4598.7969      0.0000       0.0001
16   16421.8268      0.0000      0.0000       0.0001
17    8986.1354      0.0000   3901.8479       0.0001
18    9373.7545      0.0000   5012.1180       0.0001
19       0.0000      0.0000      0.0000   41190.2150
20       0.0000   6051.9145      0.0000       0.0000
21    2683.5729      0.0000   4312.3759       0.0001
22       0.0000      0.0000   2859.0875   11537.9907
23   16828.3188      0.0000      0.0000       0.0001
24       0.0000      0.0000      0.0000   41761.1775
25    6089.1849      0.0000   3893.1862       0.0000
26       0.0000   4995.6281      0.0000       0.0001
27       0.0000      0.0000   3525.0270       0.0000
28    7301.6160      0.0000      0.0000       0.0000
29       0.0000      0.0000      0.0000   18392.5451
30       0.0000      0.0000      0.0000       0.0000
;

hold [*] :=
Cuarto  4.5500
Entero  2.0000
 Medio  1.4500
Octavo  0.4500
;

TInv [*,*] (tr)
:      Cuarto      Entero       Medio       Octavo      :=
1        0.0000      0.0000   2684.2429    3492.4754
2     9426.0144      0.0000      0.0000    4551.7341
3        0.0000      0.0000      0.0000   45166.8080
4        0.0001    871.7898   7667.5372       0.0005
5    19783.3332      0.0000      0.0000       0.0001
6    23637.5677      0.0000      0.0000       0.0001
7        0.0000   7200.0000      0.0000       0.0001
8        0.0000      0.0000      0.0000   41258.8865
9     9863.8336      0.0000   5081.0023       0.0001
10       0.0000      0.0000      0.0000   45446.8500
11       0.0001   6051.3747      0.0000       0.0001
12    6995.2276      0.0000   4350.1008       0.0001
13       0.0000      0.0000      0.0000   47739.8995
14    3585.9761      0.0000   4793.0065       0.0001
15       0.0000   4596.6831      0.0000       0.0001
16   16404.9999      0.0000      0.0000       0.0001
17    8979.4495      0.0000   3901.6335       0.0001
18    9369.4918      0.0000   5011.8937       0.0001
19       0.0000      0.0000      0.0000   41192.9569
20       0.0000   6051.9604      0.0000       0.0001
21    2677.6514      0.0000   4311.9398       0.0001
22       0.0000      0.0000   2860.2631   11531.1120
23   16810.7861      0.0000      0.0000       0.0001
24       0.0000      0.0000      0.0000   41760.8047
25    6078.1701      0.0000   3893.0290       0.0000
26       0.0000   4991.9437      0.0000       0.0001
27       0.0000      0.0000   3524.5520       0.0000
28    7294.9195      0.0000      0.0000       0.0000
29       0.0000      0.0000      0.0000   18388.6446
30       0.0000      0.0000      0.0000       0.0000
;

hold [*] :=
Cuarto  4.6375
Entero  2.0000
 Medio  1.4500
Octavo  0.4500
;

TInv [*,*] (tr)
:      Cuarto      Entero       Medio       Octavo      :=
1        0.0000      0.0000   2684.6038    3490.1887
2     9417.8632      0.0000      0.0000    4557.4746
3        0.0000      0.0000      0.0000   45160.8058
4        0.0000    874.4354   7663.3948       0.0004
5    19749.6794      0.0000      0.0000       0.0001
6    23617.2170      0.0000      0.0000       0.0001
7        0.0000   7200.0000      0.0000       0.0001
8        0.0000      0.0000      0.0000   41258.8865
9     9851.3815      0.0000   5080.5579       0.0001
10       0.0000      0.0000      0.0000   45447.4115
11       0.0001   6051.0200      0.0000       0.0001
12    6989.9716      0.0000   4349.8609       0.0000
13       0.0000      0.0000      0.0000   47739.8619
14    3576.0489      0.0000   4793.0141       0.0001
15       0.0000   4594.4537      0.0000       0.0001
16   16388.1730      0.0000      0.0000       0.0001
17    8971.0358      0.0000   3901.4190       0.0001
18    9364.5702      0.0000   5011.8445       0.0000
19       0.0000      0.0000      0.0000   41195.6985
20       0.0000   6052.0141      0.0000       0.0000
21    2671.7283      0.0000   4311.6195       0.0000
22       0.0000      0.0000   2861.4910   11524.1160
23   16793.2537      0.0000      0.0000       0.0000
24       0.0000      0.0000      0.0000   41760.4305
25    6064.6544      0.0000   3892.8723       0.0000
26       0.0000   4988.2596      0.0000       0.0001
27       0.0000      0.0000   3524.0045       0.0000
28    7288.2262      0.0000      0.0000       0.0000
29       0.0000      0.0000      0.0000   18384.7650
30       0.0000      0.0000      0.0000       0.0000
;

hold [*] :=
Cuarto  4.7250
Entero  2.0000
 Medio  1.4500
Octavo  0.4500
;

TInv [*,*] (tr)
:      Cuarto      Entero       Medio       Octavo      :=
1        0.0000      0.0000   2684.9646    3487.9018
2     9409.7119      0.0000      0.0000    4562.9613
3        0.0000      0.0000      0.0000   45154.7597
4        0.0000    877.0808   7659.2393       0.0002
5    19716.0256      0.0000      0.0000       0.0001
6    23596.3488      0.0000      0.0000       0.0000
7        0.0000   7200.0000      0.0000       0.0000
8        0.0000      0.0000      0.0000   41258.8866
9     9838.5121      0.0000   5080.1858       0.0000
10       0.0000      0.0000      0.0000   45447.3701
11       0.0000   6050.8107      0.0000       0.0000
12    6984.3581      0.0000   4349.7430       0.0000
13       0.0000      0.0000      0.0000   47739.4766
14    3566.1219      0.0000   4793.0182       0.0000
15       0.0000   4592.0882      0.0000       0.0000
16   16371.3461      0.0000      0.0000       0.0001
17    8962.1192      0.0000   3901.2046       0.0000
18    9359.4199      0.0000   5011.8451       0.0000
19       0.0000      0.0000      0.0000   41198.4405
20       0.0000   6052.0906      0.0000       0.0000
21    2665.8066      0.0000   4311.2958       0.0000
22       0.0000      0.0000   2862.7109   11517.1119
23   16775.7215      0.0000      0.0000       0.0000
24       0.0000      0.0000      0.0000   41760.0577
25    6051.2819      0.0000   3892.7151       0.0000
26       0.0000   4984.5756      0.0000       0.0000
27       0.0000      0.0000   3523.4829       0.0000
28    7281.5305      0.0000      0.0000       0.0000
29       0.0000      0.0000      0.0000   18380.8695
30       0.0000      0.0000      0.0000       0.0000
;

hold [*] :=
Cuarto  4.8125
Entero  2.0000
 Medio  1.4500
Octavo  0.4500
;

TInv [*,*] (tr)
:      Cuarto      Entero       Medio       Octavo      :=
1        0.0000      0.0000   2685.3253    3485.6149
2     9401.5607      0.0000      0.0000    4574.2107
3        0.0000      0.0000      0.0000   45160.0422
4        0.0000    879.7260   7655.1180       0.0000
5    19682.3718      0.0000      0.0000       0.0000
6    23577.8480      0.0000      0.0000       0.0000
7        0.0000   7200.0000      0.0000       0.0000
8        0.0000      0.0000      0.0000   41258.8866
9     9828.7228      0.0000   5079.6996       0.0000
10       0.0000      0.0000      0.0000   45448.0943
11       0.0000   6052.5719      0.0000       0.0000
12    6982.2896      0.0000   4349.1948       0.0000
13       0.0000      0.0000      0.0000   47740.1116
14    3556.1953      0.0000   4793.0610       0.0000
15       0.0000   4589.5385      0.0000       0.0000
16   16354.5192      0.0000      0.0000       0.0000
17    8955.2256      0.0000   3900.9903       0.0000
18    9355.4112      0.0000   5011.6174       0.0000
19       0.0000      0.0000      0.0000   41201.1826
20       0.0000   6052.4598      0.0000       0.0000
21    2659.8853      0.0000   4310.7901       0.0000
22       0.0000      0.0000   2863.8740   11510.2206
23   16758.1897      0.0000      0.0000       0.0000
24       0.0000      0.0000      0.0000   41759.6856
25    6041.9978      0.0000   3892.5578       0.0000
26       0.0000   4980.8919      0.0000       0.0000
27       0.0000      0.0000   3523.1242       0.0000
28    7274.8339      0.0000      0.0000       0.0000
29       0.0000      0.0000      0.0000   18376.9677
30       0.0000      0.0000      0.0000       0.0000
;

hold [*] :=
Cuarto  4.9000
Entero  2.0000
 Medio  1.4500
Octavo  0.4500
;

TInv [*,*] (tr)
:      Cuarto      Entero       Medio       Octavo      :=
1        0.0000      0.0000   2685.6860    3483.3278
2     9393.4095      0.0000      0.0000    4584.1874
3        0.0000      0.0000      0.0000   45161.9006
4        0.0000    882.3707   7651.0053       0.0000
5    19648.7179      0.0000      0.0000       0.0000
6    23558.9735      0.0000      0.0000       0.0000
7        0.0000   7200.0000      0.0000       0.0000
8        0.0000      0.0000      0.0000   41258.8866
9     9818.2591      0.0000   5079.2100       0.0000
10       0.0000      0.0000      0.0000   45448.6983
11       0.0000   6053.1880      0.0000       0.0000
12    6979.1390      0.0000   4349.0260       0.0000
13       0.0000      0.0000      0.0000   47740.6310
14    3546.2691      0.0000   4793.0663       0.0000
15       0.0000   4587.4214      0.0000       0.0000
16   16337.6923      0.0000      0.0000       0.0000
17    8948.1917      0.0000   3900.7760       0.0000
18    9351.3221      0.0000   5011.4394       0.0000
19       0.0000      0.0000      0.0000   41203.9246
20       0.0000   6052.4603      0.0000       0.0000
21    2653.9646      0.0000   4310.3829       0.0000
22       0.0000      0.0000   2865.0308   11503.3196
23   16740.6581      0.0000      0.0000       0.0000
24       0.0000      0.0000      0.0000   41759.3049
25    6033.5553      0.0000   3892.3999       0.0000
26       0.0000   4977.2083      0.0000       0.0000
27       0.0000      0.0000   3522.7006       0.0000
28    7268.1204      0.0000      0.0000       0.0000
29       0.0000      0.0000      0.0000   18373.0334
30       0.0000      0.0000      0.0000       0.0000
;

hold [*] :=
Cuarto  4.9875
Entero  2.0000
 Medio  1.4500
Octavo  0.4500
;

TInv [*,*] (tr)
:      Cuarto      Entero       Medio       Octavo      :=
1        0.0000      0.0000   2686.0466    3481.0407
2     9385.2584      0.0000      0.0000    4592.9388
3        0.0000      0.0000      0.0000   45154.8996
4        0.0000    885.0151   7646.6523       0.0000
5    19615.0641      0.0000      0.0000       0.0000
6    23537.4593      0.0000      0.0000       0.0000
7        0.0000   7200.0000      0.0000       0.0000
8        0.0000      0.0000      0.0000   41258.8866
9     9804.5785      0.0000   5078.9504       0.0000
10       0.0000      0.0000      0.0000   45448.2417
11       0.0000   6052.6846      0.0000       0.0000
12    6972.8665      0.0000   4349.2717       0.0000
13       0.0000      0.0000      0.0000   47740.0245
14    3536.3432      0.0000   4793.0650       0.0000
15       0.0000   4585.0576      0.0000       0.0000
16   16320.8654      0.0000      0.0000       0.0000
17    8939.2118      0.0000   3900.5618       0.0000
18    9345.9868      0.0000   5011.4314       0.0000
19       0.0000      0.0000      0.0000   41206.6669
20       0.0000   6052.3498      0.0000       0.0000
21    2648.0440      0.0000   4310.0952       0.0000
22       0.0000      0.0000   2866.1984   11496.3813
23   16723.1267      0.0000      0.0000       0.0000
24       0.0000      0.0000      0.0000   41758.8825
25    6021.2345      0.0000   3892.2278       0.0000
26       0.0000   4973.5249      0.0000       0.0000
27       0.0000      0.0000   3522.1504       0.0000
28    7261.2804      0.0000      0.0000       0.0000
29       0.0000      0.0000      0.0000   18368.3801
30       0.0000      0.0000      0.0000       0.0000
;

hold [*] :=
Cuarto  5.0750
Entero  2.0000
 Medio  1.4500
Octavo  0.4500
;

TInv [*,*] (tr)
:      Cuarto      Entero       Medio       Octavo      :=
1        0.0000      0.0000   2686.4071    3478.7535
2     9377.1072      0.0000      0.0000    4582.9888
3        0.0000      0.0000      0.0000   45152.8440
4        0.0000    887.6592   7642.5093       0.0000
5    19581.4103      0.0000      0.0000       0.0000
6    23516.0440      0.0000      0.0000       0.0000
7        0.0000   7200.0000      0.0000       0.0000
8        0.0000      0.0000      0.0000   41258.8866
9     9786.7507      0.0000   5090.6401       0.0000
10       0.0000      0.0000      0.0000   45442.3559
11       0.0000   6049.2692      0.0000       0.0000
12    6969.2541      0.0000   4355.7352       0.0000
13       0.0000      0.0000      0.0000   47740.7750
14    3526.4176      0.0000   4792.3999       0.0000
15       0.0000   4578.9730      0.0000       0.0000
16   16304.0385      0.0000      0.0000       0.0000
17    8926.9372      0.0000   3900.3478       0.0000
18    9340.0122      0.0000   5013.3866       0.0000
19       0.0000      0.0000      0.0000   41209.4057
20       0.0000   6049.3813      0.0000       0.0000
21    2642.1258      0.0000   4312.5089       0.0000
22       0.0000      0.0000   2867.7460   11486.8455
23   16705.5957      0.0000      0.0000       0.0000
24       0.0000      0.0000      0.0000   41758.0431
25    5993.1635      0.0000   3891.9066       0.0000
26       0.0000   4969.8418      0.0000       0.0000
27       0.0000      0.0000   3522.4253       0.0000
28    7253.1708      0.0000      0.0000       0.0000
29       0.0000      0.0000      0.0000   18356.0994
30       0.0000      0.0000      0.0000       0.0000
;

hold [*] :=
Cuarto  5.1625
Entero  2.0000
 Medio  1.4500
Octavo  0.4500
;

TInv [*,*] (tr)
:      Cuarto      Entero       Medio       Octavo      :=
1        0.0000      0.0000   2686.7676    3476.4662
2     9368.9561      0.0000      0.0000    4602.3730
3        0.0000      0.0000      0.0000   45150.3861
4        0.0000    890.3030   7638.6164       0.0000
5    19547.7564      0.0000      0.0000       0.0000
6    23493.6825      0.0000      0.0000       0.0000
7        0.0000   7200.0000      0.0000       0.0000
8        0.0000      0.0000      0.0000   41258.8866
9     9774.4174      0.0000   5082.4313       0.0000
10       0.0000      0.0000      0.0000   45441.4022
11       0.0000   6051.3305      0.0000       0.0000
12    6961.6277      0.0000   4351.9275       0.0000
13       0.0000      0.0000      0.0000   47740.0964
14    3516.4924      0.0000   4792.4623       0.0000
15       0.0000   4578.7365      0.0000       0.0000
16   16287.2115      0.0000      0.0000       0.0000
17    8917.4507      0.0000   3900.1334       0.0000
18    9334.1623      0.0000   5012.5339       0.0000
19       0.0000      0.0000      0.0000   41212.1506
20       0.0000   6051.8768      0.0000       0.0000
21    2636.2034      0.0000   4310.5631       0.0000
22       0.0000      0.0000   2868.7885   11479.8979
23   16688.0648      0.0000      0.0000       0.0000
24       0.0000      0.0000      0.0000   41757.4566
25    5987.1444      0.0000   3891.6185       0.0000
26       0.0000   4966.1588      0.0000       0.0000
27       0.0000      0.0000   3521.0686       0.0000
28    7245.5496      0.0000      0.0000       0.0000
29       0.0000      0.0000      0.0000   18345.8717
30       0.0000      0.0000      0.0000       0.0000
;

hold [*] :=
Cuarto  5.2500
Entero  2.0000
 Medio  1.4500
Octavo  0.4500
;

TInv [*,*] (tr)
:      Cuarto      Entero       Medio       Octavo      :=
1        0.0000      0.0000   2687.1280    3474.1789
2     9360.8051      0.0000      0.0000    4613.8751
3        0.0000      0.0000      0.0000   45141.7030
4        0.0000    892.9465   7633.7415       0.0000
5    19514.1026      0.0000      0.0000       0.0000
6    23469.6020      0.0000      0.0000       0.0000
7        0.0000   7200.0000      0.0000       0.0000
8        0.0000      0.0000      0.0000   41258.8866
9     9758.5654      0.0000   5087.3360       0.0000
10       0.0000      0.0000      0.0000   45439.9336
11       0.0000   6050.0463      0.0000       0.0000
12    6954.8746      0.0000   4354.5029       0.0000
13       0.0000      0.0000      0.0000   47738.3416
14    3506.5674      0.0000   4792.5289       0.0000
15       0.0000   4576.0782      0.0000       0.0000
16   16270.3846      0.0000      0.0000       0.0000
17    8906.3822      0.0000   3899.9190       0.0000
18    9327.2835      0.0000   5012.7732       0.0000
19       0.0000      0.0000      0.0000   41214.8939
20       0.0000   6050.9759      0.0000       0.0000
21    2630.2819      0.0000   4311.0548       0.0000
22       0.0000      0.0000   2869.9547   11473.8498
23   16670.5343      0.0000      0.0000       0.0000
24       0.0000      0.0000      0.0000   41756.6982
25    5967.9213      0.0000   3891.2932       0.0000
26       0.0000   4962.4760      0.0000       0.0000
27       0.0000      0.0000   3519.4925       0.0000
28    7237.5273      0.0000      0.0000       0.0000
29       0.0000      0.0000      0.0000   18333.5782
30       0.0000      0.0000      0.0000       0.0000
;

