por_ap [*] :=
 p1  0.40
p10  0.40
 p2  0.40
 p3  0.40
 p4  0.40
 p5  0.40
 p6  0.40
 p7  0.40
 p8  0.40
 p9  0.40
;

TInv [*,*] (tr)
:     Cuarto    Entero     Medio     Octavo     :=
1        0.00      0.00   3564.01    5975.62
2     9547.46      0.00   1907.88    2011.12
3        0.00      0.00      0.00   45468.88
4    19412.26      0.00      0.00       0.00
5    23888.52      0.00      0.00       0.00
6    25235.06      0.00      0.00       0.00
7        0.00   7200.00      0.00       0.00
8        0.00      0.00      0.00   41258.89
9    11200.45      0.00   4414.45       0.00
10       0.00      0.00      0.00   47700.88
11       0.00   5708.80      0.00       0.00
12    9953.35      0.00   4285.48       0.00
13       0.00      0.00      0.00   47891.01
14    7188.32      0.00   4780.07       0.00
15       0.00   5752.84      0.00       0.00
16   17111.73      0.00      0.00       0.00
17    8950.90      0.00   3892.95       0.00
18    9569.45      0.00   4736.16       0.00
19       0.00      0.00      0.00   41304.06
20       0.00   6073.51      0.00       0.00
21    3131.98      0.00   3986.73       0.00
22     693.06      0.00   2905.56   11398.60
23   18062.32      0.00      0.00       0.00
24       0.00      0.00      0.00   40796.38
25    7178.15      0.00   3760.64       0.00
26       0.00   3309.67      0.00   10563.95
27    1215.15      0.00   3795.23       0.00
28   13228.96      0.00      0.00       0.00
29     414.41      0.00      0.00    4512.32
30       0.00      0.00      0.00       0.00
;

por_ap [*] :=
 p1  0.40
p10  0.40
 p2  0.41
 p3  0.41
 p4  0.41
 p5  0.41
 p6  0.40
 p7  0.41
 p8  0.41
 p9  0.40
;

TInv [*,*] (tr)
:     Cuarto    Entero     Medio     Octavo     :=
1        0.00      0.00   3563.00    5982.09
2     9591.02      0.00   1650.91    1218.68
3        0.00      0.00      0.00   45104.00
4    19412.26      0.00      0.00       0.00
5    23516.32      0.00      0.00       0.00
6    25121.09      0.00      0.00       0.00
7        0.00   7200.00      0.00       0.00
8        0.00      0.00      0.00   41258.89
9    11153.17      0.00   4768.45       0.00
10       0.00      0.00      0.00   46652.53
11       0.00   5884.97      0.00       0.00
12    9044.85      0.00   4285.48       0.00
13       0.00      0.00      0.00   47767.07
14    7153.46      0.00   4773.31       0.00
15       0.00   5993.81      0.00       0.00
16   17111.90      0.00      0.00       0.00
17    9046.51      0.00   3887.70       0.00
18    9562.98      0.00   4925.46       0.00
19       0.00      0.00      0.00   41371.23
20       0.00   6038.97      0.00       0.00
21    3117.93      0.00   4303.75       0.00
22     361.43      0.00   2932.59   11172.35
23   17902.47      0.00      0.00       0.00
24       0.00      0.00      0.00   40851.17
25    7154.15      0.00   3762.81       0.00
26       0.00   3298.89      0.00   10830.06
27    1165.70      0.00   3915.24       0.00
28   12803.51      0.00      0.00       0.00
29    1026.62      0.00      0.00    4595.21
30       0.00      0.00      0.00       0.00
;

por_ap [*] :=
 p1  0.40
p10  0.40
 p2  0.42
 p3  0.42
 p4  0.42
 p5  0.42
 p6  0.40
 p7  0.42
 p8  0.42
 p9  0.40
;

TInv [*,*] (tr)
:     Cuarto    Entero     Medio     Octavo     :=
1        0.00      0.00   3562.00    5988.68
2     9634.87      0.00   1621.93    1050.71
3        0.00      0.00      0.00   45070.02
4    19412.26      0.00      0.00       0.00
5    23350.72      0.00      0.00       0.00
6    25095.85      0.00      0.00       0.00
7        0.00   7200.00      0.00       0.00
8        0.00      0.00      0.00   41258.89
9    11141.60      0.00   4746.49       0.00
10       0.00      0.00      0.00   46160.29
11       0.00   5887.02      0.00       0.00
12    8763.06      0.00   4285.48       0.00
13       0.00      0.00      0.00   47713.84
14    7142.07      0.00   4772.96       0.00
15       0.00   5996.48      0.00       0.00
16   17111.75      0.00      0.00       0.00
17    9109.31      0.00   3882.29       0.00
18    9560.64      0.00   4969.51       0.00
19       0.00      0.00      0.00   41440.48
20       0.00   6041.91      0.00       0.00
21    3103.56      0.00   4290.95       0.00
22     440.07      0.00   2961.97   10964.68
23   17881.00      0.00      0.00       0.00
24       0.00      0.00      0.00   40906.82
25    7145.79      0.00   3765.16       0.00
26       0.00   3287.94      0.00   11045.31
27    1115.67      0.00   3919.97       0.00
28   12746.21      0.00      0.00       0.00
29    1388.96      0.00      0.00    4683.48
30       0.00      0.00      0.00       0.00
;

por_ap [*] :=
 p1  0.40
p10  0.40
 p2  0.43
 p3  0.43
 p4  0.43
 p5  0.43
 p6  0.40
 p7  0.43
 p8  0.43
 p9  0.40
;

TInv [*,*] (tr)
:     Cuarto    Entero     Medio     Octavo     :=
1        0.00      0.00   3561.02    5995.38
2     9679.00      0.00   1771.77     479.62
3        0.00      0.00      0.00   45110.37
4    19412.26      0.00      0.00       0.00
5    23223.55      0.00      0.00       0.00
6    25072.54      0.00      0.00       0.00
7        0.00   7200.00      0.00       0.00
8        0.00      0.00      0.00   41258.89
9    11126.00      0.00   4783.43       0.00
10       0.00      0.00      0.00   45911.60
11       0.00   5853.94      0.00       0.00
12    8571.38      0.00   4285.48       0.00
13       0.00      0.00      0.00   47741.67
14    7157.27      0.00   4781.56       0.00
15       0.00   5989.03      0.00       0.00
16   17111.73      0.00      0.00       0.00
17    9162.97      0.00   3876.84       0.00
18    9558.34      0.00   4981.19       0.00
19       0.00      0.00      0.00   41510.31
20       0.00   6050.45      0.00       0.00
21    3089.01      0.00   4264.76       0.00
22     459.19      0.00   2992.18   10774.33
23   17877.48      0.00      0.00       0.00
24       0.00      0.00      0.00   40963.36
25    7160.00      0.00   3767.69       0.00
26       0.00   3276.82      0.00   11252.99
27    1065.04      0.00   3925.06       0.00
28   12864.02      0.00      0.00       0.00
29    1631.71      0.00      0.00    4777.60
30       0.00      0.00      0.00       0.00
;

por_ap [*] :=
 p1  0.40
p10  0.40
 p2  0.44
 p3  0.44
 p4  0.44
 p5  0.44
 p6  0.40
 p7  0.44
 p8  0.44
 p9  0.40
;

TInv [*,*] (tr)
:     Cuarto    Entero     Medio     Octavo     :=
1        0.00      0.00   3560.04    6002.26
2     9723.45      0.00   1694.08     886.83
3        0.00      0.00      0.00   44979.93
4    19412.26      0.00      0.00       0.00
5    23174.18      0.00      0.00       0.00
6    25089.06      0.00      0.00       0.00
7        0.00   7200.00      0.00       0.00
8        0.00      0.00      0.00   41258.89
9    11117.79      0.00   4726.93       0.00
10       0.00      0.00      0.00   45621.95
11       0.00   5877.39      0.00       0.00
12    8562.95      0.00   4285.48       0.00
13       0.00      0.00      0.00   47679.67
14    7141.30      0.00   4773.21       0.00
15       0.00   5990.36      0.00       0.00
16   17111.73      0.00      0.00       0.00
17    9201.45      0.00   3871.30       0.00
18    9560.84      0.00   4998.93       0.00
19       0.00      0.00      0.00   41581.21
20       0.00   6029.41      0.00       0.00
21    3074.24      0.00   4280.71       0.00
22     512.74      0.00   3020.42   10579.58
23   17887.34      0.00      0.00       0.00
24       0.00      0.00      0.00   41020.81
25    7142.47      0.00   3770.41       0.00
26       0.00   3265.52      0.00   11472.02
27    1013.82      0.00   3924.61       0.00
28   12976.98      0.00      0.00       0.00
29    1795.10      0.00      0.00    4878.05
30       0.00      0.00      0.00       0.00
;

por_ap [*] :=
 p1  0.40
p10  0.40
 p2  0.45
 p3  0.45
 p4  0.45
 p5  0.45
 p6  0.40
 p7  0.45
 p8  0.45
 p9  0.40
;

TInv [*,*] (tr)
:     Cuarto    Entero     Medio     Octavo     :=
1        0.00      0.00   3555.75    5318.69
2    11389.79      0.00      0.00    3000.79
3        0.00      0.00      0.00   45096.21
4    19417.84      0.00      0.00       0.00
5    23129.53      0.00      0.00       0.00
6    25075.04      0.00      0.00       0.00
7        0.00   6317.53   1764.94       0.00
8        0.00      0.00      0.00   41258.89
9    11112.76      0.00   4782.98       0.00
10       0.00      0.00      0.00   45582.96
11       0.00   5825.82      0.00       0.00
12    8490.06      0.00   4285.48       0.00
13       0.00      0.00      0.00   47705.78
14    7154.20      0.00   4781.20       0.00
15       0.00   5971.77      0.00       0.00
16   17111.73      0.00      0.00       0.00
17    9211.30      0.00   3865.67       0.00
18    9557.62      0.00   4985.56       0.00
19       0.00      0.00      0.00   41653.23
20       0.00   6034.02      0.00       0.00
21    3059.24      0.00   4239.84       0.00
22     501.98      0.00   3051.67   10396.41
23   17876.72      0.00      0.00       0.00
24       0.00      0.00      0.00   41079.20
25    7160.34      0.00   3773.35       0.00
26       0.00   3254.03      0.00   11631.23
27     961.98      0.00   3934.40       0.00
28   13143.29      0.00      0.00       0.00
29    1843.97      0.00      0.00    4985.41
30       0.00      0.00      0.00       0.00
;

por_ap [*] :=
 p1  0.40
p10  0.40
 p2  0.46
 p3  0.46
 p4  0.46
 p5  0.46
 p6  0.40
 p7  0.46
 p8  0.46
 p9  0.40
;

TInv [*,*] (tr)
:     Cuarto    Entero     Medio     Octavo     :=
1        0.00      0.00   3564.71    5507.18
2    11903.10      0.00      0.00    1105.46
3        0.00      0.00      0.00   44892.20
4    19451.69      0.00      0.00       0.00
5    23132.14      0.00      0.00       0.00
6    25083.24      0.00      0.00       0.00
7        0.00   6322.14   1755.72       0.00
8        0.00      0.00      0.00   41258.89
9    11110.59      0.00   4766.76       0.00
10       0.00      0.00      0.00   45549.79
11       0.00   5820.58      0.00       0.00
12    8534.65      0.00   4285.48       0.00
13       0.00      0.00      0.00   47649.61
14    7136.10      0.00   4772.49       0.00
15       0.00   5967.98      0.00       0.00
16   17111.73      0.00      0.00       0.00
17    9183.31      0.00   3859.96       0.00
18    9553.15      0.00   4986.79       0.00
19       0.00      0.00      0.00   41726.37
20       0.00   6022.76      0.00       0.00
21    3044.00      0.00   4247.39       0.00
22     561.93      0.00   3080.51   10199.87
23   17883.50      0.00      0.00       0.00
24       0.00      0.00      0.00   41138.57
25    7144.17      0.00   3776.53       0.00
26       0.00   3242.36      0.00   11766.22
27     909.52      0.00   3940.00       0.00
28   13275.87      0.00      0.00       0.00
29    1854.03      0.00      0.00    5100.28
30       0.00      0.00      0.00       0.00
;

por_ap [*] :=
 p1  0.40
p10  0.40
 p2  0.47
 p3  0.47
 p4  0.47
 p5  0.47
 p6  0.40
 p7  0.47
 p8  0.47
 p9  0.40
;

TInv [*,*] (tr)
:     Cuarto    Entero     Medio     Octavo     :=
1        0.00      0.00   3574.39    5705.07
2    12438.91      0.00      0.00     774.65
3        0.00      0.00      0.00   44957.67
4    19439.32      0.00      0.00       0.00
5    23133.83      0.00      0.00       0.00
6    25088.60      0.00      0.00       0.00
7        0.00   6327.13   1745.74       0.00
8        0.00      0.00      0.00   41258.89
9    11111.43      0.00   4766.79       0.00
10       0.00      0.00      0.00   45533.36
11       0.00   5821.32      0.00       0.00
12    8540.06      0.00   4285.48       0.00
13       0.00      0.00      0.00   47623.67
14    7129.94      0.00   4771.71       0.00
15       0.00   5968.53      0.00       0.00
16   17111.73      0.00      0.00       0.00
17    9166.14      0.00   3854.16       0.00
18    9546.30      0.00   4981.38       0.00
19       0.00      0.00      0.00   41800.66
20       0.00   6024.01      0.00       0.00
21    3028.52      0.00   4232.77       0.00
22     611.34      0.00   3111.20   10007.42
23   17887.40      0.00      0.00       0.00
24       0.00      0.00      0.00   41198.95
25    7140.33      0.00   3779.96       0.00
26       0.00   3230.49      0.00   11916.26
27     856.42      0.00   3945.59       0.00
28   13426.60      0.00      0.00       0.00
29    1862.76      0.00      0.00    5223.39
30       0.00      0.00      0.00       0.00
;

por_ap [*] :=
 p1  0.40
p10  0.40
 p2  0.48
 p3  0.48
 p4  0.48
 p5  0.48
 p6  0.40
 p7  0.48
 p8  0.48
 p9  0.40
;

TInv [*,*] (tr)
:     Cuarto    Entero     Medio     Octavo     :=
1        0.00      0.00   3584.85    5912.99
2    12998.65      0.00      0.00     655.82
3        0.00      0.00      0.00   45007.89
4    19604.54      0.00      0.00       0.00
5    23201.00      0.00      0.00       0.00
6    25105.18      0.00      0.00       0.00
7        0.00   6332.52   1734.96       0.00
8        0.00      0.00      0.00   41258.89
9    11129.23      0.00   4766.38       0.00
10       0.00      0.00      0.00   45582.86
11       0.00   5821.73      0.00       0.00
12    8629.92      0.00   4285.48       0.00
13       0.00      0.00      0.00   47601.59
14    7125.53      0.00   4770.59       0.00
15       0.00   5968.89      0.00       0.00
16   17111.73      0.00      0.00       0.00
17    9165.93      0.00   3848.26       0.00
18    9548.64      0.00   4976.83       0.00
19       0.00      0.00      0.00   41876.12
20       0.00   6024.95      0.00       0.00
21    3012.80      0.00   4216.91       0.00
22     694.65      0.00   3142.28    9817.64
23   17898.07      0.00      0.00       0.00
24       0.00      0.00      0.00   41260.38
25    7126.46      0.00   3783.67       0.00
26       0.00   3218.41      0.00   12058.76
27     802.67      0.00   3952.23       0.00
28   13585.26      0.00      0.00       0.00
29    1862.56      0.00      0.00    5355.51
30       0.00      0.00      0.00       0.00
;

por_ap [*] :=
 p1  0.40
p10  0.40
 p2  0.49
 p3  0.49
 p4  0.49
 p5  0.49
 p6  0.40
 p7  0.49
 p8  0.49
 p9  0.40
;

TInv [*,*] (tr)
:     Cuarto    Entero     Medio     Octavo     :=
1        0.00      0.00   3596.16    6131.75
2    13584.30      0.00      0.00     473.15
3        0.00      0.00      0.00   45066.66
4    19647.56      0.00      0.00       0.00
5    23228.04      0.00      0.00       0.00
6    25111.52      0.00      0.00       0.00
7        0.00   6338.35   1723.31       0.00
8        0.00      0.00      0.00   41258.89
9    11138.03      0.00   4767.51       0.00
10       0.00      0.00      0.00   45603.58
11       0.00   5822.49      0.00       0.00
12    8657.88      0.00   4285.48       0.00
13       0.00      0.00      0.00   47596.94
14    7126.02      0.00   4771.19       0.00
15       0.00   5969.38      0.00       0.00
16   17111.74      0.00      0.00       0.00
17    9171.69      0.00   3842.27       0.00
18    9550.33      0.00   4971.98       0.00
19       0.00      0.00      0.00   41952.77
20       0.00   6026.14      0.00       0.00
21    2996.83      0.00   4202.83       0.00
22     730.87      0.00   3174.04    9625.64
23   17899.23      0.00      0.00       0.00
24       0.00      0.00      0.00   41322.91
25    7122.27      0.00   3787.68       0.00
26       0.00   3206.12      0.00   12208.31
27     748.25      0.00   3958.97       0.00
28   13745.47      0.00      0.00       0.00
29    1863.83      0.00      0.00    5497.54
30       0.00      0.00      0.00       0.00
;

por_ap [*] :=
 p1  0.40
p10  0.40
 p2  0.50
 p3  0.50
 p4  0.50
 p5  0.50
 p6  0.40
 p7  0.50
 p8  0.50
 p9  0.40
;

TInv [*,*] (tr)
:     Cuarto    Entero     Medio     Octavo     :=
1        0.00      0.00   3610.44    6390.20
2    14271.25      0.00      0.00     175.93
3        0.00      0.00      0.00   45113.46
4    19692.70      0.00      0.00       0.00
5    23252.32      0.00      0.00       0.00
6    25119.40      0.00      0.00       0.00
7        0.00   6345.71   1708.58       0.00
8        0.00      0.00      0.00   41258.89
9    11149.01      0.00   4769.49       0.00
10       0.00      0.00      0.00   45607.03
11       0.00   5823.93      0.00       0.00
12    8672.29      0.00   4285.48       0.00
13       0.00      0.00      0.00   47601.82
14    7135.63      0.00   4771.74       0.00
15       0.00   5970.37      0.00       0.00
16   17117.70      0.00      0.00       0.00
17    9183.37      0.00   3836.19       0.00
18    9552.71      0.00   4967.05       0.00
19       0.00      0.00      0.00   42030.63
20       0.00   6027.62      0.00       0.00
21    2980.61      0.00   4188.13       0.00
22     767.07      0.00   3206.43    9431.77
23   17899.95      0.00      0.00       0.00
24       0.00      0.00      0.00   41386.57
25    7122.28      0.00   3792.03       0.00
26       0.00   3193.61      0.00   12363.06
27     693.17      0.00   3966.31       0.00
28   13908.60      0.00      0.00       0.00
29    1865.66      0.00      0.00    5650.50
30       0.00      0.00      0.00       0.00
;

por_ap [*] :=
 p1  0.40
p10  0.40
 p2  0.51
 p3  0.51
 p4  0.51
 p5  0.51
 p6  0.40
 p7  0.51
 p8  0.51
 p9  0.40
;

TInv [*,*] (tr)
:     Cuarto    Entero     Medio     Octavo     :=
1        0.00      0.00   3620.15    6586.06
2    14669.99      0.00      0.00       0.00
3        0.00      0.00      0.00   45127.19
4    19542.48      0.00      0.00       0.00
5    23174.18      0.00      0.00       0.00
6    25096.47      0.00      0.00       0.00
7        0.00   6350.71   1698.57       0.00
8        0.00      0.00      0.00   41258.89
9    11134.89      0.00   4782.98       0.00
10       0.00      0.00      0.00   45588.46
11       0.00   5826.49      0.00       0.00
12    8565.69      0.00   4285.48       0.00
13       0.00      0.00      0.00   47649.73
14    7164.31      0.00   4782.17       0.00
15       0.00   5972.56      0.00       0.00
16   17120.84      0.00      0.00       0.00
17    9194.06      0.00   3830.01       0.00
18    9553.06      0.00   4959.80       0.00
19       0.00      0.00      0.00   42109.72
20       0.00   6038.20      0.00       0.00
21    2964.14      0.00   4165.06       0.00
22     689.05      0.00   3240.01    9249.78
23   17879.52      0.00      0.00       0.00
24       0.00      0.00      0.00   41451.43
25    7141.71      0.00   3796.75       0.00
26       0.00   3180.87      0.00   12557.85
27     637.38      0.00   3974.08       0.00
28   14078.92      0.00      0.00       0.00
29    1862.02      0.00      0.00    5815.56
30       0.00      0.00      0.00       0.00
;

por_ap [*] :=
 p1  0.40
p10  0.40
 p2  0.52
 p3  0.52
 p4  0.52
 p5  0.52
 p6  0.40
 p7  0.52
 p8  0.52
 p9  0.40
;

TInv [*,*] (tr)
:     Cuarto    Entero     Medio     Octavo     :=
1        0.00      0.00   3623.73    6699.11
2    14770.34      0.00      0.00       0.00
3        0.00      0.00      0.00   45127.19
4    19599.48      0.00      0.00       0.00
5    23181.18      0.00      0.00       0.00
6    25106.83      0.00      0.00       0.00
7        0.00   6352.56   1694.88       0.00
8        0.00      0.00      0.00   41258.89
9    11144.71      0.00   4777.00       0.00
10       0.00      0.00      0.00   45522.24
11       0.00   5825.16      0.00       0.00
12    8567.88      0.00   4285.48       0.00
13       0.00      0.00      0.00   47671.18
14    7168.09      0.00   4778.19       0.00
15       0.00   5971.61      0.00       0.00
16   17126.15      0.00      0.00       0.00
17    9221.67      0.00   3823.73       0.00
18    9555.51      0.00   4957.52       0.00
19       0.00      0.00      0.00   42190.06
20       0.00   6031.58      0.00       0.00
21    2947.40      0.00   4159.29       0.00
22     790.29      0.00   3273.60    9043.36
23   17887.13      0.00      0.00       0.00
24       0.00      0.00      0.00   41517.54
25    7145.47      0.00   3801.87       0.00
26       0.00   3167.88      0.00   12715.36
27     580.89      0.00   3982.78       0.00
28   14243.15      0.00      0.00       0.00
29    1872.94      0.00      0.00    5994.06
30       0.00      0.00      0.00       0.00
;

por_ap [*] :=
 p1  0.40
p10  0.40
 p2  0.53
 p3  0.53
 p4  0.53
 p5  0.53
 p6  0.40
 p7  0.53
 p8  0.53
 p9  0.40
;

TInv [*,*] (tr)
:     Cuarto    Entero     Medio     Octavo     :=
1        0.00      0.00   3627.40    6813.09
2    14871.41      0.00      0.00       0.00
3        0.00      0.00      0.00   45127.19
4    19686.41      0.00      0.00       0.00
5    23241.57      0.00      0.00       0.00
6    25124.67      0.00      0.00       0.00
7        0.00   6354.45   1691.10       0.00
8        0.00      0.00      0.00   41258.89
9    11161.09      0.00   4774.12       0.00
10       0.00      0.00      0.00   45563.43
11       0.00   5824.96      0.00       0.00
12    8650.26      0.00   4285.48       0.00
13       0.00      0.00      0.00   47647.81
14    7163.99      0.00   4774.78       0.00
15       0.00   5971.67      0.00       0.00
16   17128.70      0.00      0.00       0.00
17    9215.22      0.00   3817.36       0.00
18    9556.27      0.00   4953.05       0.00
19       0.00      0.00      0.00   42271.68
20       0.00   6030.51      0.00       0.00
21    2930.39      0.00   4147.75       0.00
22     902.22      0.00   3307.31    8837.28
23   17900.24      0.00      0.00       0.00
24       0.00      0.00      0.00   41584.97
25    7136.95      0.00   3807.46       0.00
26       0.00   3154.63      0.00   12875.27
27     523.68      0.00   3992.23       0.00
28   14416.13      0.00      0.00       0.00
29    1851.19      0.00      0.00    6187.55
30       0.00      0.00      0.00       0.00
;

por_ap [*] :=
 p1  0.40
p10  0.40
 p2  0.54
 p3  0.54
 p4  0.54
 p5  0.54
 p6  0.40
 p7  0.54
 p8  0.54
 p9  0.40
;

TInv [*,*] (tr)
:     Cuarto    Entero     Medio     Octavo     :=
1        0.00      0.00   3631.16    6928.04
2    14973.22      0.00      0.00       0.00
3        0.00      0.00      0.00   45127.19
4    19705.69      0.00      0.00       0.00
5    23262.36      0.00      0.00       0.00
6    25130.56      0.00      0.00       0.00
7        0.00   6356.39   1687.23       0.00
8        0.00      0.00      0.00   41258.89
9    11167.60      0.00   4774.17       0.00
10       0.00      0.00      0.00   45576.86
11       0.00   5825.26      0.00       0.00
12    8678.99      0.00   4285.48       0.00
13       0.00      0.00      0.00   47637.77
14    7164.31      0.00   4774.55       0.00
15       0.00   5971.79      0.00       0.00
16   17130.59      0.00      0.00       0.00
17    9214.36      0.00   3810.88       0.00
18    9557.21      0.00   4948.01       0.00
19       0.00      0.00      0.00   42354.60
20       0.00   6030.81      0.00       0.00
21    2913.12      0.00   4134.47       0.00
22     969.77      0.00   3341.72    8630.02
23   17905.40      0.00      0.00       0.00
24       0.00      0.00      0.00   41653.80
25    7134.04      0.00   3813.55       0.00
26       0.00   3141.11      0.00   13043.40
27     465.72      0.00   4002.41       0.00
28   14592.18      0.00      0.00       0.00
29    1829.78      0.00      0.00    6397.84
30       0.00      0.00      0.00       0.00
;

por_ap [*] :=
 p1  0.40
p10  0.40
 p2  0.55
 p3  0.55
 p4  0.55
 p5  0.55
 p6  0.40
 p7  0.55
 p8  0.55
 p9  0.40
;

TInv [*,*] (tr)
:     Cuarto    Entero     Medio     Octavo     :=
1        0.00      0.00   3635.00    7043.98
2    15075.82      0.00      0.00       0.00
3        0.00      0.00      0.00   45127.19
4    19654.16      0.00      0.00       0.00
5    23255.18      0.00      0.00       0.00
6    25131.62      0.00      0.00       0.00
7        0.00   6358.37   1683.26       0.00
8        0.00      0.00      0.00   41258.89
9    11172.68      0.00   4776.67       0.00
10       0.00      0.00      0.00   45574.56
11       0.00   5825.97      0.00       0.00
12    8665.67      0.00   4285.48       0.00
13       0.00      0.00      0.00   47646.74
14    7169.35      0.00   4776.45       0.00
15       0.00   5971.91      0.00       0.00
16   17129.50      0.00      0.00       0.00
17    9231.86      0.00   3804.30       0.00
18    9560.06      0.00   4942.76       0.00
19       0.00      0.00      0.00   42438.83
20       0.00   6032.49      0.00       0.00
21    2895.57      0.00   4116.04       0.00
22     968.66      0.00   3376.88    8422.23
23   17901.83      0.00      0.00       0.00
24       0.00      0.00      0.00   41724.12
25    7138.97      0.00   3820.22       0.00
26       0.00   3127.30      0.00   13219.83
27     407.00      0.00   4014.17       0.00
28   14773.15      0.00      0.00       0.00
29    1824.52      0.00      0.00    6627.08
30       0.00      0.00      0.00       0.00
;

por_ap [*] :=
 p1  0.40
p10  0.40
 p2  0.56
 p3  0.56
 p4  0.56
 p5  0.56
 p6  0.40
 p7  0.56
 p8  0.56
 p9  0.40
;

TInv [*,*] (tr)
:     Cuarto    Entero     Medio     Octavo     :=
1        0.00      0.00   3638.93    7160.83
2    15179.12      0.00      0.00       0.00
3        0.00      0.00      0.00   45127.19
4    19716.54      0.00      0.00       0.00
5    23293.52      0.00      0.00       0.00
6    25140.38      0.00      0.00       0.00
7        0.00   6360.39   1679.21       0.00
8        0.00      0.00      0.00   41258.89
9    11182.20      0.00   4775.87       0.00
10       0.00      0.00      0.00   45601.70
11       0.00   5826.04      0.00       0.00
12    8716.63      0.00   4285.48       0.00
13       0.00      0.00      0.00   47630.42
14    7168.42      0.00   4775.71       0.00
15       0.00   5971.88      0.00       0.00
16   17130.73      0.00      0.00       0.00
17    9234.62      0.00   3797.61       0.00
18    9562.87      0.00   4937.75       0.00
19       0.00      0.00      0.00   42524.40
20       0.00   6032.08      0.00       0.00
21    2877.74      0.00   4101.99       0.00
22    1021.19      0.00   3412.20    8208.45
23   17909.64      0.00      0.00       0.00
24       0.00      0.00      0.00   41793.13
25    7134.60      0.00   3827.22       0.00
26       0.00   3113.74      0.00   13393.83
27     349.63      0.00   4026.33       0.00
28   14950.44      0.00      0.00       0.00
29    1811.21      0.00      0.00    6868.86
30       0.00      0.00      0.00       0.00
;

por_ap [*] :=
 p1  0.40
p10  0.40
 p2  0.57
 p3  0.57
 p4  0.57
 p5  0.57
 p6  0.40
 p7  0.57
 p8  0.57
 p9  0.40
;

TInv [*,*] (tr)
:     Cuarto    Entero     Medio     Octavo     :=
1        0.00      0.00   3642.95    7278.71
2    15283.21      0.00      0.00       0.00
3        0.00      0.00      0.00   45127.19
4    19785.15      0.00      0.00       0.00
5    23326.74      0.00      0.00       0.00
6    25153.32      0.00      0.00       0.00
7        0.00   6362.47   1675.07       0.00
8        0.00      0.00      0.00   41258.89
9    11197.50      0.00   4773.12       0.00
10       0.00      0.00      0.00   45580.80
11       0.00   5826.17      0.00       0.00
12    8750.40      0.00   4285.48       0.00
13       0.00      0.00      0.00   47629.30
14    7172.42      0.00   4774.92       0.00
15       0.00   5971.87      0.00       0.00
16   17138.04      0.00      0.00       0.00
17    9249.04      0.00   3790.82       0.00
18    9566.45      0.00   4933.29       0.00
19       0.00      0.00      0.00   42611.34
20       0.00   6031.08      0.00       0.00
21    2859.63      0.00   4075.76       0.00
22    1078.16      0.00   3448.32    7990.45
23   17913.51      0.00      0.00       0.00
24       0.00      0.00      0.00   41793.40
25    7134.08      0.00   3827.20       0.00
26       0.00   3113.70      0.00   13397.16
27     344.05      0.00   4036.67       0.00
28   14953.79      0.00      0.00       0.00
29    1838.29      0.00      0.00    6912.97
30       0.00      0.00      0.00       0.00
;

por_ap [*] :=
 p1  0.40
p10  0.40
 p2  0.58
 p3  0.58
 p4  0.58
 p5  0.58
 p6  0.40
 p7  0.58
 p8  0.58
 p9  0.40
;

TInv [*,*] (tr)
:     Cuarto    Entero     Medio     Octavo     :=
1        0.00      0.00   3647.06    7397.58
2    15388.07      0.00      0.00       0.00
3        0.00      0.00      0.00   45127.19
4    19808.44      0.00      0.00       0.00
5    23347.87      0.00      0.00       0.00
6    25159.51      0.00      0.00       0.00
7        0.00   6364.59   1670.83       0.00
8        0.00      0.00      0.00   42251.97
9    11204.26      0.00   4771.15       0.00
10       0.00      0.00      0.00   46389.56
11       0.00   5826.89      0.00       0.00
12    8766.86      0.00   4285.48       0.00
13       0.00      0.00      0.00   48352.48
14    7173.39      0.00   4774.46       0.00
15       0.00   5972.02      0.00       0.00
16   17139.54      0.00      0.00       0.00
17    9251.60      0.00   3684.46       0.00
18    9568.87      0.00   4861.88       0.00
19       0.00      0.00      0.00   44845.78
20       0.00   6030.35      0.00       0.00
21    2189.66      0.00   3860.29       0.00
22    3834.89      0.00   5027.04       0.00
23   17973.58      0.00      0.00       0.00
24       0.00      0.00      0.00   41793.40
25    7127.27      0.00   4061.24       0.00
26       0.00   3113.70      0.00   13394.72
27     449.06      0.00   4357.24       0.00
28   15054.90      0.00      0.00       0.00
29       0.00      0.00      0.00   19533.48
30       0.00      0.00      0.00       0.00
;

por_ap [*] :=
 p1  0.40
p10  0.40
 p2  0.59
 p3  0.59
 p4  0.59
 p5  0.59
 p6  0.40
 p7  0.59
 p8  0.59
 p9  0.40
;

TInv [*,*] (tr)
:     Cuarto    Entero     Medio     Octavo     :=
1        0.00      0.00   3651.27    7517.54
2    15493.81      0.00      0.00       0.00
3        0.00      0.00      0.00   45127.19
4    19613.09      0.00      0.00       0.00
5    23224.95      0.00      0.00       0.00
6    25118.86      0.00      0.00       0.00
7        0.00   6366.76   1666.49       0.00
8        0.00      0.00      0.00   42251.97
9    11167.95      0.00   4784.00       0.00
10       0.00      0.00      0.00   46414.62
11       0.00   5827.60      0.00       0.00
12    8608.60      0.00   4285.48       0.00
13       0.00      0.00      0.00   48432.32
14    7192.03      0.00   4783.16       0.00
15       0.00   5972.08      0.00       0.00
16   17132.07      0.00      0.00       0.00
17    9250.57      0.00   3684.46       0.00
18    9565.58      0.00   4860.07       0.00
19       0.00      0.00      0.00   45528.82
20       0.00   6036.76      0.00       0.00
21    2189.66      0.00   3812.58       0.00
22    3184.65      0.00   4949.48       0.00
23   17952.13      0.00      0.00       0.00
24       0.00      0.00      0.00   41793.40
25    7149.28      0.00   4085.87       0.00
26       0.00   3113.70      0.00   13413.06
27     460.77      0.00   4400.97       0.00
28   15102.15      0.00      0.00       0.00
29       0.00      0.00      0.00   19533.48
30       0.00      0.00      0.00       0.00
;

por_ap [*] :=
 p1  0.40
p10  0.40
 p2  0.60
 p3  0.60
 p4  0.60
 p5  0.60
 p6  0.40
 p7  0.60
 p8  0.60
 p9  0.40
;

TInv [*,*] (tr)
:     Cuarto    Entero     Medio     Octavo     :=
1        0.00      0.00   3655.56    7638.35
2    15600.14      0.00      0.00       0.00
3        0.00      0.00      0.00   45127.19
4    19573.70      0.00      0.00       0.00
5    23190.36      0.00      0.00       0.00
6    25110.13      0.00      0.00       0.00
7        0.00   6368.97   1662.06       0.00
8        0.00      0.00      0.00   42251.97
9    11160.55      0.00   4782.66       0.00
10       0.00      0.00      0.00   46418.12
11       0.00   5827.24      0.00       0.00
12    8553.58      0.00   4285.48       0.00
13       0.00      0.00      0.00   48465.66
14    7199.71      0.00   4784.23       0.00
15       0.00   5971.26      0.00       0.00
16   17133.75      0.00      0.00       0.00
17    9253.22      0.00   3684.46       0.00
18    9564.20      0.00   4860.26       0.00
19       0.00      0.00      0.00   45789.34
20       0.00   6037.13      0.00       0.00
21    2189.66      0.00   3810.57       0.00
22    3031.52      0.00   4948.09       0.00
23   17945.97      0.00      0.00       0.00
24       0.00      0.00      0.00   41793.40
25    7157.38      0.00   4086.32       0.00
26       0.00   3113.70      0.00   13422.33
27     472.90      0.00   4407.06       0.00
28   15118.25      0.00      0.00       0.00
29       0.00      0.00      0.00   19533.48
30       0.00      0.00      0.00       0.00
;

por_ap [*] :=
 p1  0.40
p10  0.40
 p2  0.61
 p3  0.61
 p4  0.61
 p5  0.61
 p6  0.40
 p7  0.61
 p8  0.61
 p9  0.40
;

TInv [*,*] (tr)
:     Cuarto    Entero     Medio     Octavo     :=
1        0.00      0.00   3659.96    7760.27
2    15707.36      0.00      0.00       0.00
3        0.00      0.00      0.00   45127.19
4    19568.02      0.00      0.00       0.00
5    23174.52      0.00      0.00       0.00
6    25107.90      0.00      0.00       0.00
7        0.00   6371.24   1657.53       0.00
8        0.00      0.00      0.00   42251.97
9    11159.01      0.00   4782.33       0.00
10       0.00      0.00      0.00   46420.46
11       0.00   5827.04      0.00       0.00
12    8529.40      0.00   4285.48       0.00
13       0.00      0.00      0.00   48486.98
14    7205.06      0.00   4784.35       0.00
15       0.00   5970.84      0.00       0.00
16   17135.22      0.00      0.00       0.00
17    9255.58      0.00   3684.46       0.00
18    9563.36      0.00   4860.49       0.00
19       0.00      0.00      0.00   45901.24
20       0.00   6037.27      0.00       0.00
21    2189.66      0.00   3810.67       0.00
22    2987.10      0.00   4947.98       0.00
23   17943.43      0.00      0.00       0.00
24       0.00      0.00      0.00   41793.40
25    7162.34      0.00   4086.65       0.00
26       0.00   3113.70      0.00   13429.07
27     485.48      0.00   4408.24       0.00
28   15135.06      0.00      0.00       0.00
29       0.00      0.00      0.00   19533.48
30       0.00      0.00      0.00       0.00
;

por_ap [*] :=
 p1  0.40
p10  0.40
 p2  0.62
 p3  0.62
 p4  0.62
 p5  0.62
 p6  0.40
 p7  0.62
 p8  0.62
 p9  0.40
;

TInv [*,*] (tr)
:     Cuarto    Entero     Medio     Octavo     :=
1        0.00      0.00   3664.45    7883.23
2    15815.38      0.00      0.00       0.00
3        0.00      0.00      0.00   45127.19
4    19571.48      0.00      0.00       0.00
5    23166.04      0.00      0.00       0.00
6    25108.17      0.00      0.00       0.00
7        0.00   6373.55   1652.90       0.00
8        0.00      0.00      0.00   42251.97
9    11159.73      0.00   4782.14       0.00
10       0.00      0.00      0.00   46422.14
11       0.00   5826.20      0.00       0.00
12    8519.25      0.00   4285.48       0.00
13       0.00      0.00      0.00   48502.07
14    7209.13      0.00   4784.30       0.00
15       0.00   5969.63      0.00       0.00
16   17136.70      0.00      0.00       0.00
17    9257.70      0.00   3684.46       0.00
18    9563.01      0.00   4860.70       0.00
19       0.00      0.00      0.00   45951.13
20       0.00   6037.72      0.00       0.00
21    2189.66      0.00   3810.76       0.00
22    2973.53      0.00   4947.90       0.00
23   17942.26      0.00      0.00       0.00
24       0.00      0.00      0.00   41793.40
25    7165.84      0.00   4087.36       0.00
26       0.00   3113.70      0.00   13433.83
27     498.52      0.00   4408.05       0.00
28   15152.14      0.00      0.00       0.00
29       0.00      0.00      0.00   19533.48
30       0.00      0.00      0.00       0.00
;

por_ap [*] :=
 p1  0.40
p10  0.40
 p2  0.63
 p3  0.63
 p4  0.63
 p5  0.63
 p6  0.40
 p7  0.63
 p8  0.63
 p9  0.40
;

TInv [*,*] (tr)
:     Cuarto    Entero     Medio     Octavo     :=
1        0.00      0.00   3669.04    8007.24
2    15924.22      0.00      0.00       0.00
3        0.00      0.00      0.00   45127.19
4    19577.67      0.00      0.00       0.00
5    23161.40      0.00      0.00       0.00
6    25109.55      0.00      0.00       0.00
7        0.00   6375.92   1648.16       0.00
8        0.00      0.00      0.00   42251.97
9    11161.49      0.00   4782.01       0.00
10       0.00      0.00      0.00   46423.18
11       0.00   5825.35      0.00       0.00
12    8516.16      0.00   4285.48       0.00
13       0.00      0.00      0.00   48513.08
14    7212.60      0.00   4784.23       0.00
15       0.00   5968.41      0.00       0.00
16   17138.18      0.00      0.00       0.00
17    9259.62      0.00   3684.46       0.00
18    9562.82      0.00   4860.68       0.00
19       0.00      0.00      0.00   45973.21
20       0.00   6038.28      0.00       0.00
21    2189.66      0.00   3810.74       0.00
22    2969.54      0.00   4947.75       0.00
23   17941.65      0.00      0.00       0.00
24       0.00      0.00      0.00   41793.40
25    7168.46      0.00   4087.35       0.00
26       0.00   3113.70      0.00   13437.24
27     512.06      0.00   4407.91       0.00
28   15170.35      0.00      0.00       0.00
29       0.00      0.00      0.00   19533.48
30       0.00      0.00      0.00       0.00
;

por_ap [*] :=
 p1  0.40
p10  0.40
 p2  0.64
 p3  0.64
 p4  0.64
 p5  0.64
 p6  0.40
 p7  0.64
 p8  0.64
 p9  0.40
;

TInv [*,*] (tr)
:     Cuarto    Entero     Medio     Octavo     :=
1        0.00      0.00   3673.73    8132.31
2    16033.86      0.00      0.00       0.00
3        0.00      0.00      0.00   45127.19
4    19584.53      0.00      0.00       0.00
5    23158.93      0.00      0.00       0.00
6    25111.32      0.00      0.00       0.00
7        0.00   6378.34   1643.33       0.00
8        0.00      0.00      0.00   42251.97
9    11163.60      0.00   4782.00       0.00
10       0.00      0.00      0.00   46423.96
11       0.00   5825.45      0.00       0.00
12    8516.33      0.00   4285.48       0.00
13       0.00      0.00      0.00   48520.86
14    7215.81      0.00   4784.20       0.00
15       0.00   5968.44      0.00       0.00
16   17139.67      0.00      0.00       0.00
17    9261.88      0.00   3684.46       0.00
18    9562.81      0.00   4860.65       0.00
19       0.00      0.00      0.00   45983.09
20       0.00   6038.49      0.00       0.00
21    2189.66      0.00   3810.65       0.00
22    2968.08      0.00   4947.61       0.00
23   17941.31      0.00      0.00       0.00
24       0.00      0.00      0.00   41793.40
25    7170.55      0.00   4087.33       0.00
26       0.00   3113.70      0.00   13440.01
27     526.12      0.00   4407.81       0.00
28   15189.27      0.00      0.00       0.00
29       0.00      0.00      0.00   19533.48
30       0.00      0.00      0.00       0.00
;

por_ap [*] :=
 p1  0.40
p10  0.40
 p2  0.65
 p3  0.65
 p4  0.65
 p5  0.65
 p6  0.40
 p7  0.65
 p8  0.65
 p9  0.40
;

TInv [*,*] (tr)
:     Cuarto    Entero     Medio     Octavo     :=
1        0.00      0.00   3678.52    8258.45
2    16144.33      0.00      0.00       0.00
3        0.00      0.00      0.00   45127.19
4    19592.25      0.00      0.00       0.00
5    23158.70      0.00      0.00       0.00
6    25113.60      0.00      0.00       0.00
7        0.00   6380.81   1638.38       0.00
8        0.00      0.00      0.00   42251.97
9    11166.34      0.00   4781.78       0.00
10       0.00      0.00      0.00   46423.57
11       0.00   5824.78      0.00       0.00
12    8519.17      0.00   4285.48       0.00
13       0.00      0.00      0.00   48526.05
14    7218.93      0.00   4784.10       0.00
15       0.00   5967.31      0.00       0.00
16   17141.13      0.00      0.00       0.00
17    9263.91      0.00   3684.46       0.00
18    9562.94      0.00   4860.62       0.00
19       0.00      0.00      0.00   45986.53
20       0.00   6037.98      0.00       0.00
21    2189.66      0.00   3810.84       0.00
22    2968.01      0.00   4947.89       0.00
23   17941.05      0.00      0.00       0.00
24       0.00      0.00      0.00   41793.40
25    7172.11      0.00   4087.20       0.00
26       0.00   3113.70      0.00   13441.49
27     540.73      0.00   4407.71       0.00
28   15208.92      0.00      0.00       0.00
29       0.00      0.00      0.00   19533.48
30       0.00      0.00      0.00       0.00
;

por_ap [*] :=
 p1  0.40
p10  0.40
 p2  0.66
 p3  0.66
 p4  0.66
 p5  0.66
 p6  0.40
 p7  0.66
 p8  0.66
 p9  0.40
;

TInv [*,*] (tr)
:     Cuarto    Entero     Medio     Octavo     :=
1        0.00      0.00   3683.42    8385.68
2    16255.64      0.00      0.00       0.00
3        0.00      0.00      0.00   45127.19
4    19600.63      0.00      0.00       0.00
5    23160.25      0.00      0.00       0.00
6    25116.24      0.00      0.00       0.00
7        0.00   6383.33   1633.34       0.00
8        0.00      0.00      0.00   42251.97
9    11169.66      0.00   4781.44       0.00
10       0.00      0.00      0.00   46421.50
11       0.00   5824.49      0.00       0.00
12    8523.75      0.00   4285.48       0.00
13       0.00      0.00      0.00   48528.76
14    7222.01      0.00   4783.93       0.00
15       0.00   5966.77      0.00       0.00
16   17142.58      0.00      0.00       0.00
17    9265.70      0.00   3684.46       0.00
18    9563.17      0.00   4860.58       0.00
19       0.00      0.00      0.00   45986.52
20       0.00   6038.03      0.00       0.00
21    2189.66      0.00   3811.07       0.00
22    2969.16      0.00   4947.96       0.00
23   17940.90      0.00      0.00       0.00
24       0.00      0.00      0.00   41793.40
25    7173.19      0.00   4087.51       0.00
26       0.00   3113.70      0.00   13441.69
27     555.92      0.00   4407.85       0.00
28   15229.39      0.00      0.00       0.00
29       0.00      0.00      0.00   19533.48
30       0.00      0.00      0.00       0.00
;

por_ap [*] :=
 p1  0.40
p10  0.40
 p2  0.67
 p3  0.67
 p4  0.67
 p5  0.67
 p6  0.40
 p7  0.67
 p8  0.67
 p9  0.40
;

TInv [*,*] (tr)
:     Cuarto    Entero     Medio     Octavo     :=
1        0.00      0.00   3688.42    8514.00
2    16367.78      0.00      0.00       0.00
3        0.00      0.00      0.00   45127.19
4    19609.29      0.00      0.00       0.00
5    23162.94      0.00      0.00       0.00
6    25118.99      0.00      0.00       0.00
7        0.00   6385.91   1628.18       0.00
8        0.00      0.00      0.00   42251.97
9    11173.29      0.00   4781.14       0.00
10       0.00      0.00      0.00   46418.40
11       0.00   5823.41      0.00       0.00
12    8529.11      0.00   4285.48       0.00
13       0.00      0.00      0.00   48529.82
14    7225.13      0.00   4783.78       0.00
15       0.00   5965.04      0.00       0.00
16   17144.04      0.00      0.00       0.00
17    9267.18      0.00   3684.46       0.00
18    9563.46      0.00   4860.52       0.00
19       0.00      0.00      0.00   45985.24
20       0.00   6037.18      0.00       0.00
21    2189.66      0.00   3811.21       0.00
22    2968.39      0.00   4947.61       0.00
23   17940.66      0.00      0.00       0.00
24       0.00      0.00      0.00   41793.40
25    7173.95      0.00   4087.29       0.00
26       0.00   3113.70      0.00   13440.76
27     571.73      0.00   4407.82       0.00
28   15250.72      0.00      0.00       0.00
29       0.00      0.00      0.00   19533.48
30       0.00      0.00      0.00       0.00
;

por_ap [*] :=
 p1  0.40
p10  0.40
 p2  0.68
 p3  0.68
 p4  0.68
 p5  0.68
 p6  0.40
 p7  0.68
 p8  0.68
 p9  0.40
;

TInv [*,*] (tr)
:     Cuarto    Entero     Medio     Octavo     :=
1        0.00      0.00   3693.52    8643.43
2    16480.77      0.00      0.00       0.00
3        0.00      0.00      0.00   45127.19
4    19618.04      0.00      0.00       0.00
5    23166.34      0.00      0.00       0.00
6    25121.71      0.00      0.00       0.00
7        0.00   6388.54   1622.91       0.00
8        0.00      0.00      0.00   42251.97
9    11177.05      0.00   4780.87       0.00
10       0.00      0.00      0.00   46414.78
11       0.00   5822.90      0.00       0.00
12    8534.67      0.00   4285.48       0.00
13       0.00      0.00      0.00   48529.64
14    7228.34      0.00   4783.65       0.00
15       0.00   5964.20      0.00       0.00
16   17145.51      0.00      0.00       0.00
17    9268.36      0.00   3684.46       0.00
18    9563.90      0.00   4860.49       0.00
19       0.00      0.00      0.00   45983.80
20       0.00   6037.31      0.00       0.00
21    2189.66      0.00   3811.37       0.00
22    2968.50      0.00   4947.62       0.00
23   17940.57      0.00      0.00       0.00
24       0.00      0.00      0.00   41793.40
25    7174.50      0.00   4087.51       0.00
26       0.00   3113.70      0.00   13442.16
27     588.18      0.00   4407.95       0.00
28   15272.93      0.00      0.00       0.00
29       0.00      0.00      0.00   19533.48
30       0.00      0.00      0.00       0.00
;

por_ap [*] :=
 p1  0.40
p10  0.40
 p2  0.69
 p3  0.69
 p4  0.69
 p5  0.69
 p6  0.40
 p7  0.69
 p8  0.69
 p9  0.40
;

TInv [*,*] (tr)
:     Cuarto    Entero     Medio     Octavo     :=
1        0.00      0.00   3698.74    8773.97
2    16594.62      0.00      0.00       0.00
3        0.00      0.00      0.00   45127.19
4    19626.91      0.00      0.00       0.00
5    23170.26      0.00      0.00       0.00
6    25124.37      0.00      0.00       0.00
7        0.00   6391.23   1617.54       0.00
8        0.00      0.00      0.00   42251.97
9    11180.86      0.00   4780.61       0.00
10       0.00      0.00      0.00   46411.00
11       0.00   5822.41      0.00       0.00
12    8540.25      0.00   4285.48       0.00
13       0.00      0.00      0.00   48528.85
14    7231.64      0.00   4783.55       0.00
15       0.00   5963.47      0.00       0.00
16   17147.00      0.00      0.00       0.00
17    9269.30      0.00   3684.46       0.00
18    9564.40      0.00   4860.47       0.00
19       0.00      0.00      0.00   45982.41
20       0.00   6037.49      0.00       0.00
21    2189.66      0.00   3811.56       0.00
22    2968.82      0.00   4947.65       0.00
23   17940.55      0.00      0.00       0.00
24       0.00      0.00      0.00   41793.40
25    7174.89      0.00   4087.25       0.00
26       0.00   3113.70      0.00   13442.59
27     605.33      0.00   4407.44       0.00
28   15295.86      0.00      0.00       0.00
29       0.00      0.00      0.00   19533.48
30       0.00      0.00      0.00       0.00
;

por_ap [*] :=
 p1  0.40
p10  0.40
 p2  0.70
 p3  0.70
 p4  0.70
 p5  0.70
 p6  0.40
 p7  0.70
 p8  0.70
 p9  0.40
;

TInv [*,*] (tr)
:     Cuarto    Entero     Medio     Octavo     :=
1        0.00      0.00   3704.06    8905.64
2    16709.33      0.00      0.00       0.00
3        0.00      0.00      0.00   45127.19
4    19635.91      0.00      0.00       0.00
5    23174.62      0.00      0.00       0.00
6    25126.97      0.00      0.00       0.00
7        0.00   6393.98   1612.04       0.00
8        0.00      0.00      0.00   42251.97
9    11184.71      0.00   4780.39       0.00
10       0.00      0.00      0.00   46407.14
11       0.00   5821.15      0.00       0.00
12    8545.84      0.00   4285.48       0.00
13       0.00      0.00      0.00   48527.55
14    7234.98      0.00   4783.47       0.00
15       0.00   5961.60      0.00       0.00
16   17148.51      0.00      0.00       0.00
17    9270.08      0.00   3684.46       0.00
18    9564.95      0.00   4860.46       0.00
19       0.00      0.00      0.00   45981.13
20       0.00   6036.99      0.00       0.00
21    2189.66      0.00   3811.75       0.00
22    2971.14      0.00   4947.67       0.00
23   17940.10      0.00      0.00       0.00
24       0.00      0.00      0.00   41793.40
25    7174.93      0.00   4087.18       0.00
26       0.00   3113.70      0.00   13442.15
27     623.21      0.00   4407.37       0.00
28   15319.81      0.00      0.00       0.00
29       0.00      0.00      0.00   19533.48
30       0.00      0.00      0.00       0.00
;

por_ap [*] :=
 p1  0.40
p10  0.40
 p2  0.71
 p3  0.71
 p4  0.71
 p5  0.71
 p6  0.40
 p7  0.71
 p8  0.71
 p9  0.40
;

TInv [*,*] (tr)
:     Cuarto    Entero     Medio     Octavo     :=
1        0.00      0.00   3709.49    9038.46
2    16824.91      0.00      0.00       0.00
3        0.00      0.00      0.00   45127.19
4    19644.60      0.00      0.00       0.00
5    23178.78      0.00      0.00       0.00
6    25129.14      0.00      0.00       0.00
7        0.00   6396.78   1606.44       0.00
8        0.00      0.00      0.00   42251.97
9    11187.94      0.00   4780.39       0.00
10       0.00      0.00      0.00   46402.85
11       0.00   5821.05      0.00       0.00
12    8550.45      0.00   4285.48       0.00
13       0.00      0.00      0.00   48525.22
14    7238.31      0.00   4783.45       0.00
15       0.00   5961.50      0.00       0.00
16   17150.07      0.00      0.00       0.00
17    9270.58      0.00   3684.46       0.00
18    9565.49      0.00   4860.45       0.00
19       0.00      0.00      0.00   45979.66
20       0.00   6037.62      0.00       0.00
21    2189.66      0.00   3811.79       0.00
22    2971.87      0.00   4947.65       0.00
23   17939.91      0.00      0.00       0.00
24       0.00      0.00      0.00   41793.40
25    7174.81      0.00   4087.16       0.00
26       0.00   3113.70      0.00   13440.76
27     641.86      0.00   4407.40       0.00
28   15345.02      0.00      0.00       0.00
29       0.00      0.00      0.00   19533.48
30       0.00      0.00      0.00       0.00
;

por_ap [*] :=
 p1  0.40
p10  0.40
 p2  0.72
 p3  0.72
 p4  0.72
 p5  0.72
 p6  0.40
 p7  0.72
 p8  0.72
 p9  0.40
;

TInv [*,*] (tr)
:     Cuarto    Entero     Medio     Octavo     :=
1        0.00      0.00   3715.04    9172.42
2    16941.38      0.00      0.00       0.00
3        0.00      0.00      0.00   45127.19
4    19653.02      0.00      0.00       0.00
5    23182.67      0.00      0.00       0.00
6    25130.96      0.00      0.00       0.00
7        0.00   6399.64   1600.72       0.00
8        0.00      0.00      0.00   42251.97
9    11190.66      0.00   4780.49       0.00
10       0.00      0.00      0.00   46398.90
11       0.00   5821.18      0.00       0.00
12    8554.19      0.00   4285.48       0.00
13       0.00      0.00      0.00   48522.65
14    7241.60      0.00   4783.50       0.00
15       0.00   5961.77      0.00       0.00
16   17151.65      0.00      0.00       0.00
17    9270.81      0.00   3684.46       0.00
18    9565.99      0.00   4860.46       0.00
19       0.00      0.00      0.00   45978.54
20       0.00   6038.30      0.00       0.00
21    2189.66      0.00   3811.83       0.00
22    2971.82      0.00   4947.66       0.00
23   17939.78      0.00      0.00       0.00
24       0.00      0.00      0.00   41793.40
25    7174.63      0.00   4087.03       0.00
26       0.00   3113.70      0.00   13438.79
27     661.36      0.00   4407.35       0.00
28   15371.33      0.00      0.00       0.00
29       0.00      0.00      0.00   19533.48
30       0.00      0.00      0.00       0.00
;

por_ap [*] :=
 p1  0.40
p10  0.40
 p2  0.73
 p3  0.73
 p4  0.73
 p5  0.73
 p6  0.40
 p7  0.73
 p8  0.73
 p9  0.40
;

TInv [*,*] (tr)
:     Cuarto    Entero     Medio     Octavo     :=
1        0.00      0.00   3720.70    9307.56
2    17058.73      0.00      0.00       0.00
3        0.00      0.00      0.00   45127.19
4    19660.83      0.00      0.00       0.00
5    23185.59      0.00      0.00       0.00
6    25132.05      0.00      0.00       0.00
7        0.00   6402.56   1594.88       0.00
8        0.00      0.00      0.00   42251.97
9    11192.76      0.00   4780.74       0.00
10       0.00      0.00      0.00   46395.11
11       0.00   5821.33      0.00       0.00
12    8556.53      0.00   4285.48       0.00
13       0.00      0.00      0.00   48519.76
14    7245.38      0.00   4783.65       0.00
15       0.00   5961.98      0.00       0.00
16   17153.21      0.00      0.00       0.00
17    9270.27      0.00   3684.46       0.00
18    9566.32      0.00   4860.52       0.00
19       0.00      0.00      0.00   45977.81
20       0.00   6038.63      0.00       0.00
21    2189.66      0.00   3811.97       0.00
22    2970.87      0.00   4947.76       0.00
23   17939.64      0.00      0.00       0.00
24       0.00      0.00      0.00   41793.40
25    7174.46      0.00   4086.75       0.00
26       0.00   3113.70      0.00   13437.14
27     681.74      0.00   4407.03       0.00
28   15399.10      0.00      0.00       0.00
29       0.00      0.00      0.00   19533.48
30       0.00      0.00      0.00       0.00
;

por_ap [*] :=
 p1  0.40
p10  0.40
 p2  0.74
 p3  0.74
 p4  0.74
 p5  0.74
 p6  0.40
 p7  0.74
 p8  0.74
 p9  0.40
;

TInv [*,*] (tr)
:     Cuarto    Entero     Medio     Octavo     :=
1        0.00      0.00   3726.48    9443.93
2    17177.05      0.00      0.00       0.00
3        0.00      0.00      0.00   45127.19
4    19668.36      0.00      0.00       0.00
5    23188.23      0.00      0.00       0.00
6    25133.07      0.00      0.00       0.00
7        0.00   6405.54   1588.91       0.00
8        0.00      0.00      0.00   42251.97
9    11194.39      0.00   4781.13       0.00
10       0.00      0.00      0.00   46392.86
11       0.00   5821.35      0.00       0.00
12    8558.22      0.00   4285.48       0.00
13       0.00      0.00      0.00   48517.82
14    7248.69      0.00   4783.88       0.00
15       0.00   5962.06      0.00       0.00
16   17154.84      0.00      0.00       0.00
17    9269.75      0.00   3684.46       0.00
18    9566.58      0.00   4860.62       0.00
19       0.00      0.00      0.00   45977.45
20       0.00   6039.93      0.00       0.00
21    2189.66      0.00   3812.14       0.00
22    2968.50      0.00   4947.86       0.00
23   17939.36      0.00      0.00       0.00
24       0.00      0.00      0.00   41793.40
25    7174.36      0.00   4086.29       0.00
26       0.00   3113.70      0.00   13436.49
27     703.07      0.00   4406.67       0.00
28   15427.85      0.00      0.00       0.00
29       0.00      0.00      0.00   19533.48
30       0.00      0.00      0.00       0.00
;

por_ap [*] :=
 p1  0.40
p10  0.40
 p2  0.75
 p3  0.75
 p4  0.75
 p5  0.75
 p6  0.40
 p7  0.75
 p8  0.75
 p9  0.40
;

TInv [*,*] (tr)
:     Cuarto    Entero     Medio     Octavo     :=
1        0.00      0.00   3732.38    9581.41
2    17296.18      0.00      0.00       0.00
3        0.00      0.00      0.00   45127.19
4    19674.74      0.00      0.00       0.00
5    23189.61      0.00      0.00       0.00
6    25133.51      0.00      0.00       0.00
7        0.00   6408.58   1582.83       0.00
8        0.00      0.00      0.00   42251.97
9    11194.88      0.00   4781.82       0.00
10       0.00      0.00      0.00   46392.95
11       0.00   5821.18      0.00       0.00
12    8558.07      0.00   4285.48       0.00
13       0.00      0.00      0.00   48517.64
14    7251.89      0.00   4784.28       0.00
15       0.00   5962.13      0.00       0.00
16   17156.44      0.00      0.00       0.00
17    9268.95      0.00   3684.46       0.00
18    9566.59      0.00   4860.80       0.00
19       0.00      0.00      0.00   45978.28
20       0.00   6041.90      0.00       0.00
21    2189.66      0.00   3812.36       0.00
22    2964.47      0.00   4948.03       0.00
23   17939.05      0.00      0.00       0.00
24       0.00      0.00      0.00   41793.40
25    7174.53      0.00   4085.46       0.00
26       0.00   3113.70      0.00   13436.96
27     725.43      0.00   4405.96       0.00
28   15458.15      0.00      0.00       0.00
29       0.00      0.00      0.00   19533.48
30       0.00      0.00      0.00       0.00
;

por_ap [*] :=
 p1  0.40
p10  0.40
 p2  0.76
 p3  0.76
 p4  0.76
 p5  0.76
 p6  0.40
 p7  0.76
 p8  0.76
 p9  0.40
;

TInv [*,*] (tr)
:     Cuarto    Entero     Medio     Octavo     :=
1        0.00      0.00   3738.39    9720.08
2    17416.21      0.00      0.00       0.00
3        0.00      0.00      0.00   45127.19
4    19676.13      0.00      0.00       0.00
5    23184.53      0.00      0.00       0.00
6    25130.92      0.00      0.00       0.00
7        0.00   6411.68   1576.63       0.00
8        0.00      0.00      0.00   42251.97
9    11191.60      0.00   4783.91       0.00
10       0.00      0.00      0.00   46400.11
11       0.00   5821.07      0.00       0.00
12    8550.52      0.00   4285.48       0.00
13       0.00      0.00      0.00   48522.91
14    7257.24      0.00   4785.39       0.00
15       0.00   5962.44      0.00       0.00
16   17157.82      0.00      0.00       0.00
17    9266.84      0.00   3684.46       0.00
18    9566.04      0.00   4861.41       0.00
19       0.00      0.00      0.00   45982.96
20       0.00   6043.79      0.00       0.00
21    2189.66      0.00   3813.01       0.00
22    2952.55      0.00   4948.58       0.00
23   17938.54      0.00      0.00       0.00
24       0.00      0.00      0.00   41793.40
25    7175.73      0.00   4083.39       0.00
26       0.00   3113.70      0.00   13434.98
27     748.88      0.00   4403.86       0.00
28   15491.60      0.00      0.00       0.00
29       0.00      0.00      0.00   19533.48
30       0.00      0.00      0.00       0.00
;

por_ap [*] :=
 p1  0.40
p10  0.40
 p2  0.77
 p3  0.77
 p4  0.77
 p5  0.77
 p6  0.40
 p7  0.77
 p8  0.77
 p9  0.40
;

TInv [*,*] (tr)
:     Cuarto    Entero     Medio     Octavo     :=
1        0.00      0.00   3744.52    9860.02
2    17537.22      0.00      0.00       0.00
3        0.00      0.00      0.00   45127.19
4    19681.83      0.00      0.00       0.00
5    23183.48      0.00      0.00       0.00
6    25130.21      0.00      0.00       0.00
7        0.00   6414.85   1570.30       0.00
8        0.00      0.00      0.00   42251.97
9    11189.87      0.00   4783.91       0.00
10       0.00      0.00      0.00   46404.20
11       0.00   5824.57      0.00       0.00
12    8547.73      0.00   4285.48       0.00
13       0.00      0.00      0.00   48525.27
14    7260.20      0.00   4785.57       0.00
15       0.00   5966.73      0.00       0.00
16   17159.55      0.00      0.00       0.00
17    9264.81      0.00   3684.46       0.00
18    9565.30      0.00   4861.47       0.00
19       0.00      0.00      0.00   45983.85
20       0.00   6042.93      0.00       0.00
21    2189.66      0.00   3812.55       0.00
22    2950.03      0.00   4948.43       0.00
23   17937.88      0.00      0.00       0.00
24       0.00      0.00      0.00   41793.40
25    7176.12      0.00   4082.86       0.00
26       0.00   3113.70      0.00   13436.96
27     773.52      0.00   4402.66       0.00
28   15524.15      0.00      0.00       0.00
29       0.00      0.00      0.00   19533.48
30       0.00      0.00      0.00       0.00
;

por_ap [*] :=
 p1  0.40
p10  0.40
 p2  0.78
 p3  0.78
 p4  0.78
 p5  0.78
 p6  0.40
 p7  0.78
 p8  0.78
 p9  0.40
;

TInv [*,*] (tr)
:     Cuarto    Entero     Medio     Octavo     :=
1        0.00      0.00   3750.78   10001.10
2    17659.09      0.00      0.00       0.00
3        0.00      0.00      0.00   45127.19
4    19690.40      0.00      0.00       0.00
5    23185.74      0.00      0.00       0.00
6    25131.59      0.00      0.00       0.00
7        0.00   6418.08   1563.84       0.00
8        0.00      0.00      0.00   42251.97
9    11190.50      0.00   4784.25       0.00
10       0.00      0.00      0.00   46408.95
11       0.00   5829.15      0.00       0.00
12    8548.55      0.00   4285.48       0.00
13       0.00      0.00      0.00   48527.90
14    7261.69      0.00   4785.56       0.00
15       0.00   5971.37      0.00       0.00
16   17161.54      0.00      0.00       0.00
17    9264.18      0.00   3684.46       0.00
18    9565.34      0.00   4861.39       0.00
19       0.00      0.00      0.00   45984.10
20       0.00   6039.42      0.00       0.00
21    2189.66      0.00   3811.40       0.00
22    2949.87      0.00   4947.80       0.00
23   17937.32      0.00      0.00       0.00
24       0.00      0.00      0.00   41793.40
25    7176.47      0.00   4082.71       0.00
26       0.00   3113.70      0.00   13441.99
27     799.44      0.00   4402.48       0.00
28   15558.81      0.00      0.00       0.00
29       0.00      0.00      0.00   19533.48
30       0.00      0.00      0.00       0.00
;

por_ap [*] :=
 p1  0.40
p10  0.40
 p2  0.79
 p3  0.79
 p4  0.79
 p5  0.79
 p6  0.40
 p7  0.79
 p8  0.79
 p9  0.40
;

TInv [*,*] (tr)
:     Cuarto    Entero     Medio     Octavo     :=
1        0.00      0.00   3751.74   10074.63
2    17727.00      0.00      0.00       0.00
3        0.00      0.00      0.00   45127.19
4    19699.47      0.00      0.00       0.00
5    23190.14      0.00      0.00       0.00
6    25133.86      0.00      0.00       0.00
7        0.00   6418.57   1562.85       0.00
8        0.00      0.00      0.00   42251.97
9    11192.59      0.00   4783.78       0.00
10       0.00      0.00      0.00   46410.80
11       0.00   5830.65      0.00       0.00
12    8553.60      0.00   4285.48       0.00
13       0.00      0.00      0.00   48528.73
14    7263.72      0.00   4785.15       0.00
15       0.00   5972.74      0.00       0.00
16   17162.45      0.00      0.00       0.00
17    9264.32      0.00   3684.46       0.00
18    9565.39      0.00   4861.29       0.00
19       0.00      0.00      0.00   45982.89
20       0.00   6037.35      0.00       0.00
21    2189.66      0.00   3811.85       0.00
22    2954.48      0.00   4948.04       0.00
23   17937.57      0.00      0.00       0.00
24       0.00      0.00      0.00   41793.40
25    7176.35      0.00   4084.00       0.00
26       0.00   3113.70      0.00   13442.49
27     821.18      0.00   4403.29       0.00
28   15587.99      0.00      0.00       0.00
29       0.00      0.00      0.00   19533.48
30       0.00      0.00      0.00       0.00
;

por_ap [*] :=
 p1  0.40
p10  0.40
 p2  0.80
 p3  0.80
 p4  0.80
 p5  0.80
 p6  0.40
 p7  0.80
 p8  0.80
 p9  0.40
;

TInv [*,*] (tr)
:     Cuarto    Entero     Medio     Octavo     :=
1        0.00      0.00   3746.00   10063.30
2    17727.00      0.00      0.00       0.00
3        0.00      0.00      0.00   45127.19
4    19702.51      0.00      0.00       0.00
5    23191.91      0.00      0.00       0.00
6    25134.70      0.00      0.00       0.00
7        0.00   6415.62   1568.77       0.00
8        0.00      0.00      0.00   42251.97
9    11192.90      0.00   4783.95       0.00
10       0.00      0.00      0.00   46411.53
11       0.00   5830.75      0.00       0.00
12    8555.47      0.00   4285.48       0.00
13       0.00      0.00      0.00   48528.77
14    7263.02      0.00   4784.90       0.00
15       0.00   5973.52      0.00       0.00
16   17162.65      0.00      0.00       0.00
17    9264.97      0.00   3684.46       0.00
18    9565.58      0.00   4861.14       0.00
19       0.00      0.00      0.00   45981.77
20       0.00   6036.81      0.00       0.00
21    2189.66      0.00   3811.58       0.00
22    2957.94      0.00   4947.75       0.00
23   17937.55      0.00      0.00       0.00
24       0.00      0.00      0.00   41793.40
25    7176.00      0.00   4084.01       0.00
26       0.00   3113.70      0.00   13440.54
27     819.11      0.00   4403.60       0.00
28   15585.64      0.00      0.00       0.00
29       0.00      0.00      0.00   19533.48
30       0.00      0.00      0.00       0.00
;

por_ap [*] :=
 p1  0.40
p10  0.40
 p2  0.81
 p3  0.81
 p4  0.81
 p5  0.81
 p6  0.40
 p7  0.81
 p8  0.81
 p9  0.40
;

TInv [*,*] (tr)
:     Cuarto    Entero     Medio     Octavo     :=
1        0.00      0.00   3740.24   10051.82
2    17727.00      0.00      0.00       0.00
3        0.00      0.00      0.00   45127.19
4    19704.25      0.00      0.00       0.00
5    23193.17      0.00      0.00       0.00
6    25135.34      0.00      0.00       0.00
7        0.00   6412.64   1574.72       0.00
8        0.00      0.00      0.00   42251.97
9    11193.01      0.00   4783.93       0.00
10       0.00      0.00      0.00   46411.87
11       0.00   5830.58      0.00       0.00
12    8556.81      0.00   4285.48       0.00
13       0.00      0.00      0.00   48528.40
14    7262.39      0.00   4784.78       0.00
15       0.00   5973.46      0.00       0.00
16   17162.67      0.00      0.00       0.00
17    9265.58      0.00   3684.46       0.00
18    9565.74      0.00   4861.03       0.00
19       0.00      0.00      0.00   45980.85
20       0.00   6036.79      0.00       0.00
21    2189.66      0.00   3811.50       0.00
22    2959.63      0.00   4947.62       0.00
23   17937.51      0.00      0.00       0.00
24       0.00      0.00      0.00   41793.40
25    7175.72      0.00   4083.96       0.00
26       0.00   3113.70      0.00   13439.11
27     816.98      0.00   4403.74       0.00
28   15582.79      0.00      0.00       0.00
29       0.00      0.00      0.00   19533.48
30       0.00      0.00      0.00       0.00
;

por_ap [*] :=
 p1  0.40
p10  0.40
 p2  0.82
 p3  0.82
 p4  0.82
 p5  0.82
 p6  0.40
 p7  0.82
 p8  0.82
 p9  0.40
;

TInv [*,*] (tr)
:     Cuarto    Entero     Medio     Octavo     :=
1        0.00      0.00   3734.44   10040.28
2    17727.00      0.00      0.00       0.00
3        0.00      0.00      0.00   45127.19
4    19705.18      0.00      0.00       0.00
5    23194.05      0.00      0.00       0.00
6    25135.80      0.00      0.00       0.00
7        0.00   6409.65   1580.70       0.00
8        0.00      0.00      0.00   42251.97
9    11192.94      0.00   4783.91       0.00
10       0.00      0.00      0.00   46411.98
11       0.00   5830.41      0.00       0.00
12    8557.62      0.00   4285.48       0.00
13       0.00      0.00      0.00   48527.83
14    7261.92      0.00   4784.72       0.00
15       0.00   5973.42      0.00       0.00
16   17162.68      0.00      0.00       0.00
17    9266.12      0.00   3684.46       0.00
18    9565.87      0.00   4860.96       0.00
19       0.00      0.00      0.00   45980.12
20       0.00   6036.76      0.00       0.00
21    2189.66      0.00   3811.45       0.00
22    2960.41      0.00   4947.54       0.00
23   17937.46      0.00      0.00       0.00
24       0.00      0.00      0.00   41793.40
25    7175.49      0.00   4083.93       0.00
26       0.00   3113.70      0.00   13438.00
27     814.84      0.00   4403.76       0.00
28   15579.85      0.00      0.00       0.00
29       0.00      0.00      0.00   19533.48
30       0.00      0.00      0.00       0.00
;

por_ap [*] :=
 p1  0.40
p10  0.40
 p2  0.83
 p3  0.83
 p4  0.83
 p5  0.83
 p6  0.40
 p7  0.83
 p8  0.83
 p9  0.40
;

TInv [*,*] (tr)
:     Cuarto    Entero     Medio     Octavo     :=
1        0.00      0.00   3728.61   10028.70
2    17727.00      0.00      0.00       0.00
3        0.00      0.00      0.00   45127.19
4    19709.34      0.00      0.00       0.00
5    23197.74      0.00      0.00       0.00
6    25137.42      0.00      0.00       0.00
7        0.00   6406.64   1586.71       0.00
8        0.00      0.00      0.00   42251.97
9    11195.39      0.00   4781.71       0.00
10       0.00      0.00      0.00   46407.37
11       0.00   5829.76      0.00       0.00
12    8562.78      0.00   4285.48       0.00
13       0.00      0.00      0.00   48524.49
14    7262.97      0.00   4784.19       0.00
15       0.00   5971.46      0.00       0.00
16   17162.51      0.00      0.00       0.00
17    9265.69      0.00   3684.46       0.00
18    9565.74      0.00   4860.75       0.00
19       0.00      0.00      0.00   45978.23
20       0.00   6036.44      0.00       0.00
21    2189.66      0.00   3810.64       0.00
22    2964.15      0.00   4947.18       0.00
23   17937.74      0.00      0.00       0.00
24       0.00      0.00      0.00   41793.40
25    7175.08      0.00   4086.38       0.00
26       0.00   3113.70      0.00   13440.45
27     812.70      0.00   4405.73       0.00
28   15576.32      0.00      0.00       0.00
29       0.00      0.00      0.00   19533.48
30       0.00      0.00      0.00       0.00
;

por_ap [*] :=
 p1  0.40
p10  0.40
 p2  0.84
 p3  0.84
 p4  0.84
 p5  0.84
 p6  0.40
 p7  0.84
 p8  0.84
 p9  0.40
;

TInv [*,*] (tr)
:     Cuarto    Entero     Medio     Octavo     :=
1        0.00      0.00   3722.76   10017.05
2    17727.00      0.00      0.00       0.00
3        0.00      0.00      0.00   45127.19
4    19702.06      0.00      0.00       0.00
5    23190.63      0.00      0.00       0.00
6    25133.56      0.00      0.00       0.00
7        0.00   6403.62   1592.76       0.00
8        0.00      0.00      0.00   42251.97
9    11189.68      0.00   4783.92       0.00
10       0.00      0.00      0.00   46408.66
11       0.00   5832.24      0.00       0.00
12    8552.68      0.00   4285.48       0.00
13       0.00      0.00      0.00   48524.43
14    7262.24      0.00   4785.21       0.00
15       0.00   5974.22      0.00       0.00
16   17162.49      0.00      0.00       0.00
17    9263.06      0.00   3684.46       0.00
18    9564.79      0.00   4860.99       0.00
19       0.00      0.00      0.00   45979.95
20       0.00   6037.33      0.00       0.00
21    2189.66      0.00   3810.27       0.00
22    2954.93      0.00   4946.88       0.00
23   17936.68      0.00      0.00       0.00
24       0.00      0.00      0.00   41793.40
25    7175.67      0.00   4082.47       0.00
26       0.00   3113.70      0.00   13448.23
27     810.55      0.00   4403.37       0.00
28   15574.07      0.00      0.00       0.00
29       0.00      0.00      0.00   19533.48
30       0.00      0.00      0.00       0.00
;

por_ap [*] :=
 p1  0.40
p10  0.40
 p2  0.85
 p3  0.85
 p4  0.85
 p5  0.85
 p6  0.40
 p7  0.85
 p8  0.85
 p9  0.40
;

TInv [*,*] (tr)
:     Cuarto    Entero     Medio     Octavo     :=
1        0.00      0.00   3716.87   10005.34
2    17727.00      0.00      0.00       0.00
3        0.00      0.00      0.00   45127.19
4    19703.58      0.00      0.00       0.00
5    23189.95      0.00      0.00       0.00
6    25133.56      0.00      0.00       0.00
7        0.00   6400.59   1598.83       0.00
8        0.00      0.00      0.00   42251.97
9    11193.62      0.00   4779.12       0.00
10       0.00      0.00      0.00   46409.51
11       0.00   5821.31      0.00       0.00
12    8556.70      0.00   4285.48       0.00
13       0.00      0.00      0.00   48523.70
14    7268.54      0.00   4785.76       0.00
15       0.00   5958.55      0.00       0.00
16   17161.28      0.00      0.00       0.00
17    9259.45      0.00   3684.46       0.00
18    9564.19      0.00   4861.53       0.00
19       0.00      0.00      0.00   45980.81
20       0.00   6039.53      0.00       0.00
21    2189.66      0.00   3814.02       0.00
22    2954.21      0.00   4949.24       0.00
23   17937.99      0.00      0.00       0.00
24       0.00      0.00      0.00   41793.40
25    7175.99      0.00   4087.21       0.00
26       0.00   3113.70      0.00   13445.95
27     808.41      0.00   4405.06       0.00
28   15571.30      0.00      0.00       0.00
29       0.00      0.00      0.00   19533.48
30       0.00      0.00      0.00       0.00
;

por_ap [*] :=
 p1  0.40
p10  0.40
 p2  0.86
 p3  0.86
 p4  0.86
 p5  0.86
 p6  0.40
 p7  0.86
 p8  0.86
 p9  0.40
;

TInv [*,*] (tr)
:     Cuarto    Entero     Medio     Octavo     :=
1        0.00      0.00   3710.96    9993.57
2    17727.01      0.00      0.00       0.00
3        0.00      0.00      0.00   45127.19
4    19702.10      0.00      0.00       0.00
5    23188.23      0.00      0.00       0.00
6    25132.83      0.00      0.00       0.00
7        0.00   6397.53   1604.93       0.01
8        0.00      0.00      0.00   42251.96
9    11192.59      0.00   4780.13       0.00
10       0.00      0.00      0.00   46415.63
11       0.00   5817.46      0.00       0.01
12    8552.73      0.00   4285.48       0.00
13       0.00      0.00      0.00   48527.04
14    7266.85      0.00   4786.17       0.00
15       0.00   5954.28      0.00       0.01
16   17161.37      0.00      0.00       0.00
17    9256.40      0.00   3684.47       0.00
18    9563.63      0.00   4861.80       0.00
19       0.00      0.00      0.00   45983.80
20       0.00   6051.90      0.00       0.01
21    2189.66      0.00   3815.98       0.00
22    2950.18      0.00   4950.44       0.00
23   17938.21      0.00      0.00       0.00
24       0.00      0.00      0.00   41793.40
25    7176.93      0.00   4085.97       0.00
26       0.00   3113.70      0.00   13454.27
27     806.26      0.00   4404.76       0.00
28   15568.07      0.00      0.00       0.00
29       0.00      0.00      0.00   19533.48
30       0.00      0.00      0.00       0.00
;

por_ap [*] :=
 p1  0.40
p10  0.40
 p2  0.87
 p3  0.87
 p4  0.87
 p5  0.87
 p6  0.40
 p7  0.87
 p8  0.87
 p9  0.40
;

TInv [*,*] (tr)
:     Cuarto    Entero     Medio     Octavo     :=
1        0.00      0.00   3705.01    9981.74
2    17727.00      0.00      0.00       0.00
3        0.00      0.00      0.00   45127.19
4    19699.16      0.00      0.00       0.00
5    23184.29      0.00      0.00       0.00
6    25130.41      0.00      0.00       0.00
7        0.00   6394.47   1611.06       0.00
8        0.00      0.00      0.00   42251.97
9    11188.61      0.00   4782.61       0.00
10       0.00      0.00      0.00   46414.51
11       0.00   5825.41      0.00       0.00
12    8547.52      0.00   4285.48       0.00
13       0.00      0.00      0.00   48526.12
14    7265.92      0.00   4785.98       0.00
15       0.00   5968.36      0.00       0.00
16   17162.12      0.00      0.00       0.00
17    9254.46      0.00   3684.46       0.00
18    9562.89      0.00   4861.73       0.00
19       0.00      0.00      0.00   45982.96
20       0.00   6045.10      0.00       0.00
21    2189.66      0.00   3815.31       0.00
22    2950.86      0.00   4950.08       0.00
23   17937.52      0.00      0.00       0.00
24       0.00      0.00      0.00   41793.40
25    7176.91      0.00   4083.87       0.00
26       0.00   3113.70      0.00   13456.45
27     804.11      0.00   4403.23       0.00
28   15565.24      0.00      0.00       0.00
29       0.00      0.00      0.00   19533.48
30       0.00      0.00      0.00       0.00
;

por_ap [*] :=
 p1  0.40
p10  0.40
 p2  0.88
 p3  0.88
 p4  0.88
 p5  0.88
 p6  0.40
 p7  0.88
 p8  0.88
 p9  0.40
;

TInv [*,*] (tr)
:     Cuarto    Entero     Medio     Octavo     :=
1        0.00      0.00   3699.04    9969.85
2    17727.00      0.00      0.00       0.00
3        0.00      0.00      0.00   45127.19
4    19695.77      0.00      0.00       0.00
5    23180.48      0.00      0.00       0.00
6    25128.27      0.00      0.00       0.00
7        0.00   6391.39   1617.23       0.00
8        0.00      0.00      0.00   42251.97
9    11185.68      0.00   4782.71       0.00
10       0.00      0.00      0.00   46412.86
11       0.00   5829.56      0.00       0.00
12    8543.92      0.00   4285.48       0.00
13       0.00      0.00      0.00   48524.92
14    7265.56      0.00   4785.87       0.00
15       0.00   5971.45      0.00       0.00
16   17162.33      0.00      0.00       0.00
17    9252.80      0.00   3684.46       0.00
18    9562.18      0.00   4861.67       0.00
19       0.00      0.00      0.00   45982.01
20       0.00   6038.87      0.00       0.00
21    2189.66      0.00   3814.41       0.00
22    2951.15      0.00   4949.56       0.00
23   17936.98      0.00      0.00       0.00
24       0.00      0.00      0.00   41793.40
25    7176.84      0.00   4083.63       0.00
26       0.00   3113.70      0.00   13458.11
27     801.95      0.00   4402.68       0.00
28   15562.36      0.00      0.00       0.00
29       0.00      0.00      0.00   19533.48
30       0.00      0.00      0.00       0.00
;

por_ap [*] :=
 p1  0.40
p10  0.40
 p2  0.89
 p3  0.89
 p4  0.89
 p5  0.89
 p6  0.40
 p7  0.89
 p8  0.89
 p9  0.40
;

TInv [*,*] (tr)
:     Cuarto    Entero     Medio     Octavo     :=
1        0.00      0.00   3693.03    9957.91
2    17727.00      0.00      0.00       0.00
3        0.00      0.00      0.00   45127.19
4    19693.85      0.00      0.00       0.00
5    23177.77      0.00      0.00       0.00
6    25126.64      0.00      0.00       0.00
7        0.00   6388.29   1623.42       0.00
8        0.00      0.00      0.00   42251.97
9    11183.54      0.00   4782.89       0.00
10       0.00      0.00      0.00   46410.67
11       0.00   5830.80      0.00       0.00
12    8541.39      0.00   4285.48       0.00
13       0.00      0.00      0.00   48523.34
14    7265.52      0.00   4785.78       0.00
15       0.00   5972.97      0.00       0.00
16   17162.41      0.00      0.00       0.00
17    9251.30      0.00   3684.46       0.00
18    9561.53      0.00   4861.62       0.00
19       0.00      0.00      0.00   45981.02
20       0.00   6036.83      0.00       0.00
21    2189.66      0.00   3813.79       0.00
22    2951.52      0.00   4949.16       0.00
23   17936.59      0.00      0.00       0.00
24       0.00      0.00      0.00   41793.40
25    7176.69      0.00   4083.33       0.00
26       0.00   3113.70      0.00   13458.97
27     799.80      0.00   4402.29       0.00
28   15559.47      0.00      0.00       0.00
29       0.00      0.00      0.00   19533.48
30       0.00      0.00      0.00       0.00
;

por_ap [*] :=
 p1  0.40
p10  0.40
 p2  0.90
 p3  0.90
 p4  0.90
 p5  0.90
 p6  0.40
 p7  0.90
 p8  0.90
 p9  0.40
;

TInv [*,*] (tr)
:     Cuarto    Entero     Medio     Octavo     :=
1        0.00      0.00   3686.99    9945.90
2    17727.00      0.00      0.00       0.00
3        0.00      0.00      0.00   45127.19
4    19692.54      0.00      0.00       0.00
5    23175.55      0.00      0.00       0.00
6    25125.25      0.00      0.00       0.00
7        0.00   6385.18   1629.65       0.00
8        0.00      0.00      0.00   42251.97
9    11181.76      0.00   4783.08       0.00
10       0.00      0.00      0.00   46408.33
11       0.00   5831.00      0.00       0.00
12    8539.27      0.00   4285.48       0.00
13       0.00      0.00      0.00   48521.63
14    7265.51      0.00   4785.72       0.00
15       0.00   5973.52      0.00       0.00
16   17162.48      0.00      0.00       0.00
17    9249.86      0.00   3684.46       0.00
18    9560.93      0.00   4861.56       0.00
19       0.00      0.00      0.00   45980.15
20       0.00   6036.39      0.00       0.00
21    2189.66      0.00   3813.26       0.00
22    2951.73      0.00   4948.82       0.00
23   17936.23      0.00      0.00       0.00
24       0.00      0.00      0.00   41793.40
25    7176.52      0.00   4082.96       0.00
26       0.00   3113.70      0.00   13459.45
27     797.64      0.00   4401.92       0.00
28   15556.57      0.00      0.00       0.00
29       0.00      0.00      0.00   19533.48
30       0.00      0.00      0.00       0.00
;

