19.00, 8.75, 4.48
20.00, 12.19, 4.48
21.00, 12.19, 4.48
22.00, 10.85, 4.48
23.00, 12.19, 4.48
24.00, 10.85, 4.48
25.00, 10.86, 4.48
26.00, 12.18, 4.48
27.00, 10.85, 4.48
28.00, 12.19, 4.48
29.00, 10.85, 4.48
31.00, 12.19, 4.48
32.00, 10.83, 4.48
33.00, 12.52, 4.48
34.00, 10.83, 4.48
35.00, 12.52, 4.48
36.00, 11.15, 4.48
37.00, 11.15, 4.48
38.00, 12.52, 4.48
39.00, 11.15, 4.48
40.00, 11.15, 4.48
41.00, 12.52, 4.48
42.00, 11.15, 4.48
43.00, 12.52, 4.48
44.00, 12.18, 4.48
46.00, 13.52, 4.48
47.00, 14.24, 4.48
48.00, 13.52, 4.48
49.00, 13.52, 4.48
51.00, 15.64, 4.48
52.00, 15.65, 4.48
53.00, 15.64, 4.48
55.00, 15.65, 4.48
56.00, 14.25, 4.48
57.00, 15.65, 4.48
59.00, 15.64, 4.48
60.00, 15.64, 4.48
62.00, 15.65, 4.48
63.00, 15.64, 4.48
64.00, 15.65, 4.48
72.00, 15.47, -0.20
73.00, 15.64, -0.20
75.00, 15.65, -0.20
76.00, 15.64, -0.20
78.00, 15.64, -0.20
79.00, 21.19, -0.20
81.00, 21.18, -0.20
83.00, 21.18, -0.20
85.00, 21.19, -0.20
87.00, 21.18, -0.20
88.00, 15.64, -0.20
90.00, 15.65, -0.20
91.00, 15.64, -0.20
92.00, 14.86, -0.20
94.00, 15.64, -0.20
95.00, 15.64, -0.20
97.00, 15.66, -0.20
98.00, 15.25, -0.20
99.00, 15.25, -0.20
100.00, 12.19, -0.20
100.00, 0.00, -0.20
101.00, 1.41, -0.20
101.00, 1.41, -0.20
101.00, 1.41, -0.20
101.00, 0.00, -0.20
101.00, 1.41, -0.20
101.00, 1.41, -0.20
101.00, 1.41, -0.20
101.00, 0.00, -0.20
101.00, 1.41, -0.20
101.00, -1.41, -0.20
101.00, -2.82, -0.20
101.00, -2.82, -0.20
100.00, -2.82, -0.20
100.00, -2.82, -0.20
100.00, -4.22, -0.20
100.00, -2.82, -0.20
99.00, -2.82, -0.20
99.00, -2.82, -0.20
99.00, -2.82, -0.20
99.00, -1.83, -0.22
99.00, -2.82, -0.22
98.00, -2.82, -0.22
98.00, -4.22, -0.22
98.00, -2.82, -0.22
97.00, -2.82, -0.22
97.00, -2.82, -0.22
97.00, -2.82, -0.22
97.00, -2.82, -0.22
96.00, -2.82, -0.22
96.00, -2.82, -0.22
96.00, -2.82, -0.22
96.00, -2.82, -0.22
95.00, -2.82, -0.22
95.00, -2.82, -0.22
95.00, -2.82, -0.22
95.00, -2.82, -0.22
94.00, -2.82, -0.22
94.00, -2.82, -0.22
94.00, -2.81, -0.22
94.00, -2.82, -0.22
93.00, -2.82, -0.22
93.00, -4.22, -0.22
93.00, -2.82, -0.22
93.00, -2.82, -0.22
92.00, -2.81, -0.22
92.00, -2.82, -0.22
92.00, -2.82, -0.22
92.00, -2.82, -0.22
91.00, -1.41, -0.22
92.00, 4.22, -0.22
92.00, 4.22, -0.22
93.00, 5.61, -0.22
93.00, 4.22, -0.22
93.00, 4.22, -0.22
95.00, 0.00, -0.47
95.00, 0.00, -0.47
95.00, 0.00, -0.47
95.00, 0.00, -0.47
95.00, 0.00, -0.47
95.00, 0.00, -0.47
95.00, 0.00, -0.47
95.00, 0.00, -0.47
95.00, 0.00, -0.47
95.00, 0.00, -0.47
95.00, 0.00, -0.47
95.00, 0.00, -0.47
95.00, 0.00, -0.47
95.00, 0.00, -0.47
95.00, 0.00, -0.47
95.00, 0.00, -0.47
95.00, 0.00, -0.47
95.00, -4.23, -0.47
94.00, -2.82, -0.47
94.00, -2.82, -0.47
94.00, -2.82, -0.47
94.00, -2.82, -0.47
93.00, -2.82, -0.47
93.00, -2.82, -0.47
93.00, -2.82, -0.47
93.00, -2.82, -0.47
92.00, -2.82, -0.47
92.00, -2.82, -0.47
92.00, -2.82, -0.47
92.00, -2.82, -0.47
92.00, 4.22, -0.47
92.00, 4.22, -0.47
93.00, 4.22, -0.47
93.00, 4.22, -0.47
93.00, 4.22, -0.47
93.00, 0.00, -0.47
93.00, 0.00, -0.47
93.00, 0.00, -0.47
93.00, 0.00, -0.47
93.00, 0.00, -0.47
93.00, -2.82, -0.47
93.00, -2.82, -0.47
93.00, -2.82, -0.47
93.00, -2.82, -0.47
92.00, -2.82, -0.47
92.00, -2.82, -0.47
92.00, -2.82, -0.47
92.00, -2.82, -0.47
92.00, 4.22, -0.47
92.00, 4.22, -0.47
92.00, -2.82, -0.47
92.00, -2.82, -0.47
92.00, -2.82, -0.47
92.00, -2.82, -0.47
92.00, 4.22, -0.47
92.00, 4.22, -0.47
92.00, -2.82, -0.47
92.00, -2.82, -0.47
92.00, -2.82, -0.47
92.00, -2.82, -0.47
92.00, 4.22, -0.47
92.00, 4.22, -0.47
93.00, 4.22, -0.47
93.00, 0.00, -0.47
93.00, 0.00, -0.47
93.00, 0.00, -0.47
93.00, 0.00, -0.47
93.00, 0.00, -0.47
93.00, -2.82, -0.47
93.00, -2.82, -0.47
93.00, -2.82, -0.47
93.00, -2.82, -0.47
93.00, 4.22, -0.47
93.00, 4.22, -0.47
93.00, 4.22, -0.47
93.00, 0.00, -0.47
93.00, 0.00, -0.47
93.00, 0.00, -0.47
93.00, 0.00, -0.47
93.00, 0.00, -0.47
93.00, -2.82, -0.47
93.00, -2.82, -0.47
93.00, -2.82, -0.47
93.00, -2.82, -0.47
92.00, -2.82, -0.47
92.00, -2.82, -0.47
92.00, -2.82, -0.47
92.00, -2.82, -0.47
92.00, 4.22, -0.47
92.00, 4.22, -0.47
92.00, -2.82, -0.47
92.00, -2.82, -0.47
92.00, -2.82, -0.47
92.00, -2.82, -0.47
92.00, 4.22, -0.47
92.00, 4.22, -0.47
92.00, -2.82, -0.47
92.00, -2.82, -0.47
92.00, -2.82, -0.47
92.00, -2.82, -0.47
92.00, 4.22, -0.47
92.00, 4.22, -0.47
93.00, 4.22, -0.47
93.00, 0.00, -0.47
93.00, 0.00, -0.47
93.00, 0.00, -0.47
94.00, -2.82, -0.47
94.00, -2.82, -0.47
94.00, -2.82, -0.47
94.00, -2.82, -0.47
93.00, -2.82, -0.47
93.00, -2.82, -0.47
93.00, -2.82, -0.47
93.00, -2.82, -0.47
92.00, -2.82, -0.47
92.00, -2.82, -0.47
92.00, -2.82, -0.47
92.00, -2.82, -0.47
92.00, 4.22, -0.47
92.00, 4.22, -0.47
93.00, 4.22, -0.47
93.00, 4.22, -0.47
93.00, 4.22, -0.47
94.00, -2.82, -0.47
94.00, -2.82, -0.47
94.00, -2.82, -0.47
94.00, -2.82, -0.47
93.00, -2.82, -0.47
93.00, -2.82, -0.47
93.00, -2.82, -0.47
93.00, -2.82, -0.47
92.00, -2.82, -0.47
92.00, -2.82, -0.47
92.00, -2.82, -0.47
92.00, -2.82, -0.47
92.00, 4.22, -0.47
92.00, 4.22, -0.47
93.00, 4.22, -0.47
93.00, 4.22, -0.47
93.00, 4.22, -0.47
92.00, -2.93, -4.36
91.00, -2.82, -4.36
91.00, -2.82, -4.36
91.00, -2.82, -4.36
91.00, -4.22, -4.36
90.00, -4.22, -4.36
90.00, -7.00, -4.36
89.00, -5.62, -4.36
88.00, -7.01, -4.36
88.00, -5.62, -4.36
87.00, -10.85, -4.36
86.00, -9.52, -4.36
85.00, -9.51, -4.36
84.00, -10.86, -4.36
83.00, -9.49, -4.36
82.00, -9.78, -4.36
82.00, -9.77, -4.36
81.00, -11.15, -4.36
80.00, -9.75, -4.36
79.00, -11.15, -4.36
78.00, -12.52, -4.36
76.00, -12.52, -4.36
75.00, -12.53, -4.36
74.00, -12.52, -4.36
73.00, -13.53, -4.36
72.00, -13.89, -4.36
70.00, -13.52, -4.36
69.00, -13.53, -4.36
68.00, -14.85, -4.36
67.00, -13.52, -4.36
65.00, -13.53, -4.36
64.00, -14.85, -4.36
63.00, -13.53, -4.36
61.00, -13.52, -4.36
60.00, -15.65, -4.36
59.00, -17.05, -4.36
57.00, -15.65, -4.36
56.00, -17.05, -4.36
54.00, -15.65, -4.36
53.00, -18.43, -4.36
51.00, -16.79, -0.73
49.00, -18.43, -0.73
48.00, -17.04, -0.73
46.00, -17.04, -0.73
45.00, -17.05, -0.73
43.00, -18.43, -0.73
42.00, -17.05, -0.73
40.00, -17.04, -0.73
39.00, -17.04, -0.73
37.00, -18.44, -0.73
35.00, -17.04, -0.73
34.00, -17.05, -0.73
32.00, -17.04, -0.73
31.00, -18.42, -0.73
29.00, -17.05, -0.73
28.00, -17.04, -0.73
26.00, -18.42, -0.73
25.00, -17.05, -0.73
23.00, -17.04, -0.73
22.00, -17.05, -0.73
20.00, -18.43, -0.73
19.00, -17.04, -0.73
17.00, -17.05, -0.73
15.00, -18.42, -0.73
14.00, -17.04, -0.73
12.00, -17.04, -0.73
11.00, -17.04, -0.73
9.00, -18.43, -0.73
8.00, -17.04, -0.73
6.00, -17.05, -0.73
5.00, -18.43, -0.73
3.00, -17.03, -0.73
2.00, -17.05, -0.73
0.00, -17.04, -0.73
-1.00, -18.42, -0.73
-2.00, -17.04, -0.73
-3.00, -8.39, -0.73
-3.00, -7.00, -0.73
-4.00, -8.39, -0.73
-5.00, -7.00, -0.73
-7.00, -2.82, 0.03
-7.00, -2.82, 0.03
-7.00, -2.82, 0.03
-8.00, -2.82, 0.03
-8.00, -2.82, 0.03
-8.00, -4.22, 0.03
-8.00, -2.82, 0.03
-9.00, -2.82, 0.03
-9.00, -2.82, 0.03
-9.00, -2.82, 0.03
-9.00, -2.82, 0.03
-10.00, -2.82, 0.03
-10.00, -2.82, 0.03
-10.00, -2.82, 0.03
-10.00, -2.82, 0.03
-11.00, -2.82, 0.03
-11.00, -4.22, 0.03
-11.00, -2.82, 0.03
-12.00, -2.82, 0.03
-12.00, -2.81, 0.03
-12.00, -2.82, 0.03
-12.00, -2.82, 0.03
-13.00, -2.82, 0.03
-13.00, -2.82, 0.03
-13.00, -2.82, 0.03
-13.00, -2.81, 0.03
-14.00, -2.82, 0.03
-14.00, -2.82, 0.03
-14.00, -4.22, 0.03
-14.00, -2.82, 0.03
-15.00, -2.82, 0.03
-15.00, -2.82, 0.03
-15.00, -2.82, 0.03
-15.00, -2.82, 0.03
-16.00, -2.82, 0.03
-16.00, -2.82, 0.03
-16.00, -2.82, 0.03
-16.00, -2.82, 0.03
-17.00, -2.82, 0.03
-17.00, -2.81, 0.03
-16.00, 1.35, 0.63
-16.00, 1.35, 0.63
-14.00, 2.82, 0.63
-14.00, 1.41, 0.63
-14.00, 1.41, 0.63
-12.00, 1.35, 0.63
-12.00, 1.41, 0.63
-11.00, 2.82, 0.63
-11.00, 1.41, 0.63
-11.00, 1.41, 0.63
-11.00, 1.41, 0.63
-11.00, 0.00, 0.63
-11.00, 1.41, 0.63
-11.00, 1.41, 0.63
-11.00, 1.41, 0.63
-11.00, 0.00, 0.63
-11.00, 1.41, 0.63
-10.00, 1.41, 0.63
-10.00, 0.00, 0.63
-10.00, 1.41, 0.63
-10.00, 1.41, 0.63
-10.00, 1.41, 0.63
-10.00, 0.00, 0.63
-10.00, 1.41, 0.63
-10.00, 1.41, 0.63
-10.00, 1.41, 0.63
-10.00, 0.00, 0.63
-10.00, 1.41, 0.63
-9.00, 1.41, 0.63
-9.00, 0.00, 0.63
-9.00, 1.41, 0.63
-9.00, 1.41, 0.63
-9.00, 1.41, 0.63
-9.00, 0.00, 0.63
-9.00, 1.41, 0.63
-9.00, 1.41, 0.63
-9.00, 1.41, 0.63
-9.00, 0.00, 0.63
-9.00, 1.41, 0.63
-8.00, 1.41, 0.63
-8.00, 0.00, 0.63
-8.00, 2.82, 0.63
-8.00, 1.41, 0.63
-8.00, 1.41, 0.63
-8.00, 1.41, 0.63
-7.00, 1.12, 0.81
-6.00, 1.41, 0.81
-6.00, 2.82, 0.81
-6.00, 1.41, 0.81
-6.00, 1.41, 0.81
-6.00, 1.41, 0.81
-6.00, 1.41, 0.81
-6.00, 0.00, 0.81
-6.00, 1.41, 0.81
-5.00, 1.41, 0.81
-5.00, 0.00, 0.81
-5.00, 1.41, 0.81
-5.00, 1.41, 0.81
-5.00, 0.00, 0.81
-5.00, 1.41, 0.81
-5.00, 1.41, 0.81
-5.00, 1.41, 0.81
-5.00, 0.00, 0.81
-5.00, 1.41, 0.81
-5.00, 1.41, 0.81
-4.00, 1.41, 0.81
-4.00, 0.00, 0.81
-4.00, 1.41, 0.81
-4.00, 1.41, 0.81
-4.00, 0.00, 0.81
-4.00, 1.41, 0.81
-4.00, 1.41, 0.81
-4.00, 0.00, 0.81
-4.00, 1.41, 0.81
-4.00, 1.41, 0.81
-4.00, 0.00, 0.81
-4.00, 1.41, 0.81
-3.00, 1.41, 0.81
-3.00, 0.00, 0.81
-3.00, 1.41, 0.81
-3.00, 1.41, 0.81
-3.00, 1.41, 0.81
-3.00, 0.00, 0.81
-3.00, 1.41, 0.81
-3.00, 1.41, 0.81
-5.00, 4.85, 3.35
-5.00, 5.61, 3.35
-4.00, 4.22, 3.35
-4.00, 5.61, 3.35
-3.00, 5.61, 3.35
-3.00, 4.22, 3.35
-3.00, 5.61, 3.35
-2.00, 4.22, 3.35
-2.00, 4.22, 3.35
-1.00, 4.22, 3.35
-1.00, 5.61, 3.35
-1.00, 4.22, 3.35
0.00, 4.22, 3.35
0.00, 4.22, 3.35
0.00, 5.61, 3.35
0.00, 4.22, 3.35
1.00, 4.22, 3.35
1.00, 4.22, 3.35
1.00, 4.22, 3.35
2.00, 5.61, 3.35
2.00, 4.22, 3.35
3.00, 4.22, 3.35
3.00, 4.22, 3.35
3.00, 4.22, 3.35
4.00, 5.60, 3.35
4.00, 1.41, 3.35
3.00, -9.77, 3.35
2.00, -9.77, 3.35
1.00, -11.12, 3.35
0.00, -9.77, 3.35
0.00, 0.00, 3.35
0.00, 0.00, 3.35
1.00, 8.41, 3.35
1.00, 8.41, 3.35
1.00, 8.41, 3.35
2.00, 7.01, 3.35
2.00, 8.39, 3.35
2.00, 7.01, 3.35
2.00, 8.39, 3.35
3.00, 8.39, 3.35