19.00, 8.81, 2.00
20.00, 10.88, 2.00
21.00, 12.22, 2.00
22.00, 10.88, 2.00
23.00, 12.22, 2.00
24.00, 7.02, 2.00
25.00, 8.41, 2.00
25.00, 8.41, 2.00
26.00, 8.41, 2.00
27.00, 7.03, 2.00
27.00, 8.41, 2.00
28.00, 8.41, 2.00
29.00, 8.41, 2.00
30.00, 8.41, 2.00
30.00, 7.02, 2.00
31.00, 9.80, 2.00
32.00, 9.53, 2.00
33.00, 9.54, 2.00
34.00, 9.53, 2.00
35.00, 9.54, 2.00
35.00, 8.41, 2.00
36.00, 8.41, 2.00
37.00, 8.41, 2.00
38.00, 8.39, 2.00
38.00, 8.42, 2.00
39.00, 8.41, 2.00
40.00, 8.41, 2.00
41.00, 7.02, 2.00
41.00, 8.40, 2.00
42.00, 8.41, 2.00
43.00, 8.41, 2.00
44.00, 8.42, 2.00
44.00, 7.02, 2.00
45.00, 8.41, 2.00
46.00, 8.41, 2.00
46.00, 8.41, 2.00
47.00, 7.02, 2.00
48.00, 8.42, 2.00
49.00, 8.41, 2.00
50.00, 7.86, 2.00
51.00, 8.41, 2.00
51.00, 7.86, 2.00
52.00, 8.41, 2.00
53.00, 7.86, 2.00
54.00, 8.41, 2.00
54.00, 8.41, 2.00
55.00, 7.03, 2.00
56.00, 8.41, 2.00
57.00, 8.41, 2.00
57.00, 8.41, 2.00
58.00, 7.02, 2.00
59.00, 8.41, 2.00
59.00, 8.42, 2.00
60.00, 8.41, 2.00
61.00, 8.41, 2.00
62.00, 7.02, 2.00
62.00, 8.41, 2.00
63.00, 8.41, 2.00
64.00, 8.41, 2.00
64.00, 7.03, 2.00
65.00, 8.41, 2.00
66.00, 8.41, 2.00
67.00, 8.41, 2.00
67.00, 7.02, 2.00
68.00, 8.41, 2.00
69.00, 8.42, 2.00
70.00, 8.41, 2.00
70.00, 7.02, 2.00
71.00, 8.41, 2.00
72.00, 8.41, 2.00
72.00, 8.41, 2.00
73.00, 7.03, 2.00
74.00, 8.41, 2.00
75.00, 8.41, 2.00
75.00, 8.40, 2.00
76.00, 7.02, 2.00
77.00, 8.41, 2.00
77.00, 8.41, 2.00
78.00, 8.42, 2.00
79.00, 8.39, 2.00
80.00, 7.02, 2.00
80.00, 8.41, 2.00
81.00, 8.41, 2.00
85.00, 8.16, -2.00
85.00, 7.02, -2.00
86.00, 8.41, -2.00
87.00, 8.41, -2.00
88.00, 8.42, -2.00
88.00, 7.02, -2.00
89.00, 8.41, -2.00
90.00, 8.41, -2.00
91.00, 8.41, -2.00
91.00, 7.02, -2.00
92.00, 8.42, -2.00
93.00, 8.41, -2.00
93.00, 7.03, -2.00
94.00, 8.41, -2.00
95.00, 8.41, -2.00
95.00, 7.02, -2.00
96.00, 8.42, -2.00
96.00, -1.40, -2.00
95.00, -7.02, -2.00
95.00, -5.63, -2.00
94.00, -7.02, -2.00
94.00, -7.02, -2.00
93.00, -5.63, -2.00
93.00, -7.02, -2.00
92.00, -7.02, -2.00
91.00, -5.63, -2.00
91.00, -7.03, -2.00
91.00, -2.82, -2.00
91.00, 0.00, -2.00
91.00, 0.00, -2.00
90.00, -1.42, -2.00
90.00, 0.00, -2.00
90.00, 0.00, -2.00
91.00, 1.42, -2.00
91.00, 7.02, -2.00
92.00, 8.41, -2.00
93.00, 8.42, -2.00
93.00, 7.03, -2.00
94.00, 8.41, -2.00
95.00, 8.41, -2.00
94.00, 5.95, 2.00
94.00, 7.02, 2.00
95.00, 8.42, 2.00
95.00, 5.63, 2.00
96.00, 4.23, 2.00
95.00, -5.63, 2.00
95.00, -5.63, 2.00
94.00, -7.02, 2.00
94.00, -5.63, 2.00
93.00, -7.03, 2.00
93.00, -5.63, 2.00
92.00, -7.02, 2.00
91.00, -5.63, 2.00
91.00, -7.03, 2.00
90.00, -7.03, 2.00
90.00, -5.63, 2.00
89.00, -7.02, 2.00
89.00, -4.21, 2.00
89.00, 7.02, 2.00
90.00, 8.42, 2.00
91.00, 8.41, 2.00
92.00, 8.41, 2.00
92.00, 8.41, 2.00
93.00, 7.03, 2.00
94.00, 8.42, 2.00
94.00, 8.42, 2.00
95.00, 8.41, 2.00
96.00, 4.22, 2.00
95.00, -7.02, 2.00
94.00, -5.63, 2.00
94.00, -7.03, 2.00
93.00, -5.63, 2.00
93.00, -7.02, 2.00
92.00, -5.63, 2.00
92.00, -7.02, 2.00
91.00, -5.63, 2.00
90.00, -7.03, 2.00
91.00, 8.43, -2.00
91.00, 8.41, -2.00
92.00, 7.02, -2.00
93.00, 8.41, -2.00
94.00, 8.41, -2.00
94.00, 8.42, -2.00
95.00, 8.42, -2.00
96.00, 7.02, -2.00
96.00, 8.41, -2.00
96.00, -7.03, -2.00
95.00, -5.63, -2.00
95.00, -7.03, -2.00
94.00, -5.63, -2.00
94.00, -7.02, -2.00
93.00, -5.63, -2.00
92.00, -7.02, -2.00
92.00, -7.03, -2.00
91.00, -5.63, -2.00
91.00, -4.22, -2.00
91.00, 0.00, -2.00
91.00, 0.00, -2.00
91.00, 0.00, -2.00
91.00, 1.42, -2.00
91.00, 0.00, -2.00
91.00, 0.00, -2.00
91.00, 0.00, -2.00
92.00, 8.42, -2.00
93.00, 8.41, -2.00
93.00, 7.03, -2.00
94.00, 5.63, -2.00
94.00, 5.63, -2.00
95.00, 8.42, -2.00
96.00, 7.02, -2.00
96.00, 8.41, -2.00
96.00, -7.03, -2.00
95.00, -5.63, -2.00
95.00, -7.03, -2.00
94.00, -5.63, -2.00
94.00, -7.02, -2.00
93.00, -5.63, -2.00
92.00, -7.02, -2.00
92.00, -7.03, -2.00
91.00, -5.63, -2.00
91.00, -4.22, -2.00
91.00, 0.00, -2.00
91.00, -7.03, 2.00
90.00, -7.03, 2.00
90.00, -5.63, 2.00
89.00, -7.02, 2.00
89.00, -4.21, 2.00
89.00, 7.02, 2.00
90.00, 8.42, 2.00
90.00, -6.39, -2.00
90.00, -5.63, -2.00
89.00, -7.03, -2.00
89.00, -5.63, -2.00
88.00, -7.02, -2.00
88.00, -5.63, -2.00
87.00, -7.02, -2.00
86.00, -7.02, -2.00
86.00, -5.63, -2.00
85.00, -7.02, -2.00
85.00, -5.63, -2.00
84.00, -7.02, -2.00
84.00, -5.63, -2.00
83.00, -7.02, -2.00
82.00, -7.01, -2.00
82.00, -5.63, -2.00
81.00, -7.03, -2.00
81.00, -7.02, -2.00
80.00, -5.63, -2.00
79.00, -7.02, -2.00
79.00, -7.01, -2.00
78.00, -5.63, -2.00
78.00, -7.02, -2.00
77.00, -5.63, -2.00
77.00, -7.02, -2.00
76.00, -7.02, -2.00
75.00, -5.63, -2.00
75.00, -7.03, -2.00
74.00, -7.03, -2.00
74.00, -5.63, -2.00
73.00, -7.02, -2.00
73.00, -5.63, -2.00
72.00, -7.03, -2.00
71.00, -7.03, -2.00
71.00, -5.63, -2.00
70.00, -7.03, -2.00
70.00, -5.63, -2.00
69.00, -7.03, -2.00
69.00, -5.63, -2.00
68.00, -7.02, -2.00
67.00, -5.63, -2.00
65.00, -7.02, -2.00
64.00, -7.02, -2.00
63.00, -5.63, -2.00
62.00, -7.02, -2.00
62.00, -5.63, -2.00
61.00, -7.02, -2.00
60.00, -7.03, -2.00
60.00, -5.63, -2.00
59.00, -7.02, -2.00
59.00, -5.63, -2.00
58.00, -7.02, -2.00
58.00, -5.63, -2.00
57.00, -7.02, -2.00
56.00, -5.63, -2.00
54.00, -7.02, -2.00
53.00, -7.02, -2.00
52.00, -7.02, -2.00
52.00, -5.63, -2.00
51.00, -7.02, -2.00
50.00, -7.03, -2.00
50.00, -5.63, -2.00
49.00, -7.02, -2.00
49.00, -5.63, -2.00
48.00, -7.02, -2.00
48.00, -5.63, -2.00
47.00, -7.02, -2.00
46.00, -5.63, -2.00
44.00, -5.63, -2.00
44.00, -7.02, -2.00
43.00, -7.02, -2.00
43.00, -5.63, -2.00
42.00, -7.02, -2.00
42.00, -5.63, -2.00
41.00, -7.02, -2.00
40.00, -7.03, -2.00
40.00, -5.63, -2.00
39.00, -7.02, -2.00
39.00, -5.63, -2.00
38.00, -7.02, -2.00
38.00, -5.63, -2.00
37.00, -7.02, -2.00
36.00, -5.63, -2.00
36.00, -7.02, -2.00
35.00, -7.02, -2.00
35.00, -5.63, -2.00
34.00, -7.02, -2.00
34.00, -5.63, -2.00
33.00, -7.02, -2.00
32.00, -5.63, -2.00
32.00, -7.02, -2.00
31.00, -7.02, -2.00
31.00, -5.63, -2.00
30.00, -7.02, -2.00
30.00, -5.63, -2.00
29.00, -7.02, -2.00
28.00, -7.03, -2.00
28.00, -5.63, -2.00
27.00, -7.03, -2.00
27.00, -7.02, -2.00
26.00, -5.63, -2.00
25.00, -7.03, -2.00
24.00, -5.63, -2.00
23.00, -7.03, -2.00
22.00, -7.02, -2.00
22.00, -5.63, -2.00
21.00, -7.03, -2.00
21.00, -5.63, -2.00
20.00, -7.02, -2.00
20.00, -5.63, -2.00
19.00, -7.02, -2.00
19.00, -5.63, -2.00
18.00, -7.02, -2.00
17.00, -7.03, -2.00
16.00, -7.02, -2.00
16.00, -5.63, -2.00
15.00, -7.02, -2.00
15.00, -7.03, -2.00
14.00, -6.35, -2.00
14.00, -7.02, -2.00
13.00, -5.63, -2.00
13.00, -7.02, -2.00
12.00, -5.63, -2.00
11.00, -7.03, -2.00
11.00, -7.02, -2.00
10.00, -5.63, -2.00
10.00, -7.02, -2.00
9.00, -5.63, -2.00
9.00, -7.02, -2.00
8.00, -5.63, -2.00
7.00, -7.02, -2.00
7.00, -5.63, -2.00
6.00, -7.03, -2.00
6.00, -5.63, -2.00
5.00, -7.02, -2.00
5.00, -7.02, -2.00
4.00, -5.63, -2.00
3.00, -7.03, -2.00
3.00, -5.63, -2.00
2.00, -7.02, -2.00
2.00, -7.03, -2.00
1.00, -5.63, -2.00
1.00, -7.01, -2.00
0.00, -5.63, -2.00
0.00, -7.02, -2.00
0.00, -5.63, -2.00
0.00, -1.40, -2.00
0.00, 8.40, -2.00
0.00, 8.42, -2.00
1.00, 8.42, -2.00
2.00, 7.02, -2.00
2.00, 8.41, -2.00
3.00, 8.41, -2.00
4.00, 8.42, -2.00
5.00, 7.02, -2.00
5.00, 8.41, -2.00
5.00, 1.40, -2.00
5.00, -7.02, -2.00
4.00, -0.28, -2.00
3.00, -7.03, -2.00
2.00, -7.02, -2.00
2.00, -5.63, -2.00
1.00, -7.03, -2.00
1.00, -2.83, -2.00
1.00, -2.82, -2.00
1.00, 2.82, -2.00
1.00, 5.63, -2.00
2.00, 7.02, -2.00
3.00, 7.03, -2.00
3.00, 8.42, -2.00
4.00, 4.23, -2.00
4.00, 2.82, -2.00
4.00, 2.83, -2.00
4.00, 0.00, -2.00
4.00, -5.64, -2.00
3.00, -7.02, -2.00
3.00, -5.63, -2.00
2.00, -7.02, -2.00
2.00, -5.63, -2.00
1.00, -7.03, -2.00
0.00, -7.03, -2.00
0.00, -5.63, -2.00
0.00, -7.03, -2.00
0.00, 7.02, -2.00
1.00, 8.42, -2.00
1.00, 7.02, -2.00
2.00, 8.42, -2.00
3.00, 7.02, -2.00
3.00, 8.42, -2.00
4.00, 7.02, -2.00
5.00, 8.41, -2.00
5.00, 8.42, -2.00
6.00, 4.22, -2.00
5.00, -7.02, -2.00
5.00, -7.02, -2.00
4.00, -5.63, -2.00
3.00, -7.02, -2.00
3.00, -5.63, -2.00
4.00, -0.28, -2.00
3.00, -7.03, -2.00
2.00, -7.02, -2.00
2.00, -5.63, -2.00
1.00, -7.03, -2.00
1.00, -2.83, -2.00
1.00, -2.82, -2.00
1.00, 2.82, -2.00
1.00, 5.63, -2.00
2.00, 7.02, -2.00
3.00, 7.03, -2.00
3.00, 8.42, -2.00
4.00, 4.23, -2.00
4.00, 2.82, -2.00
4.00, 2.83, -2.00
4.00, 0.00, -2.00
4.00, -5.64, -2.00
3.00, -7.02, -2.00
3.00, -5.63, -2.00
2.00, -7.02, -2.00
2.00, -5.63, -2.00
1.00, -7.03, -2.00
0.00, -7.03, -2.00
0.00, -5.63, -2.00
0.00, -7.03, -2.00
0.00, 7.02, -2.00
1.00, 8.42, -2.00
1.00, 7.02, -2.00
2.00, 8.42, -2.00
3.00, 7.02, -2.00
3.00, 8.42, -2.00
4.00, 7.02, -2.00
5.00, 8.41, -2.00
5.00, 8.42, -2.00
6.00, 4.22, -2.00
5.00, -7.02, -2.00
5.00, -7.02, -2.00
4.00, -5.63, -2.00
3.00, -7.02, -2.00
3.00, -5.63, -2.00
4.00, -0.28, -2.00
3.00, -7.03, -2.00
2.00, -7.02, -2.00
2.00, -5.63, -2.00
1.00, -7.03, -2.00
1.00, -2.83, -2.00
1.00, -2.82, -2.00
1.00, 2.82, -2.00
1.00, 5.63, -2.00
2.00, 7.02, -2.00
3.00, 7.03, -2.00
3.00, 8.42, -2.00
4.00, 4.23, -2.00
4.00, 2.82, -2.00
4.00, 2.83, -2.00
4.00, 0.00, -2.00
4.00, -5.64, -2.00
3.00, -7.02, -2.00
3.00, -5.63, -2.00
2.00, -7.02, -2.00
2.00, -7.02, -2.00
2.00, -5.63, -2.00
1.00, -7.03, -2.00
1.00, -7.03, -2.00
0.00, -7.03, -2.00
0.00, -5.63, -2.00
0.00, -7.03, -2.00
0.00, 7.02, -2.00
1.00, 8.42, -2.00
1.00, 7.02, -2.00
2.00, 8.42, -2.00
3.00, 7.02, -2.00
3.00, 8.42, -2.00
4.00, 7.02, -2.00
5.00, 8.41, -2.00
5.00, 8.42, -2.00
6.00, 4.22, -2.00
6.00, 4.22, -2.00
5.00, -7.02, -2.00
5.00, -7.02, -2.00
4.00, -5.63, -2.00
3.00, -7.02, -2.00
3.00, -5.63, -2.00
2.00, -7.02, -2.00
2.00, -5.63, -2.00
1.00, -7.03, -2.00
1.00, -7.03, -2.00
0.00, -7.03, -2.00
0.00, -5.63, -2.00
0.00, -7.03, -2.00