9.15
11.15
12.45
11.08
12.45
28.43
183.09
183.12
183.23
184.41
183.42
184.30
183.12
183.05
183.34
184.70
185.48
185.66
184.34
183.23
183.23
182.98
183.27
183.27
183.27
183.27
183.94
183.27
183.09
184.20
185.19
186.29
186.47
183.09
183.34
183.16
183.23
183.27
183.27
184.12
190.55
190.76
188.52
189.57
190.59
187.68
186.65
187.61
186.65
183.76
183.27
183.27
184.12
183.09
183.98
183.12
183.23
183.34
183.27
183.27
184.12
184.12
184.12
184.16
184.12
185.41
185.19
183.38
183.37
183.27
183.23
186.69
187.46
187.54
187.75
190.73
189.71
190.59
190.52
183.27
182.87
189.82
190.37
189.75
188.37
183.09
182.23
183.23
184.34
184.12
184.70
184.38
185.62
185.45
185.73
185.45
183.09
183.12
183.27
184.30
183.52
184.42
184.34
184.34
183.38
183.37
184.09
183.30
182.94
183.09
183.30
185.45
184.34
185.86
184.20
185.37
184.16
184.34
184.34
183.05
183.12
183.34
186.29
189.71
190.55
190.55
186.65
184.73
184.59
184.63
184.34
183.45
183.05
183.16
184.30
186.72
185.41
186.09
185.45
183.16
183.27
183.05
185.97
186.47
186.47
186.47
183.27
183.27
183.27
183.27
184.34
184.12
183.05
183.34
183.34
183.27
183.05
183.12
183.27
183.23
184.34
189.54
188.73
189.61
186.65
184.42
184.70
185.48
184.30
184.20
184.16
183.16
183.23
183.27
183.27
188.70
190.59
189.75
190.55
190.27
190.16
189.71
185.23
183.23
183.05
183.16
183.27
190.55
189.71
189.79
189.75
186.65
187.54
187.68
186.58
183.27
183.27
183.23
183.27
189.71
190.76
189.61
190.55
185.86
186.29
187.35
186.29
183.09
183.30
183.12
183.23
184.12
184.12
183.09
184.66
183.16
183.27
183.27
183.23
184.34
184.12
184.16
184.59
184.49
184.63
185.62
184.49
185.66
182.15
183.27
183.27
183.27
190.44
190.55
190.20
190.55
183.27
183.27
183.27
183.23
184.34
184.09
183.56
184.30
183.12
183.05
183.16
183.23
186.65
183.16
183.23
38
0.00
1.38
1.38
0.00
1.38
1.38
0.00
1.38
1.38
0.00
1.38
1.37
1.38
0.00
1.38
1.38
0.00
1.38
1.38
1.38
0.00
1.38
1.37
1.38
0.00
1.38
1.38
0.00
1.38
1.38
1.38
0.00
1.38
1.38
0.00
1.38
1.38
1.38
0.00
1.38
1.37
1.38
0.00
1.38
1.38
1.38
0.00
1.38
1.38
1.38
0.00
1.38
1.38
1.38
0.00
1.38
1.38
1.38
0.00
1.38
1.38
0.00
1.38
1.38
0.00
1.38
1.38
0.00
1.38
1.37
0.00
1.38
1.38
0.00
1.38
1.38
1.38
0.00
1.38
1.38
1.38
1.38
1.38
1.38
1.38
0.00
1.38
1.38
1.38
0.00
1.38
1.38
1.38
0.00
1.38
1.38
0.00
1.38
1.37
0.00
1.38
1.38
1.38
0.00
1.38
1.38
0.00
1.38
1.38
0.00
1.38
1.38
1.38
0.00
1.38
1.38
1.38
0.00
1.38
1.38
1.38
1.38
1.38
1.38
1.38
1.38
1.38
0.00
1.38
1.37
1.38
0.00
1.38
1.38
1.38
0.00
1.38
1.38
1.38
0.00
1.38
1.38
0.00
1.38
1.38
1.38
0.00
1.38
1.38
0.00
1.38
1.38
1.38
0.00
1.38
1.38
1.37
0.00
1.38
1.38
0.00
1.38
1.38
0.00
1.38
1.38
0.00
1.38
1.38
0.00
1.38
1.38
1.38
0.00
1.38
1.38
0.00
1.38
1.38
1.37
0.00
1.38
1.37
0.00
1.38
1.38
1.38
0.00
1.38
1.38
0.00
1.38
1.38
0.00
1.38
1.38
1.38
0.00
1.38
1.38
1.38
0.00
1.38
1.38
1.38
0.00
1.38
1.38
0.00
1.38
1.38
1.37
0.00
1.38
1.38
0.00
1.38
1.38
0.00
1.38
1.38
1.38
0.00
1.38
1.38
1.38
0.00
1.38
1.38
2.75
2.75
2.75
2.75
0.00
1.38
1.38
0.00
1.38
1.37
0.00
1.38
1.38
1.38
0.00
1.38
1.38
1.38
0.00
1.38
1.38