8.59
7.63
7.63
8.59
12.40
65.84
65.84
63.93
66.79
66.79
65.84
65.84
64.89
66.79
63.93
66.79
65.84
64.89
66.79
63.93
64.89
65.84
64.89
65.84
66.79
66.79
65.84
66.79
66.79
65.84
66.79
65.84
66.79
65.84
66.79
65.84
66.79
65.84
66.79
63.93
66.79
65.84
66.79
66.79
65.84
65.84
65.84
65.84
66.79
65.84
66.79
65.84
66.79
65.84
66.79
65.84
66.79
63.93
65.84
65.84
65.84
65.84
64.89
66.79
66.79
65.84
66.79
67.75
69.66
70.61
70.61
70.61
68.70
65.84
66.79
65.84
66.79
69.66
71.56
71.56
71.56
72.52
67.75
65.84
66.79
63.93
65.84
66.79
65.84
66.79
65.84
66.79
65.84
64.89
65.84
64.89
65.84
66.79
65.84
66.79
65.84
66.79
70.61
71.56
71.56
71.56
71.56
66.79
66.79
66.79
66.79
66.79
68.70
67.75
67.75
67.75
67.75
66.79
66.79
66.79
65.84
66.79
65.84
64.89
66.79
65.84
66.79
63.93
66.79
65.84
66.79
65.84
64.89
66.79
65.84
66.79
66.79
66.79
66.79
65.84
64.89
65.84
64.89
65.84
65.84
65.84
66.79
65.84
64.89
65.84
66.79
63.93
65.84
64.89
65.84
66.79
66.79
65.84
66.79
65.84
66.79
66.79
72.52
72.52
72.52
72.52
71.56
66.79
67.75
66.79
65.84
66.79
65.84
66.79
65.84
66.79
65.84
66.79
65.84
64.89
64.89
64.89
64.89
66.79
63.93
66.79
63.93
66.79
64.89
65.84
64.89
66.79
66.79
65.84
65.84
65.84
66.79
66.79
66.79
66.79
65.84
66.79
65.84
66.79
65.84
66.79
65.84
65.84
66.79
65.84
66.79
65.84
66.79
65.84
66.79
65.84
66.79
65.84
66.79
66.79
66.79
67.75
67.75
68.70
67.75
64.89
66.79
65.84
66.79
66.79
65.84
66.79
65.84
66.79
65.84
66.79
66.79
66.79
67.75
67.75
68.70
67.75
64.89
66.79
65.84
66.79
67.75
21.95
64.89
66.79
2.86
1.91
2.86
2.86
0.95
0.95
0.00
0.95
0.95
0.95
0.00
0.95
0.95
0.95
0.00
0.95
0.95
0.00
0.95
0.95
0.00
0.95
0.95
0.00
0.95
0.95
0.95
0.00
0.95
0.95
0.00
0.95
0.95
0.00
0.95
0.95
0.95
0.00
0.95
0.95
0.95
0.00
0.95
0.95
0.95
0.00
0.95
0.95
0.95
0.00
0.95
0.95
0.95
0.00
0.95
0.95
0.00
0.95
0.95
0.95
0.00
0.95
0.95
0.95
0.00
0.95
0.95
0.95
0.00
0.95
0.95
0.95
0.00
0.95
0.95
0.00
0.95
0.95
0.00
0.95
0.95
0.00
0.95
0.00
0.95
0.95
0.00
0.95
0.95
0.00
0.95
0.95
0.95
0.00
0.95
0.95
0.95
0.00
0.95
0.95
0.00
0.95
0.95
0.95
0.00
0.95
0.95
0.00
0.95
0.00
0.95
0.95
0.00
0.95
0.95
0.00
0.95
0.95
0.00
0.95
0.95
0.00
0.95
0.00
0.95
0.95
0.00
0.95
0.95
0.00
0.95
0.95
0.00
0.95
0.95
0.95
0.00
0.95
0.95
0.95
0.00
0.95
0.95
0.95
0.00
0.95
0.95
0.95
0.00
0.95
0.95
0.95
0.00
0.95
0.95
0.00
0.95
0.95
0.95
0.95
0.00
0.95
0.95
0.00
0.95
0.95
0.95
0.00
0.95
0.95
0.95
0.95
0.00
0.95
0.95
0.95
0.00
0.95
0.95
0.00
0.95
0.95
0.95
0.00
0.95
0.95
0.95
0.00
0.95
0.95
0.95
0.00
0.95
0.95
0.95
0.00
0.95
0.95
0.95
0.00
0.95
0.95
0.95
0.00
0.95
0.95
0.95
0.00
0.95
0.95
0.00
0.95
0.95
0.95
0.00
0.95
0.95
1.91
0.95
0.95
0.95
0.00
0.95
0.95
0.95
0.00
0.95
0.95
0.95
0.00
0.95
0.95
0.00
0.95
0.95
0.95
0.00
0.95
0.95
0.95
0.00
0.95
0.95
0.95
0.00
0.95
0.00
0.95
0.95
0.00